# Target: pinch
# Dominant_Vision: Open Hand
-6.0 -2.0 0.0 -8.0 0.0 0.0
-6.0 0.0 0.0 -8.0 6.0 0.0
-6.0 0.0 0.0 -8.0 6.0 8.0
-6.0 0.0 -2.0 -6.0 10.0 8.0
-2.0 0.0 -2.0 -6.0 14.0 4.0
-10.0 -2.0 -2.0 -8.0 14.0 4.0
-12.0 -2.0 -2.0 -8.0 12.0 6.0
-12.0 -2.0 4.0 -12.0 10.0 8.0
-6.0 2.0 0.0 -4.0 8.0 8.0
-6.0 8.0 0.0 -4.0 6.0 4.0
-6.0 8.0 0.0 -4.0 4.0 2.0
-6.0 4.0 -2.0 -8.0 4.0 -2.0
-8.0 0.0 6.0 -8.0 4.0 2.0
-2.0 0.0 -2.0 -8.0 4.0 6.0
-2.0 0.0 -4.0 -10.0 4.0 8.0
-2.0 4.0 -4.0 -10.0 6.0 8.0
0.0 6.0 2.0 -2.0 6.0 0.0
-4.0 6.0 2.0 -2.0 6.0 0.0
-10.0 0.0 2.0 -2.0 12.0 2.0
-10.0 0.0 2.0 -10.0 12.0 6.0
0.0 2.0 0.0 -2.0 8.0 6.0
0.0 4.0 -8.0 -6.0 8.0 6.0
0.0 6.0 -4.0 -6.0 8.0 8.0
0.0 6.0 -4.0 -22.0 8.0 8.0
2.0 6.0 -4.0 -24.0 8.0 6.0
4.0 2.0 2.0 -24.0 8.0 4.0
2.0 2.0 2.0 -24.0 8.0 4.0
2.0 -2.0 4.0 -24.0 8.0 4.0
2.0 -2.0 4.0 -28.0 8.0 6.0
4.0 -2.0 4.0 -32.0 12.0 6.0
4.0 6.0 2.0 -32.0 12.0 0.0
8.0 6.0 2.0 -26.0 10.0 0.0
18.0 0.0 4.0 -20.0 8.0 10.0
10.0 -2.0 6.0 -18.0 10.0 10.0
12.0 0.0 6.0 -18.0 8.0 10.0
12.0 -6.0 2.0 -18.0 12.0 8.0
16.0 6.0 0.0 -20.0 10.0 4.0
26.0 6.0 0.0 -16.0 12.0 4.0
50.0 8.0 0.0 -12.0 16.0 6.0
74.0 8.0 0.0 -12.0 16.0 8.0
100.0 12.0 0.0 -2.0 22.0 6.0
100.0 8.0 8.0 0.0 22.0 6.0
100.0 16.0 8.0 4.0 20.0 0.0
100.0 12.0 8.0 20.0 20.0 6.0
100.0 12.0 8.0 22.0 20.0 6.0
100.0 12.0 6.0 42.0 28.0 6.0
100.0 12.0 12.0 76.0 30.0 6.0
100.0 6.0 14.0 100.0 34.0 2.0
100.0 4.0 14.0 100.0 34.0 6.0
100.0 4.0 12.0 100.0 34.0 8.0
100.0 4.0 12.0 100.0 40.0 8.0
100.0 0.0 12.0 100.0 42.0 10.0
100.0 -2.0 22.0 100.0 42.0 8.0
100.0 -2.0 22.0 100.0 44.0 8.0
100.0 -2.0 28.0 100.0 46.0 8.0
100.0 4.0 32.0 100.0 48.0 8.0
100.0 -2.0 34.0 100.0 50.0 8.0
100.0 4.0 40.0 100.0 52.0 10.0
100.0 -6.0 40.0 100.0 54.0 14.0
100.0 4.0 32.0 100.0 58.0 14.0
100.0 0.0 32.0 100.0 58.0 8.0
100.0 0.0 38.0 100.0 58.0 6.0
100.0 -6.0 40.0 100.0 58.0 6.0
100.0 -6.0 38.0 100.0 58.0 4.0
100.0 -2.0 38.0 100.0 58.0 6.0
100.0 0.0 38.0 100.0 58.0 10.0
100.0 0.0 38.0 100.0 58.0 10.0
100.0 0.0 44.0 100.0 58.0 6.0
100.0 -2.0 44.0 100.0 58.0 6.0
100.0 -2.0 44.0 100.0 58.0 8.0
100.0 -8.0 44.0 100.0 58.0 8.0
100.0 -8.0 44.0 100.0 58.0 4.0
100.0 -2.0 42.0 100.0 52.0 2.0
100.0 4.0 36.0 100.0 56.0 4.0
100.0 4.0 36.0 100.0 52.0 8.0
100.0 0.0 40.0 100.0 56.0 10.0
100.0 0.0 40.0 100.0 60.0 10.0
100.0 0.0 40.0 100.0 68.0 4.0
100.0 0.0 44.0 100.0 78.0 4.0
100.0 2.0 44.0 100.0 80.0 2.0
100.0 2.0 44.0 100.0 84.0 2.0
100.0 2.0 46.0 100.0 90.0 2.0
100.0 6.0 46.0 100.0 84.0 4.0
100.0 10.0 50.0 100.0 90.0 0.0
100.0 16.0 50.0 100.0 80.0 6.0
100.0 16.0 44.0 100.0 78.0 6.0
100.0 20.0 44.0 100.0 66.0 6.0
100.0 20.0 36.0 100.0 60.0 0.0
100.0 12.0 22.0 100.0 58.0 0.0
100.0 12.0 20.0 100.0 38.0 2.0
100.0 12.0 10.0 100.0 36.0 2.0
100.0 4.0 10.0 100.0 32.0 4.0
100.0 4.0 18.0 100.0 32.0 2.0
100.0 4.0 18.0 100.0 32.0 2.0
100.0 4.0 14.0 100.0 28.0 2.0
100.0 4.0 14.0 94.0 28.0 4.0
100.0 4.0 10.0 84.0 28.0 4.0
100.0 4.0 4.0 82.0 26.0 4.0
100.0 4.0 4.0 76.0 24.0 2.0
100.0 8.0 10.0 68.0 24.0 4.0
100.0 4.0 14.0 64.0 24.0 4.0
100.0 4.0 14.0 62.0 26.0 4.0
100.0 4.0 12.0 60.0 26.0 -4.0
100.0 12.0 12.0 62.0 16.0 -4.0
100.0 12.0 12.0 62.0 16.0 8.0
100.0 10.0 12.0 62.0 22.0 8.0
96.0 8.0 12.0 50.0 24.0 2.0
90.0 6.0 4.0 46.0 24.0 -2.0
90.0 2.0 4.0 42.0 16.0 -2.0
92.0 0.0 12.0 42.0 16.0 -2.0
92.0 0.0 12.0 40.0 12.0 6.0
86.0 0.0 12.0 36.0 12.0 6.0
84.0 4.0 12.0 34.0 14.0 2.0
84.0 4.0 12.0 34.0 18.0 -4.0
82.0 2.0 10.0 28.0 16.0 2.0
80.0 2.0 6.0 28.0 16.0 6.0
80.0 0.0 6.0 38.0 14.0 6.0
64.0 -4.0 12.0 38.0 14.0 4.0
64.0 -4.0 12.0 28.0 14.0 4.0
64.0 2.0 10.0 22.0 14.0 2.0
66.0 6.0 10.0 22.0 14.0 0.0
66.0 6.0 14.0 22.0 14.0 0.0
66.0 6.0 14.0 22.0 18.0 0.0
60.0 0.0 10.0 24.0 16.0 0.0
60.0 0.0 10.0 18.0 16.0 0.0
58.0 0.0 12.0 26.0 14.0 0.0
60.0 0.0 12.0 20.0 14.0 2.0
60.0 4.0 6.0 20.0 22.0 4.0
60.0 8.0 6.0 20.0 24.0 4.0
62.0 4.0 2.0 20.0 22.0 4.0
62.0 2.0 6.0 20.0 16.0 0.0
62.0 2.0 8.0 20.0 16.0 0.0
62.0 4.0 12.0 14.0 16.0 10.0
60.0 4.0 12.0 12.0 14.0 10.0
62.0 4.0 12.0 12.0 12.0 4.0
64.0 -2.0 12.0 12.0 12.0 4.0
64.0 -6.0 12.0 14.0 10.0 4.0
66.0 -2.0 6.0 14.0 12.0 4.0
54.0 2.0 4.0 14.0 12.0 4.0
64.0 2.0 4.0 16.0 16.0 2.0
56.0 10.0 10.0 18.0 16.0 0.0
60.0 0.0 10.0 20.0 12.0 -2.0
60.0 4.0 10.0 22.0 12.0 0.0
60.0 0.0 14.0 22.0 12.0 2.0
58.0 2.0 14.0 20.0 16.0 2.0
58.0 2.0 14.0 14.0 16.0 2.0
60.0 2.0 12.0 20.0 16.0 2.0
60.0 0.0 8.0 20.0 18.0 6.0
58.0 0.0 12.0 20.0 18.0 6.0
58.0 0.0 8.0 20.0 16.0 6.0
58.0 2.0 8.0 18.0 14.0 6.0
64.0 -4.0 8.0 18.0 10.0 8.0
58.0 2.0 4.0 16.0 14.0 6.0
64.0 -4.0 12.0 18.0 10.0 6.0
60.0 6.0 4.0 18.0 10.0 4.0
60.0 4.0 2.0 18.0 10.0 4.0
56.0 4.0 2.0 18.0 12.0 2.0
56.0 -2.0 8.0 18.0 16.0 4.0
58.0 -2.0 8.0 20.0 16.0 4.0
62.0 6.0 8.0 16.0 12.0 12.0
62.0 6.0 4.0 22.0 10.0 12.0
62.0 6.0 4.0 20.0 10.0 2.0
62.0 0.0 6.0 22.0 10.0 0.0
62.0 6.0 12.0 20.0 14.0 0.0
58.0 2.0 12.0 20.0 14.0 6.0
62.0 2.0 8.0 16.0 14.0 8.0
62.0 2.0 8.0 20.0 12.0 6.0
62.0 2.0 8.0 16.0 14.0 -2.0
62.0 0.0 8.0 20.0 16.0 -2.0
60.0 -2.0 8.0 20.0 18.0 2.0
60.0 -6.0 10.0 20.0 20.0 2.0
60.0 -6.0 6.0 24.0 18.0 6.0
56.0 -4.0 10.0 10.0 20.0 6.0
56.0 2.0 8.0 20.0 10.0 6.0
56.0 -4.0 8.0 14.0 6.0 4.0
56.0 4.0 8.0 20.0 6.0 4.0
58.0 2.0 16.0 20.0 10.0 6.0
60.0 6.0 16.0 20.0 10.0 6.0
60.0 8.0 10.0 20.0 8.0 6.0
62.0 10.0 10.0 16.0 8.0 4.0
62.0 8.0 10.0 16.0 10.0 6.0
64.0 0.0 6.0 14.0 12.0 4.0
60.0 0.0 6.0 14.0 12.0 -2.0
64.0 0.0 6.0 14.0 10.0 -2.0
56.0 2.0 4.0 18.0 8.0 6.0
60.0 0.0 4.0 18.0 8.0 6.0
58.0 0.0 8.0 10.0 14.0 2.0
60.0 0.0 10.0 10.0 14.0 2.0
58.0 0.0 8.0 0.0 10.0 -2.0
54.0 2.0 6.0 6.0 10.0 4.0
54.0 4.0 6.0 0.0 10.0 4.0
58.0 4.0 6.0 6.0 14.0 4.0
58.0 2.0 12.0 16.0 12.0 8.0
58.0 0.0 10.0 16.0 12.0 4.0
56.0 0.0 10.0 12.0 12.0 8.0
58.0 2.0 10.0 4.0 14.0 4.0
64.0 2.0 10.0 12.0 14.0 6.0
64.0 0.0 10.0 4.0 14.0 6.0
62.0 0.0 12.0 12.0 14.0 6.0
56.0 0.0 12.0 8.0 14.0 6.0
56.0 0.0 16.0 12.0 14.0 6.0
56.0 0.0 14.0 12.0 16.0 4.0
60.0 4.0 14.0 12.0 16.0 0.0
62.0 4.0 8.0 8.0 14.0 0.0
62.0 4.0 2.0 8.0 14.0 4.0
62.0 4.0 2.0 20.0 14.0 4.0
56.0 0.0 2.0 20.0 14.0 4.0
58.0 0.0 4.0 10.0 12.0 6.0
54.0 6.0 4.0 10.0 10.0 6.0
58.0 6.0 6.0 16.0 10.0 6.0
58.0 12.0 8.0 16.0 10.0 6.0
58.0 4.0 8.0 16.0 10.0 6.0
58.0 2.0 8.0 10.0 10.0 6.0
58.0 2.0 12.0 8.0 10.0 4.0
56.0 4.0 14.0 4.0 10.0 4.0
56.0 6.0 14.0 4.0 10.0 4.0
58.0 6.0 12.0 8.0 12.0 4.0
58.0 -2.0 12.0 8.0 12.0 0.0
58.0 -2.0 6.0 2.0 12.0 8.0
60.0 0.0 6.0 2.0 8.0 8.0
52.0 2.0 6.0 4.0 8.0 8.0
44.0 0.0 10.0 8.0 12.0 6.0
44.0 4.0 14.0 8.0 12.0 4.0
56.0 0.0 14.0 6.0 10.0 4.0
62.0 4.0 14.0 6.0 10.0 4.0
56.0 0.0 10.0 10.0 10.0 4.0
62.0 2.0 6.0 10.0 16.0 6.0
56.0 -4.0 2.0 10.0 16.0 6.0
