# Target: pinch
# Dominant_Vision: Open Hand
4.0 4.0 10.0 2.0 6.0 0.0
0.0 4.0 8.0 2.0 12.0 0.0
-2.0 10.0 8.0 4.0 12.0 2.0
-4.0 10.0 8.0 2.0 16.0 2.0
-4.0 8.0 8.0 2.0 12.0 10.0
0.0 6.0 6.0 0.0 12.0 10.0
0.0 6.0 8.0 0.0 12.0 10.0
0.0 4.0 6.0 0.0 12.0 8.0
6.0 4.0 6.0 2.0 12.0 8.0
6.0 6.0 4.0 2.0 12.0 10.0
-4.0 6.0 6.0 4.0 12.0 10.0
-4.0 2.0 8.0 2.0 10.0 6.0
-10.0 2.0 12.0 4.0 10.0 6.0
-4.0 6.0 8.0 2.0 10.0 6.0
4.0 6.0 12.0 4.0 12.0 10.0
6.0 6.0 2.0 4.0 12.0 8.0
4.0 8.0 10.0 4.0 12.0 10.0
2.0 10.0 6.0 4.0 12.0 12.0
2.0 8.0 6.0 4.0 10.0 12.0
0.0 4.0 2.0 4.0 14.0 6.0
0.0 4.0 2.0 2.0 16.0 6.0
0.0 8.0 6.0 2.0 16.0 0.0
2.0 8.0 8.0 2.0 12.0 10.0
2.0 6.0 6.0 0.0 8.0 8.0
2.0 6.0 12.0 0.0 6.0 8.0
4.0 4.0 2.0 10.0 8.0 2.0
6.0 4.0 0.0 10.0 8.0 2.0
8.0 8.0 0.0 6.0 8.0 2.0
8.0 8.0 10.0 6.0 14.0 8.0
10.0 6.0 10.0 4.0 12.0 8.0
14.0 6.0 4.0 4.0 14.0 8.0
24.0 6.0 4.0 4.0 14.0 8.0
36.0 6.0 4.0 0.0 16.0 8.0
50.0 6.0 8.0 12.0 18.0 6.0
52.0 2.0 8.0 18.0 18.0 6.0
64.0 6.0 8.0 22.0 16.0 6.0
64.0 6.0 8.0 22.0 16.0 6.0
92.0 14.0 8.0 28.0 12.0 4.0
100.0 14.0 12.0 30.0 16.0 6.0
100.0 14.0 14.0 36.0 16.0 4.0
100.0 14.0 22.0 38.0 20.0 8.0
100.0 26.0 24.0 54.0 22.0 8.0
100.0 26.0 22.0 84.0 28.0 8.0
100.0 22.0 22.0 100.0 30.0 6.0
100.0 16.0 20.0 100.0 42.0 6.0
100.0 16.0 20.0 100.0 46.0 10.0
100.0 14.0 32.0 100.0 46.0 10.0
100.0 14.0 36.0 100.0 46.0 6.0
100.0 8.0 36.0 100.0 56.0 6.0
100.0 8.0 36.0 100.0 58.0 14.0
100.0 6.0 38.0 100.0 60.0 14.0
100.0 6.0 48.0 100.0 60.0 14.0
100.0 4.0 50.0 100.0 60.0 12.0
100.0 4.0 50.0 100.0 68.0 10.0
100.0 4.0 50.0 100.0 68.0 10.0
100.0 6.0 46.0 100.0 66.0 6.0
100.0 6.0 48.0 100.0 62.0 6.0
100.0 6.0 48.0 100.0 62.0 4.0
100.0 10.0 48.0 100.0 62.0 12.0
100.0 10.0 50.0 100.0 70.0 4.0
100.0 8.0 50.0 100.0 74.0 12.0
100.0 4.0 54.0 100.0 70.0 12.0
100.0 4.0 50.0 100.0 72.0 14.0
100.0 4.0 50.0 100.0 64.0 14.0
100.0 10.0 50.0 100.0 70.0 12.0
100.0 10.0 48.0 100.0 70.0 12.0
100.0 10.0 52.0 100.0 72.0 6.0
100.0 6.0 58.0 100.0 72.0 6.0
100.0 6.0 58.0 100.0 72.0 12.0
100.0 6.0 58.0 100.0 72.0 12.0
100.0 4.0 60.0 100.0 68.0 12.0
100.0 2.0 60.0 100.0 68.0 12.0
100.0 4.0 60.0 100.0 68.0 10.0
100.0 2.0 62.0 100.0 68.0 6.0
100.0 0.0 62.0 100.0 66.0 6.0
100.0 0.0 58.0 100.0 68.0 6.0
100.0 0.0 58.0 100.0 68.0 6.0
100.0 2.0 58.0 100.0 68.0 6.0
100.0 6.0 60.0 100.0 68.0 6.0
100.0 2.0 62.0 100.0 82.0 4.0
100.0 6.0 62.0 100.0 84.0 4.0
100.0 10.0 64.0 100.0 84.0 4.0
100.0 16.0 62.0 100.0 84.0 0.0
100.0 16.0 62.0 100.0 76.0 0.0
100.0 18.0 60.0 100.0 72.0 0.0
100.0 20.0 58.0 100.0 68.0 2.0
100.0 20.0 38.0 100.0 68.0 4.0
100.0 18.0 38.0 100.0 62.0 6.0
100.0 18.0 38.0 100.0 46.0 4.0
100.0 16.0 38.0 100.0 44.0 6.0
100.0 16.0 28.0 100.0 42.0 -4.0
100.0 16.0 24.0 100.0 38.0 6.0
100.0 14.0 24.0 100.0 38.0 2.0
100.0 16.0 24.0 100.0 36.0 10.0
100.0 10.0 24.0 100.0 36.0 2.0
100.0 12.0 22.0 100.0 34.0 10.0
100.0 10.0 16.0 100.0 32.0 10.0
100.0 12.0 16.0 100.0 34.0 12.0
100.0 16.0 20.0 100.0 36.0 10.0
100.0 16.0 22.0 100.0 36.0 4.0
100.0 16.0 28.0 100.0 36.0 4.0
100.0 18.0 28.0 100.0 28.0 4.0
100.0 18.0 28.0 100.0 28.0 4.0
100.0 18.0 24.0 100.0 32.0 8.0
100.0 14.0 22.0 100.0 32.0 8.0
100.0 6.0 24.0 100.0 34.0 8.0
100.0 12.0 24.0 100.0 30.0 0.0
100.0 10.0 24.0 100.0 30.0 6.0
100.0 10.0 24.0 100.0 28.0 6.0
100.0 10.0 20.0 100.0 24.0 6.0
100.0 16.0 18.0 100.0 20.0 6.0
100.0 16.0 20.0 100.0 18.0 6.0
100.0 10.0 26.0 100.0 16.0 10.0
100.0 10.0 26.0 100.0 18.0 10.0
100.0 10.0 18.0 100.0 18.0 10.0
100.0 10.0 18.0 100.0 20.0 2.0
100.0 6.0 26.0 100.0 22.0 2.0
100.0 6.0 26.0 100.0 26.0 8.0
100.0 6.0 24.0 100.0 26.0 8.0
100.0 14.0 18.0 100.0 18.0 10.0
100.0 14.0 24.0 100.0 18.0 4.0
100.0 14.0 22.0 96.0 20.0 8.0
100.0 12.0 22.0 92.0 22.0 4.0
100.0 6.0 14.0 92.0 22.0 4.0
100.0 6.0 14.0 92.0 26.0 4.0
100.0 6.0 26.0 92.0 20.0 6.0
100.0 6.0 26.0 92.0 20.0 6.0
100.0 6.0 24.0 92.0 20.0 2.0
100.0 6.0 24.0 94.0 20.0 2.0
100.0 6.0 24.0 94.0 16.0 2.0
100.0 8.0 24.0 94.0 16.0 6.0
100.0 12.0 26.0 92.0 14.0 6.0
100.0 12.0 24.0 90.0 16.0 8.0
100.0 12.0 24.0 86.0 16.0 8.0
100.0 6.0 24.0 86.0 22.0 8.0
100.0 12.0 24.0 84.0 22.0 8.0
100.0 12.0 26.0 80.0 22.0 8.0
100.0 12.0 24.0 80.0 16.0 8.0
100.0 12.0 28.0 82.0 20.0 8.0
100.0 8.0 28.0 82.0 18.0 8.0
100.0 6.0 28.0 76.0 20.0 6.0
100.0 6.0 24.0 74.0 24.0 6.0
100.0 6.0 24.0 74.0 24.0 2.0
100.0 12.0 24.0 74.0 24.0 6.0
100.0 6.0 24.0 78.0 16.0 6.0
100.0 12.0 22.0 80.0 16.0 6.0
100.0 12.0 22.0 80.0 16.0 6.0
100.0 12.0 28.0 78.0 22.0 6.0
100.0 14.0 28.0 76.0 18.0 6.0
100.0 8.0 28.0 72.0 20.0 8.0
100.0 14.0 24.0 72.0 18.0 12.0
100.0 8.0 16.0 74.0 18.0 8.0
100.0 6.0 16.0 74.0 18.0 8.0
100.0 4.0 20.0 74.0 18.0 4.0
100.0 4.0 20.0 74.0 14.0 4.0
100.0 6.0 20.0 72.0 14.0 4.0
100.0 6.0 22.0 72.0 16.0 6.0
100.0 10.0 22.0 70.0 16.0 4.0
100.0 10.0 18.0 74.0 14.0 4.0
100.0 10.0 18.0 70.0 14.0 4.0
100.0 4.0 18.0 68.0 14.0 4.0
100.0 4.0 26.0 64.0 16.0 4.0
100.0 4.0 16.0 66.0 8.0 2.0
100.0 8.0 20.0 64.0 16.0 0.0
100.0 10.0 20.0 62.0 12.0 2.0
100.0 16.0 28.0 62.0 12.0 8.0
100.0 10.0 28.0 68.0 12.0 8.0
100.0 10.0 20.0 68.0 16.0 8.0
100.0 10.0 20.0 60.0 18.0 8.0
100.0 10.0 20.0 60.0 18.0 6.0
98.0 10.0 20.0 70.0 18.0 6.0
94.0 10.0 28.0 70.0 18.0 8.0
90.0 10.0 28.0 64.0 24.0 10.0
94.0 8.0 28.0 58.0 24.0 8.0
90.0 8.0 18.0 62.0 20.0 8.0
92.0 6.0 18.0 58.0 16.0 8.0
90.0 6.0 18.0 62.0 16.0 8.0
90.0 6.0 22.0 64.0 18.0 6.0
90.0 6.0 22.0 64.0 18.0 6.0
90.0 10.0 24.0 64.0 14.0 10.0
94.0 6.0 28.0 64.0 14.0 10.0
92.0 6.0 28.0 64.0 16.0 2.0
96.0 6.0 28.0 56.0 18.0 2.0
92.0 6.0 24.0 56.0 18.0 2.0
92.0 2.0 24.0 56.0 16.0 -2.0
92.0 2.0 22.0 58.0 16.0 4.0
92.0 10.0 22.0 60.0 18.0 4.0
94.0 10.0 22.0 60.0 18.0 4.0
96.0 4.0 22.0 60.0 18.0 14.0
96.0 4.0 24.0 58.0 18.0 14.0
96.0 -2.0 26.0 60.0 18.0 12.0
84.0 6.0 26.0 60.0 12.0 10.0
84.0 4.0 24.0 62.0 12.0 6.0
98.0 6.0 24.0 62.0 12.0 4.0
98.0 6.0 20.0 62.0 16.0 0.0
96.0 6.0 20.0 56.0 20.0 0.0
90.0 6.0 20.0 64.0 20.0 6.0
90.0 6.0 20.0 54.0 20.0 6.0
90.0 4.0 20.0 54.0 20.0 2.0
80.0 4.0 26.0 54.0 20.0 2.0
80.0 12.0 26.0 60.0 16.0 2.0
84.0 12.0 22.0 64.0 16.0 4.0
90.0 12.0 22.0 64.0 14.0 6.0
92.0 10.0 26.0 54.0 14.0 12.0
92.0 10.0 26.0 54.0 14.0 12.0
88.0 10.0 24.0 54.0 14.0 6.0
88.0 10.0 20.0 54.0 12.0 6.0
88.0 10.0 24.0 54.0 12.0 6.0
90.0 10.0 24.0 52.0 10.0 6.0
90.0 12.0 24.0 54.0 10.0 6.0
90.0 12.0 28.0 54.0 10.0 6.0
90.0 6.0 24.0 54.0 20.0 6.0
88.0 6.0 28.0 54.0 20.0 8.0
88.0 6.0 24.0 54.0 20.0 8.0
86.0 8.0 22.0 58.0 20.0 8.0
86.0 8.0 22.0 58.0 14.0 6.0
86.0 8.0 24.0 52.0 14.0 6.0
90.0 8.0 24.0 52.0 16.0 10.0
92.0 8.0 22.0 48.0 16.0 10.0
90.0 8.0 22.0 54.0 16.0 8.0
84.0 6.0 24.0 48.0 16.0 6.0
84.0 8.0 24.0 50.0 16.0 8.0
82.0 2.0 24.0 48.0 14.0 8.0
90.0 4.0 24.0 48.0 14.0 8.0
88.0 4.0 26.0 48.0 14.0 8.0
90.0 4.0 26.0 50.0 14.0 6.0
90.0 10.0 24.0 54.0 14.0 6.0
92.0 2.0 24.0 54.0 14.0 6.0
92.0 12.0 18.0 54.0 14.0 6.0
86.0 14.0 20.0 52.0 14.0 10.0
86.0 14.0 20.0 52.0 16.0 2.0
