# Target: pinch
# Dominant_Vision: Open Hand
2.0 -6.0 6.0 0.0 0.0 0.0
8.0 -6.0 12.0 0.0 4.0 0.0
8.0 -6.0 12.0 -2.0 4.0 0.0
8.0 -4.0 6.0 0.0 4.0 4.0
8.0 0.0 6.0 0.0 4.0 4.0
8.0 0.0 14.0 2.0 4.0 4.0
8.0 4.0 14.0 4.0 4.0 4.0
4.0 4.0 8.0 4.0 4.0 6.0
4.0 0.0 4.0 -2.0 4.0 4.0
6.0 -2.0 4.0 -2.0 4.0 6.0
8.0 -2.0 4.0 -4.0 6.0 4.0
8.0 -2.0 10.0 -16.0 2.0 2.0
8.0 -2.0 10.0 -16.0 -4.0 2.0
12.0 -2.0 4.0 -16.0 -4.0 -4.0
12.0 -2.0 4.0 -8.0 2.0 -4.0
8.0 -2.0 10.0 -8.0 6.0 -4.0
8.0 -2.0 12.0 -4.0 6.0 -4.0
8.0 -4.0 12.0 -10.0 2.0 -4.0
8.0 -4.0 12.0 -2.0 -4.0 -2.0
12.0 0.0 12.0 -10.0 0.0 -2.0
12.0 0.0 12.0 -2.0 -2.0 0.0
4.0 0.0 14.0 -2.0 0.0 -4.0
4.0 0.0 14.0 -2.0 0.0 4.0
4.0 6.0 10.0 -8.0 8.0 -2.0
10.0 6.0 8.0 -8.0 2.0 4.0
4.0 6.0 8.0 -6.0 8.0 2.0
4.0 2.0 12.0 0.0 2.0 4.0
4.0 0.0 14.0 0.0 6.0 4.0
4.0 -6.0 16.0 2.0 2.0 6.0
6.0 -4.0 16.0 -2.0 -2.0 6.0
6.0 -4.0 14.0 -2.0 -2.0 4.0
6.0 2.0 12.0 -2.0 6.0 4.0
10.0 2.0 14.0 -8.0 6.0 0.0
2.0 -4.0 12.0 -2.0 6.0 0.0
2.0 -4.0 16.0 -4.0 6.0 0.0
2.0 -4.0 16.0 -2.0 6.0 0.0
0.0 0.0 16.0 -2.0 6.0 -2.0
0.0 -4.0 8.0 -2.0 6.0 -2.0
0.0 -2.0 6.0 -2.0 0.0 4.0
2.0 -2.0 8.0 -8.0 6.0 4.0
4.0 -2.0 4.0 -8.0 4.0 4.0
4.0 -2.0 12.0 -2.0 4.0 4.0
4.0 -2.0 8.0 -2.0 -2.0 2.0
10.0 -4.0 12.0 -2.0 -2.0 2.0
10.0 -4.0 12.0 -2.0 -4.0 2.0
4.0 0.0 12.0 2.0 0.0 2.0
4.0 0.0 12.0 -2.0 6.0 4.0
4.0 0.0 12.0 2.0 8.0 4.0
4.0 0.0 14.0 0.0 6.0 4.0
2.0 0.0 14.0 2.0 2.0 2.0
8.0 -2.0 14.0 0.0 2.0 4.0
4.0 -4.0 14.0 -4.0 0.0 4.0
12.0 -2.0 14.0 -4.0 0.0 4.0
8.0 -4.0 10.0 -4.0 6.0 2.0
10.0 -2.0 8.0 -4.0 8.0 2.0
10.0 -4.0 8.0 -4.0 6.0 2.0
10.0 -2.0 8.0 -4.0 8.0 0.0
14.0 -2.0 10.0 -2.0 2.0 0.0
14.0 2.0 10.0 -2.0 4.0 0.0
14.0 -2.0 10.0 -2.0 2.0 4.0
16.0 -2.0 10.0 6.0 0.0 4.0
16.0 -2.0 16.0 6.0 0.0 2.0
16.0 -6.0 16.0 6.0 0.0 2.0
16.0 -6.0 16.0 10.0 8.0 6.0
16.0 6.0 10.0 10.0 4.0 6.0
16.0 6.0 12.0 12.0 4.0 10.0
20.0 2.0 8.0 12.0 4.0 6.0
22.0 2.0 12.0 14.0 2.0 0.0
30.0 -2.0 10.0 18.0 10.0 0.0
44.0 0.0 10.0 30.0 4.0 4.0
48.0 0.0 8.0 38.0 10.0 6.0
60.0 0.0 8.0 50.0 10.0 4.0
80.0 2.0 14.0 50.0 22.0 6.0
92.0 2.0 22.0 50.0 22.0 -4.0
100.0 0.0 22.0 60.0 22.0 6.0
100.0 0.0 22.0 66.0 22.0 2.0
100.0 0.0 22.0 74.0 26.0 6.0
100.0 2.0 22.0 88.0 32.0 6.0
100.0 2.0 24.0 98.0 34.0 8.0
100.0 6.0 24.0 100.0 34.0 12.0
100.0 12.0 22.0 100.0 36.0 8.0
100.0 12.0 22.0 100.0 44.0 6.0
100.0 12.0 22.0 100.0 46.0 6.0
100.0 14.0 24.0 100.0 46.0 8.0
100.0 14.0 24.0 100.0 44.0 8.0
100.0 14.0 24.0 100.0 44.0 8.0
100.0 14.0 26.0 100.0 52.0 6.0
100.0 14.0 26.0 100.0 52.0 6.0
100.0 14.0 30.0 100.0 54.0 10.0
100.0 14.0 30.0 100.0 48.0 10.0
100.0 14.0 30.0 100.0 44.0 12.0
100.0 14.0 28.0 100.0 44.0 10.0
100.0 8.0 28.0 100.0 46.0 10.0
100.0 14.0 28.0 100.0 48.0 8.0
100.0 12.0 32.0 100.0 48.0 8.0
100.0 14.0 32.0 100.0 44.0 8.0
100.0 14.0 30.0 100.0 44.0 10.0
100.0 14.0 24.0 100.0 44.0 4.0
100.0 14.0 24.0 100.0 42.0 12.0
100.0 10.0 24.0 100.0 40.0 6.0
100.0 10.0 20.0 100.0 38.0 10.0
100.0 10.0 30.0 100.0 38.0 6.0
100.0 12.0 30.0 100.0 42.0 6.0
100.0 12.0 30.0 100.0 44.0 4.0
100.0 8.0 26.0 100.0 42.0 6.0
100.0 8.0 26.0 100.0 38.0 6.0
100.0 14.0 26.0 100.0 34.0 6.0
100.0 14.0 32.0 84.0 28.0 6.0
94.0 16.0 34.0 82.0 28.0 6.0
74.0 16.0 32.0 82.0 24.0 6.0
62.0 16.0 30.0 80.0 24.0 4.0
56.0 16.0 22.0 70.0 16.0 -2.0
52.0 8.0 20.0 70.0 10.0 -2.0
48.0 8.0 18.0 64.0 14.0 4.0
38.0 10.0 18.0 50.0 14.0 4.0
32.0 10.0 24.0 50.0 14.0 0.0
32.0 4.0 24.0 48.0 14.0 -2.0
32.0 4.0 22.0 46.0 12.0 -2.0
32.0 8.0 18.0 46.0 8.0 -2.0
30.0 10.0 16.0 42.0 6.0 4.0
22.0 10.0 16.0 42.0 6.0 4.0
22.0 14.0 20.0 32.0 6.0 0.0
22.0 14.0 26.0 18.0 2.0 0.0
14.0 14.0 20.0 32.0 2.0 12.0
12.0 14.0 22.0 30.0 2.0 12.0
8.0 14.0 18.0 30.0 6.0 -2.0
8.0 16.0 20.0 18.0 8.0 -2.0
14.0 14.0 20.0 16.0 6.0 -2.0
20.0 2.0 20.0 18.0 2.0 -4.0
16.0 2.0 22.0 28.0 2.0 -4.0
20.0 2.0 22.0 32.0 8.0 2.0
18.0 6.0 22.0 32.0 8.0 6.0
18.0 2.0 22.0 34.0 10.0 6.0
16.0 6.0 22.0 32.0 10.0 6.0
16.0 12.0 26.0 34.0 10.0 6.0
10.0 12.0 26.0 36.0 8.0 6.0
12.0 10.0 22.0 36.0 8.0 6.0
6.0 8.0 22.0 36.0 8.0 2.0
10.0 8.0 22.0 36.0 4.0 2.0
4.0 2.0 20.0 36.0 2.0 4.0
10.0 4.0 12.0 38.0 2.0 10.0
12.0 4.0 20.0 38.0 4.0 10.0
12.0 4.0 20.0 38.0 8.0 10.0
12.0 2.0 20.0 36.0 12.0 10.0
12.0 2.0 24.0 38.0 12.0 10.0
6.0 16.0 26.0 36.0 10.0 10.0
6.0 16.0 24.0 32.0 10.0 8.0
14.0 10.0 20.0 32.0 2.0 2.0
14.0 4.0 18.0 34.0 2.0 0.0
12.0 4.0 20.0 36.0 2.0 0.0
12.0 8.0 20.0 34.0 0.0 0.0
18.0 8.0 26.0 32.0 -2.0 2.0
18.0 14.0 30.0 32.0 -2.0 2.0
10.0 14.0 26.0 34.0 10.0 6.0
10.0 14.0 20.0 34.0 10.0 2.0
14.0 14.0 10.0 34.0 10.0 0.0
14.0 12.0 10.0 34.0 4.0 0.0
16.0 12.0 14.0 34.0 4.0 0.0
16.0 12.0 24.0 34.0 6.0 0.0
16.0 12.0 24.0 28.0 6.0 0.0
14.0 16.0 18.0 34.0 6.0 6.0
10.0 12.0 18.0 30.0 10.0 10.0
12.0 14.0 18.0 34.0 10.0 10.0
12.0 14.0 18.0 30.0 8.0 6.0
14.0 14.0 16.0 30.0 6.0 2.0
18.0 8.0 18.0 30.0 4.0 4.0
18.0 6.0 26.0 30.0 -2.0 2.0
18.0 6.0 26.0 30.0 4.0 4.0
20.0 6.0 22.0 26.0 4.0 2.0
20.0 18.0 22.0 26.0 6.0 2.0
20.0 18.0 24.0 26.0 6.0 2.0
12.0 14.0 28.0 32.0 6.0 2.0
18.0 14.0 28.0 32.0 2.0 10.0
18.0 6.0 22.0 34.0 6.0 2.0
20.0 14.0 20.0 34.0 12.0 2.0
20.0 14.0 22.0 36.0 12.0 2.0
14.0 14.0 22.0 34.0 12.0 2.0
14.0 16.0 26.0 44.0 14.0 0.0
14.0 16.0 26.0 42.0 4.0 0.0
16.0 18.0 28.0 42.0 14.0 4.0
16.0 18.0 18.0 42.0 14.0 8.0
24.0 16.0 28.0 40.0 14.0 8.0
24.0 10.0 20.0 42.0 10.0 6.0
18.0 10.0 20.0 32.0 10.0 6.0
16.0 12.0 20.0 48.0 14.0 6.0
16.0 16.0 16.0 48.0 14.0 0.0
14.0 16.0 22.0 48.0 10.0 0.0
20.0 16.0 22.0 38.0 8.0 12.0
14.0 6.0 24.0 30.0 10.0 12.0
22.0 12.0 28.0 32.0 14.0 10.0
22.0 12.0 24.0 32.0 14.0 2.0
22.0 12.0 24.0 36.0 10.0 2.0
18.0 12.0 24.0 36.0 10.0 8.0
18.0 14.0 24.0 36.0 10.0 8.0
22.0 14.0 24.0 34.0 10.0 8.0
22.0 12.0 24.0 34.0 8.0 4.0
20.0 8.0 24.0 34.0 8.0 2.0
18.0 12.0 24.0 34.0 8.0 -2.0
18.0 14.0 24.0 34.0 4.0 -2.0
20.0 14.0 24.0 26.0 4.0 -2.0
24.0 10.0 22.0 26.0 4.0 4.0
24.0 10.0 18.0 34.0 12.0 4.0
22.0 10.0 22.0 34.0 12.0 4.0
20.0 14.0 18.0 32.0 10.0 4.0
20.0 14.0 24.0 32.0 10.0 4.0
20.0 16.0 20.0 34.0 14.0 4.0
20.0 16.0 24.0 34.0 14.0 4.0
20.0 12.0 28.0 38.0 12.0 6.0
20.0 10.0 28.0 30.0 10.0 6.0
16.0 6.0 18.0 38.0 10.0 2.0
22.0 6.0 16.0 30.0 8.0 0.0
16.0 12.0 16.0 38.0 10.0 0.0
10.0 12.0 20.0 38.0 8.0 0.0
10.0 10.0 20.0 38.0 10.0 12.0
16.0 10.0 18.0 32.0 8.0 12.0
18.0 14.0 18.0 32.0 8.0 4.0
18.0 14.0 24.0 18.0 6.0 4.0
10.0 14.0 26.0 16.0 8.0 4.0
10.0 4.0 24.0 16.0 12.0 4.0
12.0 12.0 26.0 30.0 12.0 4.0
14.0 2.0 22.0 36.0 12.0 6.0
14.0 12.0 22.0 36.0 6.0 6.0
20.0 12.0 18.0 36.0 12.0 6.0
22.0 12.0 16.0 34.0 4.0 -2.0
20.0 12.0 16.0 32.0 8.0 -2.0
18.0 14.0 26.0 32.0 8.0 6.0
18.0 14.0 26.0 34.0 10.0 6.0
18.0 8.0 20.0 34.0 14.0 4.0
16.0 6.0 20.0 30.0 14.0 4.0
