# Target: pinch
# Dominant_Vision: Open Hand
6.0 0.0 4.0 0.0 0.0 0.0
12.0 0.0 0.0 0.0 0.0 2.0
12.0 0.0 -2.0 2.0 0.0 2.0
10.0 -2.0 -8.0 6.0 -2.0 2.0
10.0 -6.0 -6.0 6.0 -2.0 0.0
10.0 -6.0 -6.0 -2.0 0.0 0.0
6.0 -2.0 -4.0 -2.0 0.0 0.0
6.0 -2.0 -2.0 0.0 2.0 -4.0
10.0 -6.0 -4.0 4.0 -6.0 0.0
10.0 -6.0 -4.0 0.0 -6.0 2.0
12.0 -4.0 -8.0 4.0 -6.0 2.0
6.0 -2.0 -8.0 4.0 -6.0 -2.0
8.0 -4.0 -12.0 6.0 -2.0 -6.0
8.0 -4.0 -4.0 4.0 -2.0 -6.0
12.0 -4.0 -4.0 4.0 -2.0 -2.0
16.0 -4.0 -4.0 2.0 0.0 2.0
16.0 -4.0 -2.0 -2.0 -2.0 4.0
4.0 -2.0 -6.0 2.0 -2.0 4.0
4.0 -2.0 -2.0 6.0 -2.0 -2.0
8.0 -2.0 -4.0 6.0 -2.0 -2.0
12.0 -2.0 -2.0 -4.0 -4.0 6.0
12.0 0.0 0.0 -4.0 -6.0 6.0
8.0 0.0 0.0 -4.0 -6.0 -4.0
4.0 0.0 -6.0 -4.0 -8.0 -4.0
0.0 -2.0 -8.0 -2.0 -6.0 -4.0
0.0 -4.0 -8.0 -2.0 -6.0 -2.0
2.0 -4.0 -6.0 -2.0 0.0 -2.0
2.0 -2.0 -6.0 2.0 -2.0 2.0
6.0 4.0 -6.0 -2.0 4.0 2.0
6.0 -2.0 -8.0 -2.0 -2.0 2.0
6.0 -2.0 -6.0 -2.0 -2.0 2.0
10.0 -2.0 -6.0 -4.0 -6.0 -4.0
12.0 0.0 6.0 6.0 -6.0 -4.0
32.0 0.0 6.0 10.0 -2.0 -4.0
48.0 0.0 -8.0 10.0 2.0 4.0
48.0 2.0 -8.0 12.0 2.0 4.0
60.0 6.0 4.0 24.0 4.0 4.0
90.0 6.0 8.0 32.0 -2.0 -2.0
100.0 10.0 4.0 32.0 -2.0 -2.0
100.0 10.0 2.0 38.0 -2.0 -2.0
100.0 12.0 2.0 44.0 2.0 -2.0
100.0 10.0 -2.0 56.0 6.0 -2.0
100.0 6.0 2.0 90.0 6.0 2.0
100.0 0.0 2.0 96.0 20.0 2.0
100.0 0.0 8.0 100.0 14.0 4.0
100.0 4.0 18.0 100.0 16.0 4.0
100.0 4.0 18.0 100.0 16.0 4.0
100.0 -4.0 20.0 100.0 22.0 0.0
100.0 -4.0 20.0 100.0 22.0 0.0
100.0 0.0 32.0 100.0 22.0 4.0
100.0 4.0 16.0 100.0 22.0 4.0
100.0 4.0 16.0 100.0 14.0 -4.0
100.0 4.0 16.0 100.0 14.0 -4.0
100.0 2.0 18.0 100.0 14.0 4.0
100.0 2.0 18.0 100.0 16.0 4.0
100.0 -6.0 12.0 100.0 18.0 2.0
100.0 -8.0 12.0 100.0 20.0 -2.0
100.0 -6.0 18.0 100.0 18.0 -2.0
100.0 0.0 18.0 100.0 22.0 -4.0
100.0 0.0 20.0 100.0 14.0 -6.0
100.0 0.0 16.0 100.0 14.0 -6.0
100.0 4.0 20.0 100.0 10.0 -8.0
100.0 -4.0 16.0 100.0 10.0 -8.0
100.0 2.0 14.0 92.0 10.0 -6.0
100.0 2.0 8.0 88.0 2.0 0.0
100.0 2.0 8.0 78.0 0.0 -6.0
100.0 0.0 6.0 54.0 2.0 -6.0
100.0 -2.0 6.0 52.0 0.0 -6.0
100.0 -2.0 6.0 52.0 -4.0 2.0
98.0 -2.0 4.0 34.0 -4.0 2.0
70.0 -2.0 4.0 34.0 -2.0 2.0
66.0 -2.0 -4.0 30.0 -2.0 -4.0
60.0 -4.0 -4.0 30.0 -2.0 -4.0
60.0 -4.0 -4.0 24.0 -2.0 -4.0
58.0 -6.0 -4.0 22.0 -2.0 -2.0
58.0 -2.0 -4.0 20.0 -14.0 0.0
56.0 -4.0 2.0 20.0 -14.0 -2.0
52.0 -4.0 2.0 18.0 -2.0 2.0
50.0 -4.0 -8.0 12.0 -2.0 2.0
52.0 -2.0 -8.0 4.0 -6.0 2.0
46.0 -2.0 -10.0 4.0 -6.0 -2.0
8.0 -2.0 -6.0 2.0 -4.0 -8.0
8.0 -2.0 -6.0 4.0 -4.0 -6.0
16.0 -2.0 -2.0 4.0 -2.0 -6.0
16.0 -2.0 -2.0 4.0 -6.0 -2.0
12.0 -2.0 2.0 4.0 0.0 -2.0
10.0 2.0 -8.0 10.0 -4.0 -4.0
12.0 2.0 -6.0 10.0 -4.0 -4.0
8.0 0.0 -6.0 8.0 -4.0 -4.0
10.0 0.0 -4.0 4.0 -8.0 -4.0
10.0 0.0 -4.0 4.0 -8.0 -4.0
10.0 0.0 -2.0 2.0 -6.0 4.0
10.0 0.0 -4.0 -2.0 -6.0 4.0
12.0 -2.0 0.0 -2.0 -6.0 0.0
14.0 -2.0 -4.0 -6.0 -12.0 -2.0
14.0 -2.0 0.0 2.0 -12.0 0.0
12.0 -2.0 -4.0 -2.0 -12.0 0.0
12.0 -2.0 -4.0 2.0 -12.0 2.0
12.0 -2.0 -4.0 0.0 -10.0 0.0
12.0 2.0 -4.0 0.0 -10.0 2.0
12.0 2.0 -4.0 0.0 -10.0 2.0
6.0 -2.0 -4.0 0.0 -8.0 2.0
8.0 -4.0 -2.0 -12.0 -8.0 4.0
8.0 -4.0 -2.0 -14.0 -8.0 -2.0
8.0 -6.0 -2.0 -12.0 -8.0 2.0
12.0 -4.0 2.0 -4.0 -8.0 2.0
10.0 2.0 -4.0 -4.0 -8.0 2.0
10.0 2.0 -6.0 -4.0 -8.0 8.0
10.0 2.0 -6.0 -4.0 -4.0 -6.0
10.0 0.0 -6.0 -2.0 -4.0 -6.0
14.0 0.0 -2.0 -2.0 -8.0 -6.0
14.0 0.0 -2.0 -4.0 -8.0 -4.0
16.0 -6.0 2.0 -4.0 -4.0 2.0
16.0 2.0 2.0 -4.0 -4.0 2.0
18.0 -6.0 -8.0 4.0 -4.0 2.0
18.0 -4.0 -8.0 6.0 -6.0 -2.0
10.0 -4.0 -6.0 6.0 -4.0 0.0
10.0 -2.0 0.0 0.0 -4.0 -2.0
12.0 -2.0 0.0 0.0 0.0 -4.0
14.0 -2.0 0.0 0.0 0.0 -4.0
12.0 -2.0 -2.0 0.0 -4.0 0.0
10.0 -2.0 -10.0 0.0 -4.0 0.0
10.0 0.0 -12.0 -4.0 -8.0 0.0
10.0 0.0 -10.0 -4.0 -4.0 -2.0
10.0 0.0 -6.0 2.0 -4.0 -2.0
10.0 0.0 -2.0 2.0 -4.0 -4.0
8.0 0.0 -2.0 2.0 -8.0 -2.0
8.0 -4.0 -2.0 2.0 -8.0 -6.0
8.0 -4.0 -4.0 2.0 -10.0 -2.0
14.0 2.0 -2.0 0.0 -10.0 -6.0
14.0 2.0 -2.0 0.0 -10.0 0.0
14.0 2.0 -2.0 2.0 -10.0 0.0
8.0 4.0 -2.0 2.0 -6.0 2.0
8.0 4.0 -2.0 2.0 -6.0 2.0
8.0 2.0 -4.0 6.0 -6.0 4.0
8.0 2.0 -4.0 6.0 -4.0 0.0
12.0 2.0 -4.0 0.0 -4.0 -2.0
16.0 0.0 -2.0 0.0 -4.0 -6.0
16.0 -2.0 -2.0 0.0 -8.0 -8.0
14.0 -8.0 4.0 0.0 -8.0 -8.0
14.0 -4.0 -6.0 -2.0 -2.0 -8.0
12.0 -4.0 -4.0 2.0 -2.0 0.0
14.0 -4.0 -4.0 2.0 -4.0 0.0
8.0 -4.0 -4.0 2.0 -8.0 -6.0
10.0 -10.0 0.0 2.0 -10.0 -8.0
10.0 -6.0 0.0 -4.0 -10.0 -8.0
10.0 -6.0 4.0 -4.0 -10.0 -8.0
14.0 -4.0 -2.0 -4.0 -8.0 -6.0
14.0 -4.0 -2.0 -2.0 -6.0 0.0
16.0 -4.0 -2.0 -4.0 -6.0 4.0
10.0 -4.0 -8.0 -4.0 -6.0 4.0
10.0 -4.0 -8.0 -4.0 -2.0 2.0
8.0 2.0 -8.0 -4.0 -2.0 0.0
10.0 2.0 -6.0 0.0 -4.0 2.0
12.0 -2.0 -6.0 6.0 -10.0 0.0
14.0 -2.0 -6.0 0.0 -12.0 0.0
12.0 -2.0 -2.0 -2.0 -12.0 -2.0
8.0 -4.0 -2.0 -6.0 -6.0 -2.0
8.0 -4.0 -2.0 -2.0 -6.0 -2.0
8.0 -4.0 -4.0 -6.0 -6.0 0.0
12.0 -8.0 -12.0 -6.0 -14.0 -4.0
14.0 -8.0 -4.0 -6.0 -6.0 0.0
14.0 -4.0 -4.0 -6.0 -6.0 2.0
12.0 -4.0 -4.0 -4.0 -2.0 2.0
4.0 -4.0 -2.0 -2.0 -2.0 -4.0
12.0 0.0 -2.0 -2.0 0.0 -6.0
10.0 2.0 -2.0 2.0 0.0 -4.0
14.0 2.0 0.0 4.0 -12.0 -2.0
14.0 4.0 -2.0 8.0 -12.0 4.0
14.0 4.0 -2.0 4.0 -8.0 -2.0
14.0 2.0 -4.0 -2.0 -4.0 -4.0
14.0 -4.0 -4.0 -2.0 -4.0 -4.0
10.0 -4.0 2.0 4.0 -2.0 -4.0
14.0 -4.0 2.0 4.0 -2.0 0.0
10.0 0.0 -4.0 4.0 -6.0 0.0
12.0 -2.0 -6.0 -2.0 -6.0 0.0
10.0 -2.0 -6.0 -2.0 -8.0 -2.0
12.0 -2.0 -12.0 0.0 -8.0 -4.0
6.0 2.0 -12.0 2.0 -14.0 -6.0
6.0 2.0 -8.0 4.0 -14.0 -6.0
6.0 -2.0 -8.0 4.0 -10.0 0.0
6.0 -2.0 -6.0 -4.0 -8.0 0.0
8.0 -8.0 -6.0 -4.0 -10.0 0.0
10.0 -8.0 -6.0 0.0 -4.0 -4.0
10.0 0.0 -6.0 0.0 -6.0 -4.0
10.0 0.0 -6.0 -2.0 -6.0 -2.0
6.0 4.0 -4.0 -2.0 -6.0 -2.0
8.0 4.0 -4.0 0.0 -6.0 -4.0
6.0 4.0 -4.0 0.0 -4.0 -4.0
4.0 4.0 -4.0 -6.0 -10.0 -4.0
4.0 -2.0 -10.0 -6.0 -2.0 -4.0
10.0 0.0 -10.0 0.0 -2.0 -2.0
10.0 -4.0 -8.0 0.0 -2.0 0.0
8.0 -2.0 -4.0 -2.0 -12.0 0.0
8.0 -4.0 -2.0 -4.0 -12.0 -2.0
10.0 -2.0 -2.0 -2.0 -12.0 -2.0
12.0 4.0 -2.0 -2.0 -12.0 0.0
12.0 4.0 -2.0 2.0 -6.0 0.0
12.0 2.0 -2.0 0.0 -6.0 -2.0
14.0 -6.0 -2.0 0.0 -6.0 -2.0
14.0 2.0 -10.0 -2.0 -6.0 2.0
14.0 -6.0 -10.0 -8.0 -6.0 2.0
14.0 -4.0 -10.0 -8.0 -6.0 2.0
14.0 -4.0 -6.0 -6.0 -8.0 2.0
10.0 2.0 0.0 0.0 -10.0 2.0
10.0 2.0 -4.0 0.0 -8.0 -2.0
4.0 0.0 -4.0 4.0 -10.0 2.0
10.0 0.0 -4.0 4.0 -10.0 -4.0
10.0 0.0 -4.0 4.0 -10.0 0.0
10.0 -2.0 -4.0 -4.0 -2.0 0.0
10.0 -2.0 -4.0 -4.0 -2.0 0.0
12.0 -4.0 -4.0 2.0 -8.0 -2.0
12.0 0.0 -2.0 2.0 -12.0 -2.0
12.0 4.0 -2.0 -2.0 -12.0 -2.0
12.0 4.0 4.0 -2.0 -4.0 2.0
14.0 -8.0 -2.0 6.0 -4.0 -2.0
14.0 -8.0 -6.0 6.0 -4.0 2.0
14.0 0.0 -6.0 2.0 -4.0 4.0
8.0 0.0 -6.0 0.0 -4.0 4.0
16.0 0.0 -2.0 2.0 2.0 4.0
10.0 -2.0 -4.0 0.0 -8.0 4.0
10.0 -2.0 -4.0 4.0 0.0 4.0
10.0 -2.0 -4.0 0.0 -12.0 0.0
14.0 0.0 -4.0 4.0 -6.0 0.0
14.0 -2.0 0.0 0.0 -6.0 0.0
6.0 0.0 2.0 2.0 -4.0 0.0
6.0 -2.0 2.0 -2.0 -4.0 0.0
6.0 -2.0 0.0 -6.0 -4.0 4.0
8.0 -2.0 -6.0 -6.0 -4.0 4.0
14.0 0.0 -6.0 2.0 -4.0 0.0
14.0 0.0 -8.0 2.0 -6.0 -2.0
