# Target: pinch
# Dominant_Vision: Open Hand
8.0 0.0 8.0 0.0 0.0 -4.0
4.0 2.0 10.0 0.0 0.0 -8.0
4.0 2.0 10.0 0.0 -4.0 -8.0
-4.0 -4.0 10.0 2.0 -4.0 -8.0
-4.0 -4.0 10.0 2.0 -6.0 -4.0
2.0 -2.0 8.0 6.0 -6.0 -6.0
2.0 8.0 8.0 6.0 -2.0 -4.0
2.0 8.0 6.0 0.0 0.0 -4.0
2.0 8.0 6.0 0.0 0.0 -4.0
0.0 8.0 2.0 0.0 0.0 -4.0
0.0 0.0 2.0 4.0 -2.0 -4.0
0.0 0.0 6.0 2.0 -4.0 -6.0
0.0 0.0 8.0 10.0 -4.0 -6.0
0.0 4.0 8.0 6.0 0.0 -6.0
0.0 4.0 8.0 6.0 0.0 -6.0
0.0 -8.0 10.0 6.0 2.0 -6.0
2.0 -8.0 4.0 8.0 -4.0 -2.0
4.0 -4.0 4.0 8.0 -10.0 0.0
4.0 4.0 0.0 8.0 -10.0 0.0
0.0 6.0 0.0 8.0 -4.0 0.0
0.0 6.0 0.0 8.0 -4.0 -2.0
6.0 6.0 16.0 8.0 -4.0 -2.0
6.0 14.0 4.0 8.0 -6.0 -4.0
10.0 14.0 12.0 8.0 -6.0 -6.0
8.0 -2.0 12.0 8.0 -6.0 -4.0
18.0 -2.0 12.0 8.0 -6.0 -2.0
14.0 -2.0 12.0 6.0 0.0 -2.0
20.0 8.0 12.0 6.0 0.0 -2.0
20.0 8.0 10.0 16.0 2.0 -2.0
24.0 4.0 10.0 16.0 0.0 -6.0
22.0 4.0 10.0 16.0 0.0 -8.0
26.0 4.0 8.0 18.0 0.0 -8.0
26.0 12.0 8.0 22.0 -2.0 -4.0
32.0 14.0 16.0 18.0 0.0 -4.0
66.0 14.0 16.0 22.0 -2.0 -2.0
92.0 14.0 16.0 22.0 0.0 -4.0
100.0 10.0 20.0 44.0 2.0 0.0
100.0 8.0 20.0 48.0 10.0 -2.0
100.0 10.0 22.0 48.0 10.0 -2.0
100.0 8.0 22.0 70.0 10.0 -2.0
100.0 14.0 20.0 100.0 14.0 -2.0
100.0 8.0 20.0 100.0 14.0 -2.0
100.0 6.0 22.0 100.0 20.0 -6.0
100.0 2.0 22.0 100.0 22.0 0.0
100.0 2.0 24.0 100.0 38.0 0.0
100.0 2.0 24.0 100.0 38.0 0.0
100.0 2.0 34.0 100.0 36.0 2.0
100.0 2.0 38.0 100.0 36.0 0.0
100.0 -4.0 48.0 100.0 48.0 -2.0
100.0 -4.0 48.0 100.0 54.0 -2.0
100.0 -2.0 48.0 100.0 48.0 4.0
100.0 0.0 38.0 100.0 56.0 8.0
100.0 -2.0 38.0 100.0 52.0 4.0
100.0 0.0 44.0 100.0 56.0 6.0
100.0 -6.0 44.0 100.0 52.0 6.0
100.0 6.0 44.0 100.0 58.0 6.0
100.0 4.0 54.0 100.0 56.0 10.0
100.0 4.0 56.0 100.0 56.0 10.0
100.0 2.0 56.0 100.0 56.0 10.0
100.0 0.0 58.0 100.0 56.0 8.0
100.0 2.0 58.0 100.0 64.0 12.0
100.0 6.0 64.0 100.0 64.0 6.0
100.0 6.0 60.0 100.0 64.0 4.0
100.0 6.0 60.0 100.0 60.0 4.0
100.0 6.0 60.0 100.0 52.0 4.0
100.0 -2.0 58.0 100.0 52.0 6.0
100.0 -2.0 54.0 100.0 62.0 -2.0
100.0 2.0 54.0 100.0 70.0 0.0
100.0 2.0 54.0 100.0 76.0 -2.0
100.0 -2.0 52.0 100.0 78.0 -4.0
100.0 -2.0 56.0 100.0 76.0 -8.0
100.0 -2.0 52.0 100.0 82.0 -8.0
100.0 2.0 54.0 100.0 78.0 -8.0
100.0 4.0 48.0 100.0 78.0 -4.0
100.0 12.0 50.0 100.0 64.0 -10.0
100.0 14.0 50.0 100.0 56.0 -10.0
100.0 14.0 50.0 100.0 32.0 -10.0
100.0 8.0 50.0 100.0 32.0 -10.0
100.0 8.0 42.0 100.0 30.0 -10.0
100.0 8.0 30.0 100.0 24.0 -4.0
100.0 12.0 28.0 100.0 20.0 -4.0
100.0 4.0 20.0 100.0 16.0 0.0
100.0 2.0 16.0 100.0 14.0 0.0
100.0 2.0 16.0 100.0 14.0 0.0
100.0 4.0 16.0 100.0 12.0 -2.0
100.0 6.0 16.0 100.0 10.0 -2.0
100.0 4.0 18.0 100.0 6.0 -8.0
100.0 0.0 16.0 98.0 4.0 4.0
100.0 0.0 14.0 92.0 6.0 -8.0
100.0 2.0 14.0 92.0 10.0 -8.0
100.0 6.0 18.0 86.0 10.0 -8.0
100.0 6.0 20.0 78.0 6.0 -6.0
100.0 2.0 20.0 84.0 6.0 -6.0
88.0 -2.0 18.0 70.0 6.0 0.0
82.0 -2.0 14.0 84.0 10.0 -2.0
80.0 0.0 18.0 76.0 10.0 -2.0
66.0 4.0 20.0 76.0 2.0 -4.0
64.0 8.0 20.0 66.0 2.0 -4.0
58.0 4.0 12.0 66.0 6.0 -4.0
56.0 8.0 12.0 56.0 8.0 2.0
56.0 0.0 16.0 62.0 8.0 -8.0
54.0 6.0 16.0 62.0 8.0 -8.0
54.0 0.0 20.0 62.0 6.0 -8.0
46.0 6.0 8.0 60.0 6.0 -4.0
52.0 10.0 14.0 52.0 4.0 -4.0
52.0 10.0 12.0 50.0 4.0 -4.0
52.0 2.0 14.0 50.0 8.0 -4.0
50.0 2.0 14.0 50.0 8.0 -4.0
46.0 -2.0 16.0 52.0 4.0 -4.0
46.0 2.0 22.0 54.0 4.0 -12.0
46.0 -2.0 22.0 52.0 4.0 -4.0
44.0 -8.0 20.0 52.0 6.0 -4.0
42.0 -8.0 12.0 52.0 6.0 -4.0
42.0 2.0 12.0 52.0 10.0 -4.0
42.0 6.0 12.0 46.0 4.0 -4.0
46.0 8.0 12.0 46.0 8.0 -6.0
46.0 8.0 16.0 52.0 4.0 -6.0
44.0 8.0 16.0 52.0 4.0 -6.0
36.0 4.0 16.0 52.0 4.0 -6.0
40.0 4.0 16.0 48.0 4.0 -6.0
40.0 4.0 16.0 46.0 2.0 -4.0
40.0 4.0 14.0 46.0 8.0 -4.0
40.0 2.0 12.0 44.0 2.0 -4.0
40.0 4.0 12.0 46.0 2.0 -6.0
40.0 2.0 18.0 44.0 2.0 -4.0
42.0 2.0 18.0 46.0 2.0 -6.0
42.0 -4.0 16.0 48.0 2.0 -6.0
42.0 0.0 16.0 58.0 4.0 -6.0
42.0 0.0 16.0 58.0 4.0 -8.0
42.0 4.0 16.0 48.0 8.0 -4.0
42.0 4.0 14.0 48.0 8.0 -8.0
40.0 0.0 12.0 48.0 4.0 -6.0
36.0 -10.0 14.0 48.0 4.0 -10.0
36.0 -10.0 12.0 46.0 4.0 -6.0
36.0 4.0 16.0 46.0 4.0 -6.0
32.0 4.0 12.0 46.0 0.0 -6.0
32.0 4.0 16.0 44.0 0.0 -6.0
32.0 -2.0 16.0 44.0 4.0 -6.0
34.0 -2.0 16.0 46.0 8.0 -6.0
40.0 -4.0 12.0 46.0 6.0 -6.0
34.0 -4.0 6.0 42.0 6.0 -4.0
20.0 0.0 10.0 40.0 4.0 -4.0
20.0 4.0 10.0 40.0 4.0 0.0
20.0 6.0 10.0 40.0 4.0 -6.0
20.0 6.0 8.0 38.0 4.0 -6.0
20.0 4.0 6.0 38.0 4.0 -6.0
20.0 2.0 4.0 36.0 4.0 -4.0
20.0 4.0 4.0 40.0 6.0 -2.0
20.0 0.0 12.0 36.0 4.0 -2.0
30.0 4.0 12.0 38.0 4.0 -2.0
30.0 4.0 12.0 38.0 4.0 -2.0
20.0 4.0 14.0 40.0 2.0 -2.0
20.0 4.0 16.0 48.0 2.0 -2.0
20.0 2.0 16.0 48.0 0.0 -6.0
20.0 6.0 18.0 48.0 0.0 -6.0
22.0 2.0 18.0 42.0 0.0 -6.0
26.0 6.0 12.0 42.0 6.0 -4.0
26.0 -2.0 6.0 40.0 0.0 0.0
26.0 0.0 6.0 42.0 0.0 -4.0
22.0 -10.0 6.0 42.0 -2.0 0.0
22.0 0.0 10.0 46.0 -2.0 0.0
24.0 2.0 10.0 46.0 -4.0 0.0
24.0 2.0 12.0 44.0 2.0 0.0
26.0 0.0 10.0 42.0 2.0 -8.0
16.0 0.0 12.0 42.0 4.0 -4.0
20.0 0.0 6.0 38.0 4.0 -4.0
20.0 0.0 10.0 38.0 2.0 -4.0
20.0 0.0 6.0 38.0 -2.0 -8.0
18.0 0.0 6.0 40.0 -2.0 -8.0
18.0 4.0 6.0 42.0 0.0 -8.0
18.0 -2.0 6.0 42.0 4.0 -8.0
20.0 4.0 10.0 42.0 4.0 0.0
20.0 0.0 10.0 36.0 4.0 -8.0
20.0 0.0 10.0 36.0 -4.0 -4.0
20.0 0.0 6.0 38.0 -4.0 -6.0
20.0 -4.0 6.0 40.0 4.0 -6.0
20.0 -4.0 14.0 38.0 6.0 -6.0
14.0 -6.0 14.0 38.0 6.0 -14.0
14.0 4.0 12.0 36.0 2.0 -14.0
20.0 -2.0 12.0 36.0 0.0 -8.0
20.0 -2.0 8.0 40.0 0.0 -4.0
22.0 -2.0 8.0 42.0 2.0 -8.0
22.0 -2.0 8.0 42.0 2.0 -4.0
22.0 4.0 8.0 42.0 2.0 -2.0
20.0 4.0 8.0 40.0 6.0 -2.0
12.0 4.0 8.0 34.0 6.0 0.0
20.0 2.0 8.0 36.0 6.0 0.0
16.0 2.0 10.0 36.0 2.0 0.0
16.0 -6.0 10.0 36.0 4.0 -4.0
16.0 -6.0 10.0 36.0 2.0 -4.0
14.0 -6.0 12.0 26.0 0.0 -8.0
18.0 0.0 12.0 26.0 0.0 -4.0
14.0 0.0 10.0 30.0 -2.0 -4.0
14.0 0.0 10.0 32.0 0.0 -4.0
14.0 0.0 14.0 32.0 -4.0 -6.0
20.0 6.0 14.0 32.0 -2.0 -6.0
20.0 6.0 14.0 34.0 -2.0 -2.0
20.0 6.0 14.0 38.0 -2.0 -2.0
18.0 2.0 6.0 34.0 -2.0 -6.0
20.0 2.0 6.0 38.0 2.0 -8.0
16.0 8.0 12.0 36.0 2.0 -6.0
18.0 8.0 12.0 38.0 4.0 -8.0
18.0 4.0 12.0 40.0 0.0 -8.0
20.0 -2.0 8.0 40.0 0.0 -10.0
20.0 -2.0 14.0 40.0 0.0 -8.0
14.0 -2.0 6.0 32.0 -4.0 -10.0
12.0 -2.0 10.0 36.0 0.0 -8.0
12.0 0.0 8.0 30.0 0.0 -8.0
14.0 0.0 8.0 30.0 2.0 -8.0
14.0 0.0 8.0 30.0 2.0 -8.0
24.0 -4.0 10.0 30.0 0.0 -12.0
12.0 -6.0 10.0 32.0 0.0 -4.0
12.0 -6.0 10.0 30.0 -4.0 -10.0
12.0 -4.0 10.0 32.0 -4.0 -4.0
16.0 2.0 10.0 30.0 0.0 -10.0
20.0 8.0 10.0 30.0 4.0 -4.0
16.0 8.0 14.0 30.0 0.0 -8.0
22.0 4.0 14.0 32.0 -2.0 -8.0
22.0 2.0 12.0 36.0 -2.0 -8.0
22.0 2.0 8.0 32.0 2.0 -8.0
22.0 4.0 6.0 36.0 2.0 -4.0
20.0 4.0 6.0 36.0 2.0 0.0
20.0 2.0 14.0 36.0 0.0 0.0
20.0 -4.0 14.0 38.0 2.0 0.0
20.0 2.0 16.0 36.0 -2.0 -8.0
20.0 4.0 6.0 36.0 2.0 -8.0
28.0 4.0 14.0 34.0 2.0 -8.0
28.0 0.0 12.0 34.0 4.0 -2.0
26.0 0.0 12.0 40.0 4.0 2.0
16.0 0.0 8.0 42.0 4.0 2.0
26.0 0.0 8.0 40.0 0.0 2.0
22.0 2.0 12.0 40.0 0.0 2.0
22.0 -2.0 14.0 30.0 0.0 -6.0
22.0 2.0 14.0 34.0 -2.0 -4.0
16.0 2.0 12.0 34.0 -2.0 -6.0
16.0 2.0 10.0 34.0 -2.0 -6.0
22.0 2.0 8.0 30.0 0.0 -10.0
22.0 -8.0 10.0 30.0 10.0 -6.0
22.0 0.0 10.0 30.0 8.0 -2.0
20.0 -16.0 10.0 38.0 8.0 2.0
20.0 -2.0 10.0 34.0 8.0 2.0
20.0 -10.0 2.0 34.0 2.0 -4.0
