# Target: pinch
# Dominant_Vision: Open Hand
-4.0 -8.0 -12.0 0.0 6.0 2.0
0.0 -8.0 -4.0 4.0 6.0 0.0
-4.0 -8.0 -10.0 8.0 6.0 -2.0
-4.0 -2.0 -10.0 8.0 2.0 -2.0
-6.0 -2.0 -10.0 10.0 0.0 -6.0
-6.0 -8.0 -10.0 0.0 0.0 -2.0
-10.0 -8.0 -2.0 -2.0 0.0 -2.0
-10.0 -4.0 -2.0 -2.0 2.0 -2.0
-10.0 -4.0 -10.0 -2.0 4.0 -8.0
-10.0 -6.0 -12.0 4.0 4.0 -8.0
-10.0 -6.0 -12.0 2.0 8.0 0.0
-6.0 -2.0 -12.0 2.0 2.0 0.0
-8.0 4.0 -8.0 2.0 12.0 0.0
-4.0 -2.0 -4.0 4.0 8.0 0.0
-6.0 2.0 -8.0 4.0 10.0 0.0
-4.0 2.0 -8.0 12.0 8.0 0.0
-4.0 2.0 -8.0 12.0 8.0 0.0
-4.0 -4.0 -8.0 12.0 8.0 0.0
-6.0 -4.0 -6.0 12.0 12.0 0.0
-6.0 -4.0 -4.0 12.0 16.0 -2.0
-6.0 -4.0 -6.0 10.0 16.0 -2.0
-6.0 -8.0 -6.0 10.0 16.0 -6.0
-6.0 -8.0 -6.0 10.0 14.0 -8.0
-2.0 -6.0 -6.0 8.0 8.0 -8.0
-2.0 -4.0 -8.0 12.0 12.0 -4.0
-2.0 -6.0 -8.0 8.0 10.0 0.0
-2.0 -4.0 -4.0 14.0 10.0 0.0
6.0 -4.0 -2.0 12.0 10.0 0.0
6.0 -4.0 -4.0 14.0 12.0 0.0
12.0 -4.0 -2.0 20.0 12.0 -8.0
14.0 -2.0 -8.0 28.0 12.0 2.0
18.0 0.0 -4.0 28.0 12.0 2.0
22.0 0.0 -10.0 36.0 14.0 2.0
48.0 -2.0 -4.0 40.0 24.0 -4.0
52.0 -4.0 -2.0 56.0 24.0 -4.0
80.0 -4.0 -2.0 66.0 28.0 6.0
90.0 -2.0 -6.0 84.0 36.0 6.0
100.0 0.0 -6.0 90.0 38.0 6.0
100.0 0.0 -6.0 100.0 40.0 6.0
100.0 0.0 -2.0 100.0 42.0 6.0
100.0 2.0 -4.0 100.0 44.0 -4.0
100.0 0.0 -2.0 100.0 50.0 2.0
100.0 2.0 -4.0 100.0 52.0 2.0
100.0 2.0 -2.0 100.0 60.0 10.0
100.0 2.0 -2.0 100.0 60.0 10.0
100.0 2.0 -2.0 100.0 62.0 2.0
100.0 2.0 -2.0 100.0 64.0 2.0
100.0 4.0 0.0 100.0 64.0 6.0
100.0 6.0 14.0 100.0 68.0 6.0
100.0 12.0 14.0 100.0 74.0 6.0
100.0 12.0 14.0 100.0 76.0 8.0
100.0 12.0 12.0 100.0 80.0 8.0
100.0 8.0 14.0 100.0 80.0 8.0
100.0 8.0 14.0 100.0 80.0 4.0
100.0 8.0 14.0 100.0 82.0 4.0
100.0 8.0 12.0 100.0 82.0 4.0
100.0 14.0 12.0 100.0 82.0 2.0
100.0 8.0 12.0 100.0 84.0 4.0
100.0 10.0 16.0 100.0 84.0 6.0
100.0 10.0 16.0 100.0 86.0 6.0
100.0 14.0 14.0 100.0 88.0 6.0
100.0 14.0 12.0 100.0 92.0 4.0
100.0 10.0 14.0 100.0 96.0 6.0
100.0 8.0 12.0 100.0 100.0 0.0
100.0 10.0 14.0 100.0 100.0 6.0
100.0 12.0 14.0 100.0 100.0 4.0
100.0 12.0 14.0 100.0 100.0 4.0
100.0 12.0 14.0 100.0 96.0 2.0
100.0 10.0 14.0 100.0 82.0 -6.0
100.0 10.0 12.0 100.0 74.0 -6.0
100.0 4.0 14.0 100.0 64.0 -6.0
100.0 2.0 10.0 100.0 58.0 -6.0
94.0 4.0 16.0 100.0 40.0 -6.0
86.0 0.0 10.0 100.0 40.0 -6.0
72.0 0.0 2.0 100.0 36.0 -8.0
48.0 0.0 2.0 100.0 38.0 -6.0
44.0 0.0 2.0 92.0 26.0 -6.0
40.0 2.0 -4.0 78.0 24.0 -6.0
36.0 4.0 6.0 62.0 22.0 -4.0
26.0 6.0 -4.0 56.0 22.0 -8.0
18.0 4.0 -4.0 54.0 20.0 -4.0
18.0 2.0 -8.0 54.0 16.0 -8.0
10.0 2.0 -8.0 48.0 10.0 -4.0
10.0 2.0 -6.0 48.0 16.0 -4.0
2.0 2.0 -4.0 34.0 10.0 0.0
0.0 0.0 -6.0 34.0 14.0 -4.0
0.0 0.0 -6.0 28.0 12.0 -6.0
-10.0 0.0 -8.0 28.0 14.0 -6.0
-10.0 0.0 -12.0 28.0 12.0 -6.0
-12.0 6.0 -12.0 26.0 6.0 -4.0
-12.0 6.0 -8.0 26.0 2.0 -4.0
-18.0 -2.0 -4.0 18.0 2.0 -4.0
-18.0 -2.0 -8.0 14.0 10.0 -2.0
-16.0 0.0 -8.0 18.0 14.0 -2.0
-14.0 2.0 -8.0 8.0 14.0 -8.0
-14.0 2.0 -12.0 18.0 14.0 -8.0
-14.0 2.0 -10.0 16.0 6.0 6.0
-10.0 2.0 -14.0 16.0 6.0 6.0
-10.0 -2.0 -14.0 16.0 8.0 -8.0
-14.0 -2.0 -14.0 10.0 8.0 -8.0
-14.0 -2.0 -14.0 10.0 8.0 -4.0
-14.0 0.0 -10.0 10.0 8.0 -4.0
-12.0 0.0 -12.0 12.0 8.0 -8.0
-12.0 0.0 -10.0 16.0 2.0 -8.0
-18.0 -2.0 -8.0 12.0 2.0 -2.0
-18.0 2.0 -8.0 12.0 6.0 0.0
-18.0 0.0 -8.0 10.0 6.0 -2.0
-18.0 0.0 -8.0 10.0 6.0 0.0
-18.0 0.0 -8.0 6.0 4.0 0.0
-16.0 4.0 -2.0 8.0 0.0 2.0
-12.0 4.0 -4.0 6.0 0.0 2.0
-16.0 4.0 -4.0 8.0 2.0 0.0
-10.0 4.0 -12.0 8.0 6.0 -2.0
-12.0 0.0 -12.0 8.0 2.0 -6.0
-12.0 0.0 -12.0 8.0 12.0 -2.0
-14.0 0.0 -12.0 14.0 12.0 -8.0
-14.0 4.0 -12.0 14.0 12.0 -8.0
-14.0 2.0 -4.0 12.0 10.0 -8.0
-12.0 2.0 -4.0 12.0 2.0 -6.0
-12.0 2.0 -4.0 12.0 10.0 -4.0
-12.0 4.0 -8.0 14.0 12.0 -2.0
-8.0 4.0 -8.0 8.0 12.0 -2.0
-14.0 4.0 -6.0 14.0 10.0 -2.0
-16.0 6.0 -6.0 12.0 6.0 -4.0
-18.0 6.0 -6.0 12.0 4.0 -4.0
-18.0 4.0 -6.0 8.0 4.0 -4.0
-12.0 4.0 -6.0 8.0 4.0 -2.0
-12.0 4.0 -10.0 12.0 4.0 -2.0
-8.0 2.0 -10.0 12.0 4.0 2.0
-10.0 2.0 -10.0 12.0 10.0 -4.0
-2.0 2.0 -8.0 6.0 10.0 -4.0
-6.0 -4.0 -8.0 12.0 14.0 -4.0
-6.0 -4.0 -4.0 12.0 12.0 -12.0
-12.0 4.0 -8.0 16.0 12.0 -12.0
-12.0 4.0 -8.0 20.0 8.0 -6.0
-8.0 2.0 -10.0 20.0 2.0 2.0
-4.0 2.0 -10.0 18.0 4.0 0.0
-2.0 6.0 -10.0 12.0 4.0 0.0
-2.0 6.0 -10.0 10.0 6.0 0.0
-14.0 2.0 -10.0 10.0 8.0 0.0
-14.0 -4.0 -4.0 14.0 12.0 0.0
-4.0 2.0 -2.0 14.0 12.0 0.0
-4.0 0.0 -2.0 12.0 12.0 0.0
-6.0 0.0 -6.0 10.0 12.0 0.0
-6.0 0.0 -10.0 10.0 6.0 2.0
-10.0 0.0 -6.0 10.0 6.0 2.0
-10.0 0.0 -6.0 6.0 10.0 -2.0
-8.0 0.0 -6.0 4.0 10.0 -2.0
-4.0 -4.0 -6.0 4.0 10.0 -2.0
0.0 4.0 -8.0 12.0 10.0 -2.0
-4.0 0.0 -10.0 12.0 6.0 -2.0
0.0 6.0 -10.0 4.0 6.0 2.0
-4.0 8.0 -8.0 4.0 6.0 -2.0
0.0 8.0 -8.0 4.0 6.0 -4.0
-4.0 10.0 -8.0 6.0 6.0 -4.0
4.0 8.0 -4.0 8.0 10.0 -4.0
0.0 8.0 -6.0 10.0 10.0 0.0
0.0 8.0 -6.0 12.0 6.0 -8.0
-2.0 6.0 -6.0 16.0 6.0 -6.0
-8.0 6.0 -10.0 16.0 10.0 -6.0
-12.0 -2.0 -12.0 16.0 10.0 -4.0
-12.0 -2.0 -12.0 6.0 10.0 -4.0
-12.0 2.0 -10.0 6.0 8.0 -2.0
-6.0 6.0 -8.0 6.0 8.0 -2.0
-6.0 6.0 -6.0 12.0 8.0 -2.0
-6.0 6.0 -6.0 4.0 6.0 -4.0
-6.0 2.0 -6.0 12.0 10.0 -4.0
-6.0 2.0 -6.0 12.0 10.0 -4.0
-6.0 10.0 -8.0 12.0 10.0 -4.0
-6.0 10.0 -12.0 18.0 6.0 -2.0
-8.0 2.0 -8.0 8.0 6.0 0.0
-12.0 0.0 -12.0 8.0 6.0 0.0
-12.0 -2.0 -12.0 4.0 12.0 -12.0
-8.0 -2.0 -12.0 4.0 6.0 -12.0
-8.0 -2.0 -6.0 4.0 12.0 -6.0
-6.0 6.0 -6.0 2.0 6.0 -6.0
-6.0 -2.0 -6.0 -2.0 6.0 -6.0
-6.0 6.0 -8.0 -2.0 6.0 -2.0
-10.0 -6.0 -18.0 10.0 6.0 -2.0
-10.0 -2.0 -8.0 12.0 8.0 -4.0
-10.0 -2.0 -2.0 12.0 8.0 -4.0
-4.0 6.0 -2.0 10.0 8.0 -4.0
-4.0 6.0 -2.0 8.0 0.0 -2.0
-4.0 6.0 0.0 8.0 10.0 -4.0
-4.0 4.0 0.0 8.0 6.0 -4.0
-2.0 4.0 -10.0 16.0 8.0 -4.0
-6.0 4.0 -10.0 16.0 8.0 -4.0
-2.0 0.0 -12.0 10.0 8.0 -4.0
-6.0 4.0 -4.0 10.0 8.0 -4.0
-2.0 0.0 -12.0 12.0 6.0 -4.0
-4.0 2.0 -8.0 12.0 6.0 -4.0
-4.0 0.0 -8.0 8.0 6.0 0.0
-4.0 2.0 -8.0 6.0 4.0 0.0
-6.0 6.0 -8.0 6.0 4.0 -2.0
-2.0 6.0 -8.0 6.0 6.0 -2.0
-6.0 6.0 -8.0 4.0 8.0 -2.0
-10.0 2.0 -8.0 8.0 8.0 -4.0
-10.0 2.0 -16.0 8.0 4.0 -4.0
-8.0 0.0 -6.0 10.0 4.0 0.0
0.0 -4.0 -6.0 10.0 6.0 0.0
0.0 -6.0 -6.0 4.0 10.0 0.0
0.0 -6.0 -8.0 4.0 6.0 -2.0
0.0 -6.0 -12.0 10.0 8.0 -2.0
0.0 -6.0 -8.0 10.0 6.0 -4.0
0.0 -2.0 -12.0 8.0 8.0 -2.0
-2.0 4.0 -6.0 8.0 6.0 -2.0
0.0 4.0 -8.0 12.0 6.0 0.0
-6.0 4.0 -8.0 14.0 6.0 0.0
-2.0 2.0 -12.0 12.0 6.0 0.0
-2.0 2.0 -12.0 12.0 6.0 -4.0
-2.0 6.0 -10.0 6.0 10.0 2.0
-4.0 10.0 -10.0 10.0 12.0 -4.0
-6.0 6.0 -8.0 8.0 12.0 -2.0
-8.0 6.0 0.0 10.0 16.0 -2.0
-8.0 4.0 0.0 10.0 12.0 0.0
-4.0 4.0 -2.0 14.0 10.0 2.0
-4.0 4.0 -8.0 10.0 10.0 2.0
-8.0 4.0 -10.0 8.0 8.0 0.0
-8.0 4.0 -12.0 8.0 8.0 0.0
-6.0 4.0 -12.0 6.0 8.0 -2.0
-2.0 6.0 -12.0 10.0 10.0 -2.0
-6.0 6.0 -6.0 14.0 12.0 -2.0
-2.0 6.0 -14.0 14.0 14.0 -4.0
-14.0 0.0 -6.0 8.0 12.0 -4.0
-12.0 8.0 -6.0 8.0 6.0 -4.0
-12.0 8.0 -6.0 8.0 6.0 0.0
-6.0 8.0 -4.0 8.0 12.0 0.0
-6.0 4.0 -14.0 6.0 12.0 0.0
-8.0 4.0 -4.0 4.0 14.0 0.0
-10.0 0.0 0.0 4.0 12.0 0.0
-14.0 0.0 0.0 8.0 12.0 -4.0
-14.0 8.0 -10.0 8.0 4.0 -4.0
-8.0 8.0 -10.0 4.0 4.0 0.0
-6.0 8.0 -10.0 4.0 8.0 0.0
-8.0 -4.0 -10.0 12.0 10.0 -4.0
