# Target: open_hand
# Dominant_Vision: Open Hand
4.0 18.0 0.0 0.0 -2.0 12.0
4.0 18.0 2.0 0.0 0.0 12.0
4.0 18.0 8.0 6.0 0.0 12.0
6.0 18.0 8.0 6.0 0.0 10.0
6.0 18.0 6.0 2.0 -4.0 8.0
0.0 18.0 2.0 2.0 -4.0 8.0
0.0 20.0 2.0 2.0 0.0 2.0
0.0 20.0 10.0 2.0 4.0 8.0
0.0 20.0 10.0 2.0 4.0 8.0
-4.0 16.0 10.0 2.0 -6.0 12.0
-4.0 20.0 10.0 2.0 -8.0 12.0
4.0 22.0 10.0 2.0 -8.0 14.0
4.0 22.0 12.0 4.0 -4.0 14.0
0.0 18.0 12.0 4.0 -4.0 12.0
0.0 18.0 12.0 4.0 -10.0 6.0
2.0 18.0 12.0 4.0 -10.0 6.0
2.0 22.0 6.0 4.0 -2.0 8.0
8.0 18.0 10.0 2.0 2.0 10.0
2.0 18.0 2.0 2.0 -2.0 10.0
2.0 16.0 8.0 2.0 2.0 14.0
-4.0 14.0 8.0 6.0 -2.0 14.0
-4.0 14.0 8.0 6.0 -4.0 14.0
0.0 14.0 6.0 6.0 -4.0 14.0
0.0 16.0 6.0 8.0 -2.0 14.0
-8.0 16.0 8.0 8.0 -2.0 6.0
-8.0 16.0 10.0 2.0 -2.0 6.0
0.0 14.0 8.0 0.0 -2.0 8.0
0.0 14.0 12.0 0.0 -2.0 8.0
0.0 14.0 8.0 -2.0 -2.0 8.0
2.0 16.0 8.0 -2.0 -4.0 12.0
2.0 18.0 6.0 -2.0 2.0 12.0
2.0 18.0 6.0 -4.0 2.0 12.0
2.0 18.0 6.0 2.0 2.0 12.0
4.0 16.0 10.0 -4.0 -4.0 12.0
4.0 12.0 12.0 4.0 -4.0 10.0
20.0 12.0 12.0 24.0 -2.0 10.0
20.0 16.0 12.0 36.0 -2.0 10.0
32.0 30.0 18.0 40.0 -2.0 10.0
36.0 30.0 18.0 40.0 -2.0 10.0
34.0 20.0 18.0 46.0 0.0 10.0
34.0 20.0 16.0 44.0 0.0 12.0
22.0 24.0 16.0 48.0 0.0 22.0
-2.0 24.0 18.0 52.0 -2.0 22.0
-2.0 22.0 18.0 66.0 -2.0 18.0
-2.0 22.0 18.0 90.0 -2.0 18.0
-2.0 32.0 14.0 100.0 6.0 18.0
22.0 34.0 14.0 100.0 6.0 20.0
32.0 32.0 14.0 100.0 10.0 20.0
40.0 32.0 28.0 100.0 14.0 20.0
40.0 28.0 28.0 100.0 18.0 20.0
36.0 28.0 30.0 100.0 18.0 20.0
16.0 28.0 32.0 100.0 18.0 24.0
-2.0 28.0 32.0 100.0 16.0 28.0
-14.0 36.0 30.0 100.0 18.0 28.0
-14.0 38.0 26.0 100.0 16.0 30.0
-14.0 38.0 26.0 100.0 10.0 30.0
-12.0 38.0 26.0 100.0 8.0 26.0
-10.0 38.0 16.0 100.0 8.0 26.0
24.0 38.0 26.0 100.0 8.0 20.0
32.0 34.0 20.0 100.0 6.0 20.0
50.0 34.0 28.0 100.0 4.0 20.0
64.0 22.0 28.0 100.0 0.0 20.0
78.0 22.0 28.0 100.0 -2.0 20.0
78.0 22.0 26.0 100.0 0.0 20.0
84.0 16.0 26.0 100.0 0.0 18.0
86.0 16.0 26.0 100.0 2.0 18.0
86.0 20.0 20.0 100.0 2.0 18.0
86.0 22.0 20.0 100.0 2.0 20.0
82.0 22.0 18.0 98.0 10.0 20.0
80.0 14.0 16.0 86.0 10.0 20.0
76.0 14.0 18.0 86.0 10.0 16.0
76.0 14.0 22.0 60.0 2.0 16.0
76.0 14.0 22.0 60.0 2.0 14.0
76.0 18.0 22.0 54.0 2.0 18.0
76.0 14.0 16.0 42.0 4.0 16.0
74.0 18.0 20.0 36.0 4.0 16.0
74.0 22.0 16.0 32.0 2.0 16.0
74.0 22.0 16.0 28.0 2.0 14.0
70.0 20.0 16.0 28.0 2.0 16.0
66.0 12.0 16.0 28.0 0.0 12.0
64.0 18.0 16.0 28.0 2.0 12.0
66.0 12.0 14.0 22.0 2.0 12.0
62.0 16.0 12.0 22.0 6.0 12.0
62.0 16.0 12.0 30.0 6.0 12.0
56.0 16.0 12.0 30.0 -2.0 12.0
56.0 16.0 20.0 28.0 -2.0 12.0
62.0 18.0 22.0 24.0 2.0 12.0
62.0 12.0 22.0 16.0 2.0 12.0
62.0 16.0 18.0 16.0 -6.0 14.0
60.0 12.0 18.0 22.0 -6.0 14.0
58.0 16.0 18.0 22.0 2.0 16.0
56.0 14.0 20.0 22.0 2.0 16.0
56.0 18.0 20.0 24.0 -4.0 16.0
56.0 14.0 10.0 24.0 -4.0 12.0
56.0 12.0 10.0 16.0 -4.0 12.0
50.0 12.0 16.0 16.0 2.0 18.0
48.0 12.0 16.0 18.0 2.0 18.0
50.0 16.0 16.0 20.0 2.0 18.0
52.0 20.0 12.0 18.0 2.0 18.0
52.0 20.0 16.0 26.0 2.0 16.0
54.0 16.0 12.0 20.0 2.0 18.0
54.0 16.0 18.0 20.0 -4.0 16.0
54.0 14.0 18.0 20.0 -4.0 16.0
54.0 14.0 18.0 16.0 -2.0 10.0
52.0 12.0 14.0 20.0 -2.0 10.0
50.0 12.0 12.0 12.0 2.0 10.0
50.0 16.0 12.0 22.0 2.0 18.0
50.0 16.0 16.0 18.0 4.0 10.0
50.0 16.0 16.0 30.0 4.0 18.0
52.0 14.0 20.0 24.0 4.0 12.0
52.0 8.0 20.0 24.0 -6.0 18.0
52.0 8.0 20.0 18.0 -6.0 16.0
50.0 10.0 12.0 14.0 -4.0 16.0
48.0 12.0 12.0 14.0 4.0 16.0
48.0 12.0 12.0 20.0 -4.0 12.0
60.0 14.0 16.0 26.0 2.0 18.0
60.0 12.0 12.0 26.0 -4.0 16.0
58.0 8.0 8.0 22.0 2.0 16.0
54.0 8.0 8.0 22.0 2.0 16.0
54.0 10.0 12.0 22.0 2.0 16.0
50.0 10.0 14.0 20.0 2.0 16.0
54.0 8.0 14.0 12.0 2.0 10.0
54.0 6.0 14.0 12.0 2.0 8.0
54.0 6.0 14.0 14.0 0.0 10.0
46.0 10.0 22.0 22.0 -2.0 12.0
46.0 12.0 24.0 22.0 -2.0 12.0
50.0 14.0 22.0 22.0 -6.0 16.0
56.0 16.0 14.0 18.0 -6.0 10.0
56.0 16.0 10.0 18.0 -6.0 10.0
50.0 14.0 8.0 18.0 -6.0 10.0
50.0 6.0 8.0 24.0 0.0 12.0
48.0 12.0 14.0 22.0 0.0 14.0
48.0 10.0 16.0 22.0 0.0 12.0
52.0 12.0 16.0 22.0 -2.0 14.0
52.0 10.0 8.0 20.0 -2.0 14.0
52.0 12.0 8.0 20.0 -4.0 14.0
52.0 14.0 8.0 20.0 2.0 20.0
46.0 14.0 12.0 18.0 4.0 18.0
46.0 14.0 12.0 20.0 4.0 18.0
46.0 14.0 18.0 20.0 0.0 18.0
46.0 14.0 20.0 20.0 0.0 16.0
48.0 14.0 20.0 14.0 2.0 16.0
48.0 14.0 16.0 14.0 2.0 16.0
46.0 14.0 14.0 16.0 2.0 14.0
46.0 10.0 14.0 20.0 2.0 14.0
52.0 10.0 14.0 16.0 2.0 10.0
52.0 10.0 14.0 22.0 4.0 12.0
36.0 10.0 18.0 16.0 2.0 10.0
36.0 10.0 10.0 16.0 2.0 12.0
46.0 10.0 10.0 16.0 2.0 12.0
48.0 12.0 10.0 18.0 2.0 16.0
48.0 12.0 8.0 18.0 0.0 16.0
48.0 12.0 8.0 18.0 0.0 14.0
48.0 6.0 6.0 16.0 0.0 14.0
46.0 14.0 4.0 16.0 4.0 14.0
46.0 10.0 6.0 18.0 0.0 14.0
46.0 12.0 8.0 18.0 0.0 14.0
48.0 12.0 16.0 22.0 -2.0 10.0
48.0 20.0 16.0 16.0 -6.0 10.0
38.0 20.0 18.0 16.0 -6.0 10.0
38.0 20.0 16.0 16.0 0.0 14.0
42.0 10.0 14.0 14.0 2.0 14.0
42.0 6.0 14.0 18.0 2.0 18.0
42.0 6.0 16.0 12.0 0.0 12.0
40.0 8.0 18.0 12.0 -2.0 12.0
48.0 8.0 16.0 8.0 -2.0 12.0
48.0 8.0 18.0 8.0 -2.0 12.0
48.0 8.0 14.0 10.0 -4.0 16.0
44.0 10.0 16.0 12.0 -4.0 12.0
44.0 12.0 14.0 20.0 -2.0 10.0
44.0 12.0 14.0 28.0 6.0 10.0
44.0 12.0 8.0 20.0 6.0 8.0
48.0 10.0 8.0 18.0 4.0 8.0
48.0 10.0 8.0 18.0 -4.0 8.0
48.0 18.0 10.0 18.0 -4.0 8.0
40.0 18.0 12.0 16.0 -4.0 14.0
48.0 14.0 12.0 14.0 -6.0 16.0
46.0 10.0 12.0 14.0 -6.0 16.0
48.0 14.0 12.0 14.0 2.0 12.0
46.0 10.0 14.0 16.0 2.0 12.0
40.0 14.0 14.0 24.0 2.0 12.0
40.0 14.0 14.0 24.0 2.0 12.0
40.0 16.0 16.0 8.0 2.0 18.0
48.0 16.0 6.0 8.0 2.0 18.0
50.0 16.0 18.0 12.0 4.0 8.0
48.0 16.0 10.0 12.0 -2.0 8.0
40.0 10.0 14.0 14.0 0.0 14.0
40.0 16.0 10.0 16.0 -8.0 14.0
40.0 14.0 10.0 14.0 0.0 12.0
44.0 14.0 10.0 16.0 0.0 12.0
44.0 14.0 12.0 18.0 2.0 16.0
44.0 14.0 12.0 18.0 2.0 16.0
40.0 16.0 12.0 18.0 2.0 16.0
44.0 16.0 14.0 10.0 0.0 10.0
40.0 16.0 16.0 10.0 4.0 10.0
20.0 8.0 20.0 10.0 -2.0 12.0
20.0 8.0 20.0 12.0 4.0 16.0
20.0 10.0 14.0 12.0 2.0 16.0
14.0 16.0 14.0 12.0 2.0 14.0
10.0 16.0 14.0 10.0 -2.0 8.0
14.0 10.0 14.0 14.0 -2.0 14.0
10.0 10.0 10.0 24.0 -2.0 14.0
14.0 8.0 6.0 24.0 -2.0 14.0
10.0 6.0 10.0 16.0 -2.0 14.0
14.0 6.0 4.0 14.0 0.0 14.0
14.0 16.0 12.0 16.0 2.0 14.0
14.0 16.0 18.0 14.0 2.0 14.0
18.0 16.0 18.0 14.0 4.0 14.0
16.0 16.0 14.0 14.0 2.0 6.0
18.0 16.0 14.0 14.0 0.0 6.0
16.0 14.0 16.0 12.0 0.0 10.0
12.0 14.0 16.0 12.0 4.0 16.0
4.0 12.0 14.0 12.0 4.0 16.0
4.0 8.0 12.0 14.0 2.0 10.0
12.0 8.0 12.0 12.0 2.0 10.0
12.0 8.0 12.0 14.0 4.0 10.0
12.0 16.0 12.0 12.0 4.0 10.0
14.0 16.0 10.0 22.0 0.0 10.0
14.0 16.0 10.0 14.0 0.0 10.0
14.0 14.0 8.0 16.0 2.0 10.0
16.0 14.0 18.0 14.0 2.0 14.0
16.0 14.0 10.0 14.0 2.0 14.0
16.0 6.0 18.0 14.0 0.0 14.0
16.0 6.0 14.0 10.0 2.0 12.0
18.0 6.0 14.0 10.0 0.0 12.0
18.0 10.0 14.0 12.0 4.0 12.0
14.0 20.0 10.0 16.0 6.0 16.0
14.0 20.0 14.0 12.0 6.0 16.0
