# Target: open_hand
# Dominant_Vision: Open Hand
4.0 2.0 0.0 0.0 2.0 0.0
6.0 2.0 0.0 0.0 0.0 -4.0
6.0 4.0 2.0 0.0 0.0 -6.0
6.0 6.0 2.0 -4.0 -4.0 -6.0
2.0 4.0 2.0 -4.0 0.0 -8.0
-2.0 4.0 4.0 -4.0 -6.0 -2.0
-2.0 4.0 8.0 -2.0 4.0 -4.0
2.0 8.0 4.0 6.0 -2.0 -2.0
2.0 8.0 6.0 6.0 -2.0 -4.0
4.0 6.0 6.0 4.0 -2.0 4.0
-4.0 4.0 6.0 -6.0 -6.0 -4.0
4.0 6.0 -2.0 -14.0 -6.0 -4.0
0.0 6.0 -2.0 -8.0 -2.0 -4.0
8.0 8.0 8.0 -8.0 -2.0 -4.0
4.0 8.0 8.0 -6.0 -4.0 -2.0
8.0 14.0 8.0 -4.0 -4.0 2.0
16.0 14.0 6.0 -2.0 0.0 2.0
16.0 14.0 6.0 0.0 0.0 2.0
16.0 10.0 4.0 -2.0 0.0 -4.0
24.0 10.0 0.0 0.0 0.0 -4.0
30.0 10.0 0.0 -2.0 0.0 -8.0
34.0 10.0 0.0 6.0 -8.0 -4.0
44.0 12.0 0.0 24.0 -8.0 -4.0
52.0 14.0 12.0 26.0 -8.0 -2.0
58.0 14.0 12.0 28.0 0.0 0.0
64.0 16.0 12.0 34.0 6.0 0.0
82.0 18.0 12.0 40.0 6.0 0.0
90.0 22.0 8.0 62.0 14.0 -2.0
100.0 22.0 4.0 100.0 20.0 0.0
100.0 22.0 4.0 100.0 22.0 0.0
100.0 16.0 8.0 100.0 22.0 2.0
100.0 16.0 8.0 100.0 22.0 6.0
100.0 16.0 10.0 100.0 28.0 12.0
100.0 18.0 10.0 100.0 34.0 12.0
100.0 18.0 16.0 100.0 38.0 10.0
100.0 26.0 10.0 100.0 38.0 6.0
100.0 22.0 16.0 100.0 40.0 6.0
100.0 26.0 16.0 100.0 42.0 8.0
100.0 22.0 16.0 100.0 50.0 8.0
100.0 26.0 24.0 100.0 54.0 14.0
100.0 24.0 24.0 100.0 54.0 14.0
100.0 26.0 20.0 100.0 54.0 0.0
100.0 26.0 12.0 100.0 60.0 0.0
100.0 30.0 14.0 100.0 64.0 10.0
100.0 30.0 14.0 100.0 64.0 10.0
100.0 30.0 16.0 100.0 56.0 12.0
100.0 26.0 20.0 100.0 54.0 8.0
100.0 24.0 16.0 100.0 54.0 12.0
100.0 26.0 18.0 100.0 48.0 12.0
100.0 26.0 18.0 100.0 42.0 12.0
100.0 26.0 18.0 100.0 40.0 2.0
100.0 26.0 18.0 100.0 42.0 2.0
100.0 26.0 14.0 100.0 40.0 10.0
100.0 28.0 14.0 100.0 40.0 10.0
100.0 28.0 14.0 100.0 34.0 10.0
100.0 26.0 14.0 100.0 24.0 8.0
100.0 24.0 16.0 100.0 24.0 6.0
100.0 24.0 16.0 100.0 18.0 4.0
100.0 22.0 16.0 100.0 14.0 -2.0
100.0 22.0 16.0 100.0 14.0 -2.0
100.0 22.0 12.0 100.0 12.0 2.0
100.0 20.0 14.0 100.0 6.0 2.0
100.0 12.0 12.0 100.0 6.0 2.0
100.0 12.0 14.0 100.0 10.0 2.0
100.0 12.0 8.0 98.0 10.0 0.0
100.0 12.0 8.0 90.0 6.0 0.0
100.0 12.0 8.0 72.0 -2.0 0.0
100.0 10.0 8.0 68.0 -6.0 2.0
100.0 10.0 4.0 66.0 -6.0 2.0
100.0 10.0 4.0 54.0 -6.0 4.0
100.0 10.0 4.0 52.0 -2.0 4.0
100.0 8.0 2.0 50.0 -2.0 0.0
100.0 12.0 2.0 40.0 0.0 -2.0
98.0 12.0 2.0 30.0 0.0 -2.0
98.0 12.0 2.0 24.0 0.0 -6.0
92.0 8.0 2.0 24.0 -4.0 -8.0
98.0 2.0 2.0 24.0 -4.0 -8.0
98.0 2.0 4.0 22.0 2.0 -8.0
100.0 2.0 2.0 8.0 2.0 -8.0
100.0 6.0 4.0 2.0 2.0 2.0
100.0 6.0 -2.0 -4.0 2.0 2.0
92.0 8.0 0.0 -4.0 -6.0 10.0
92.0 8.0 0.0 -6.0 -6.0 10.0
92.0 8.0 0.0 -8.0 -4.0 -2.0
92.0 8.0 2.0 -14.0 -2.0 -2.0
90.0 8.0 2.0 -14.0 2.0 -2.0
90.0 4.0 2.0 -20.0 -2.0 -2.0
90.0 10.0 2.0 -22.0 2.0 -2.0
90.0 6.0 0.0 -22.0 -6.0 -2.0
88.0 6.0 0.0 -22.0 2.0 -4.0
88.0 6.0 -2.0 -18.0 -4.0 -4.0
88.0 4.0 -2.0 -18.0 -4.0 -8.0
74.0 4.0 -2.0 -26.0 -6.0 -8.0
74.0 2.0 2.0 -28.0 -6.0 0.0
74.0 4.0 2.0 -30.0 0.0 2.0
72.0 8.0 2.0 -28.0 0.0 0.0
68.0 8.0 6.0 -30.0 0.0 -2.0
52.0 8.0 2.0 -36.0 0.0 -6.0
52.0 2.0 6.0 -36.0 0.0 -6.0
46.0 6.0 2.0 -34.0 -2.0 -6.0
42.0 4.0 2.0 -34.0 -2.0 -6.0
42.0 6.0 0.0 -34.0 -2.0 -8.0
42.0 8.0 0.0 -36.0 -2.0 -6.0
40.0 8.0 0.0 -36.0 -2.0 -2.0
30.0 10.0 -2.0 -36.0 -2.0 -2.0
28.0 4.0 -2.0 -36.0 -2.0 -4.0
22.0 0.0 -2.0 -38.0 -2.0 -4.0
18.0 0.0 -2.0 -48.0 -4.0 -2.0
18.0 4.0 2.0 -48.0 -4.0 2.0
16.0 4.0 2.0 -48.0 -4.0 2.0
2.0 4.0 2.0 -48.0 -2.0 0.0
2.0 0.0 0.0 -44.0 0.0 -2.0
6.0 4.0 -2.0 -44.0 0.0 -4.0
6.0 -2.0 -2.0 -34.0 -2.0 -4.0
4.0 4.0 -2.0 -34.0 -2.0 2.0
2.0 4.0 -2.0 -44.0 -2.0 2.0
2.0 4.0 -2.0 -44.0 0.0 2.0
4.0 2.0 -2.0 -46.0 -2.0 2.0
4.0 -4.0 -4.0 -50.0 -2.0 2.0
-4.0 -4.0 -6.0 -50.0 -2.0 2.0
-4.0 10.0 -4.0 -50.0 -4.0 2.0
2.0 10.0 -2.0 -54.0 -4.0 -6.0
4.0 8.0 -2.0 -54.0 -4.0 -2.0
4.0 8.0 -6.0 -54.0 -4.0 -2.0
-4.0 8.0 -6.0 -50.0 -6.0 6.0
-4.0 10.0 0.0 -46.0 -6.0 6.0
0.0 16.0 2.0 -40.0 4.0 4.0
0.0 10.0 2.0 -40.0 4.0 -2.0
-4.0 8.0 2.0 -46.0 0.0 -4.0
-4.0 8.0 2.0 -46.0 -2.0 -2.0
0.0 10.0 6.0 -44.0 -2.0 0.0
0.0 10.0 6.0 -44.0 -4.0 2.0
-6.0 8.0 6.0 -52.0 -2.0 4.0
-6.0 8.0 2.0 -52.0 0.0 4.0
-6.0 8.0 0.0 -60.0 2.0 4.0
-2.0 8.0 -2.0 -62.0 2.0 6.0
-2.0 8.0 0.0 -62.0 2.0 0.0
-2.0 8.0 4.0 -64.0 -4.0 -4.0
-6.0 8.0 4.0 -62.0 -2.0 -4.0
-6.0 8.0 4.0 -64.0 -8.0 -4.0
-6.0 8.0 0.0 -58.0 -2.0 0.0
-6.0 8.0 0.0 -64.0 0.0 0.0
-4.0 8.0 4.0 -64.0 0.0 0.0
-4.0 14.0 4.0 -64.0 -2.0 -4.0
-4.0 14.0 4.0 -60.0 -2.0 -2.0
-6.0 12.0 4.0 -60.0 -2.0 -2.0
-4.0 6.0 -2.0 -60.0 -4.0 0.0
-4.0 8.0 4.0 -60.0 -4.0 0.0
-4.0 6.0 2.0 -58.0 -4.0 0.0
-12.0 8.0 2.0 -58.0 -4.0 -4.0
-12.0 6.0 0.0 -58.0 -4.0 -4.0
-12.0 4.0 0.0 -58.0 -4.0 -4.0
-4.0 4.0 0.0 -58.0 -4.0 -2.0
-6.0 8.0 0.0 -58.0 -4.0 -2.0
-6.0 10.0 -2.0 -56.0 -2.0 -4.0
-6.0 12.0 -2.0 -60.0 -2.0 -4.0
-6.0 12.0 -2.0 -66.0 -2.0 4.0
-10.0 10.0 0.0 -66.0 0.0 4.0
-10.0 8.0 0.0 -54.0 -4.0 2.0
-10.0 10.0 0.0 -54.0 2.0 0.0
-6.0 10.0 0.0 -54.0 4.0 0.0
-4.0 10.0 2.0 -54.0 4.0 0.0
-2.0 10.0 2.0 -54.0 -2.0 -2.0
-4.0 6.0 2.0 -62.0 -2.0 -2.0
-10.0 10.0 2.0 -62.0 -6.0 -2.0
-10.0 10.0 0.0 -60.0 -4.0 -4.0
-10.0 10.0 -4.0 -60.0 -4.0 -2.0
-10.0 16.0 -8.0 -62.0 -2.0 -2.0
-6.0 8.0 -8.0 -62.0 4.0 6.0
-6.0 8.0 2.0 -66.0 4.0 6.0
-6.0 8.0 2.0 -56.0 6.0 6.0
-10.0 10.0 2.0 -56.0 0.0 8.0
-6.0 10.0 -2.0 -56.0 0.0 8.0
-8.0 8.0 -2.0 -60.0 0.0 0.0
-6.0 8.0 -2.0 -60.0 0.0 0.0
-8.0 14.0 2.0 -54.0 0.0 0.0
-6.0 14.0 2.0 -54.0 0.0 0.0
-8.0 16.0 2.0 -52.0 6.0 -2.0
-6.0 8.0 0.0 -58.0 6.0 0.0
-6.0 8.0 -2.0 -62.0 0.0 -2.0
-6.0 8.0 -2.0 -62.0 0.0 0.0
-2.0 8.0 -4.0 -62.0 0.0 -2.0
-6.0 6.0 0.0 -62.0 -2.0 0.0
-6.0 14.0 -4.0 -62.0 -2.0 -6.0
-6.0 2.0 -2.0 -62.0 -2.0 -4.0
-6.0 12.0 -2.0 -62.0 2.0 -4.0
-6.0 12.0 4.0 -52.0 2.0 0.0
-2.0 12.0 6.0 -58.0 8.0 4.0
-6.0 16.0 6.0 -52.0 -4.0 4.0
-14.0 16.0 0.0 -58.0 -4.0 0.0
-14.0 4.0 0.0 -66.0 -4.0 0.0
-10.0 2.0 -2.0 -66.0 -2.0 0.0
-10.0 2.0 -2.0 -58.0 -2.0 0.0
-10.0 2.0 0.0 -58.0 -2.0 -2.0
-6.0 12.0 2.0 -62.0 -2.0 -4.0
-6.0 12.0 0.0 -62.0 0.0 -2.0
-6.0 14.0 -6.0 -60.0 0.0 -2.0
0.0 14.0 -6.0 -60.0 0.0 0.0
0.0 6.0 0.0 -60.0 6.0 0.0
0.0 2.0 6.0 -58.0 -2.0 0.0
2.0 6.0 6.0 -60.0 4.0 0.0
2.0 10.0 0.0 -60.0 4.0 0.0
2.0 12.0 0.0 -60.0 4.0 0.0
-4.0 14.0 0.0 -58.0 4.0 -4.0
-4.0 12.0 0.0 -56.0 4.0 -2.0
-4.0 8.0 0.0 -58.0 2.0 -6.0
0.0 8.0 0.0 -58.0 2.0 -2.0
0.0 4.0 2.0 -58.0 2.0 -6.0
0.0 8.0 2.0 -58.0 4.0 -6.0
0.0 8.0 2.0 -56.0 2.0 -6.0
0.0 10.0 0.0 -56.0 4.0 0.0
0.0 10.0 2.0 -56.0 2.0 0.0
0.0 12.0 -2.0 -58.0 2.0 0.0
0.0 12.0 -2.0 -68.0 0.0 0.0
2.0 12.0 -2.0 -68.0 -2.0 -2.0
6.0 14.0 -2.0 -58.0 -2.0 -2.0
6.0 12.0 -2.0 -58.0 0.0 -2.0
2.0 14.0 -2.0 -60.0 8.0 -2.0
-2.0 4.0 4.0 -60.0 8.0 -2.0
-2.0 14.0 4.0 -64.0 2.0 -2.0
-2.0 2.0 2.0 -64.0 2.0 -2.0
2.0 14.0 -2.0 -60.0 6.0 2.0
2.0 6.0 -2.0 -60.0 6.0 2.0
2.0 14.0 2.0 -60.0 6.0 2.0
2.0 8.0 4.0 -66.0 6.0 -2.0
0.0 10.0 4.0 -70.0 2.0 0.0
2.0 8.0 2.0 -70.0 6.0 -2.0
0.0 8.0 -2.0 -68.0 4.0 -2.0
-4.0 8.0 -2.0 -64.0 4.0 -2.0
