# Target: open_hand
# Dominant_Vision: Open Hand
-2.0 0.0 0.0 0.0 0.0 -8.0
-2.0 0.0 0.0 0.0 -2.0 -6.0
-2.0 0.0 -2.0 2.0 -4.0 -8.0
-2.0 0.0 4.0 2.0 -4.0 -12.0
-2.0 0.0 6.0 2.0 -6.0 -12.0
-6.0 0.0 6.0 4.0 -2.0 -12.0
-6.0 0.0 4.0 4.0 -6.0 -12.0
-4.0 0.0 -6.0 4.0 -2.0 -14.0
-2.0 0.0 -4.0 4.0 -12.0 -14.0
-2.0 4.0 -6.0 0.0 -2.0 -14.0
-2.0 4.0 -4.0 2.0 -8.0 -12.0
-4.0 4.0 -6.0 2.0 -2.0 -12.0
-4.0 8.0 -6.0 10.0 -2.0 -12.0
-8.0 4.0 -6.0 10.0 -2.0 -12.0
-8.0 4.0 -4.0 10.0 -2.0 -14.0
-4.0 -2.0 -2.0 12.0 0.0 -14.0
-4.0 4.0 0.0 6.0 -2.0 -14.0
-2.0 -2.0 0.0 6.0 -6.0 -12.0
4.0 4.0 -2.0 6.0 -6.0 -12.0
4.0 4.0 -6.0 6.0 -4.0 -8.0
2.0 4.0 -4.0 6.0 -4.0 -8.0
-4.0 4.0 -6.0 6.0 0.0 -2.0
-4.0 2.0 -4.0 6.0 -6.0 -2.0
6.0 -2.0 -6.0 8.0 -2.0 -4.0
6.0 -2.0 -2.0 8.0 -6.0 -10.0
6.0 2.0 -2.0 8.0 -2.0 -10.0
6.0 2.0 0.0 10.0 -2.0 -10.0
10.0 4.0 2.0 14.0 -2.0 -10.0
24.0 4.0 4.0 34.0 -2.0 -4.0
34.0 12.0 4.0 44.0 -4.0 -6.0
36.0 12.0 4.0 44.0 -4.0 -6.0
36.0 12.0 4.0 44.0 -4.0 -12.0
30.0 8.0 4.0 44.0 0.0 -12.0
26.0 12.0 4.0 44.0 -4.0 -8.0
20.0 10.0 -2.0 52.0 -12.0 -6.0
16.0 12.0 -2.0 74.0 -12.0 -6.0
4.0 12.0 10.0 88.0 -10.0 -2.0
4.0 12.0 10.0 100.0 -8.0 0.0
8.0 18.0 10.0 100.0 -8.0 0.0
20.0 18.0 10.0 100.0 -4.0 -4.0
22.0 18.0 10.0 100.0 0.0 -4.0
22.0 22.0 10.0 100.0 0.0 -4.0
14.0 22.0 8.0 100.0 0.0 -4.0
14.0 28.0 2.0 100.0 0.0 -6.0
16.0 28.0 2.0 100.0 -2.0 -6.0
16.0 26.0 6.0 100.0 -8.0 -4.0
6.0 22.0 8.0 100.0 -8.0 -4.0
6.0 22.0 6.0 100.0 -8.0 -4.0
10.0 18.0 8.0 100.0 -8.0 0.0
16.0 14.0 8.0 100.0 -14.0 0.0
26.0 18.0 8.0 100.0 -8.0 -6.0
30.0 16.0 14.0 100.0 -10.0 -6.0
32.0 16.0 14.0 100.0 -6.0 -2.0
36.0 12.0 16.0 100.0 -2.0 -2.0
44.0 12.0 12.0 100.0 -2.0 -6.0
44.0 12.0 12.0 100.0 -2.0 -8.0
42.0 8.0 12.0 100.0 -4.0 -10.0
42.0 8.0 12.0 88.0 -2.0 -10.0
44.0 8.0 12.0 82.0 4.0 -10.0
44.0 10.0 12.0 82.0 4.0 -8.0
42.0 12.0 6.0 74.0 -2.0 -6.0
40.0 12.0 8.0 68.0 -2.0 -6.0
42.0 10.0 8.0 68.0 -2.0 -6.0
38.0 2.0 14.0 68.0 -2.0 -6.0
38.0 10.0 14.0 62.0 -2.0 -6.0
36.0 12.0 16.0 62.0 -2.0 -2.0
36.0 12.0 16.0 62.0 0.0 -2.0
38.0 8.0 16.0 48.0 0.0 -2.0
38.0 4.0 16.0 44.0 -4.0 -6.0
44.0 4.0 6.0 40.0 -4.0 -10.0
38.0 8.0 6.0 40.0 -2.0 -12.0
36.0 8.0 8.0 34.0 0.0 -12.0
32.0 8.0 8.0 40.0 0.0 -8.0
30.0 8.0 8.0 34.0 0.0 -8.0
26.0 8.0 12.0 40.0 -6.0 -12.0
26.0 8.0 14.0 34.0 -4.0 -12.0
26.0 12.0 12.0 38.0 -4.0 -8.0
26.0 6.0 10.0 34.0 -4.0 -8.0
22.0 8.0 10.0 38.0 2.0 -8.0
16.0 6.0 8.0 34.0 0.0 -14.0
22.0 8.0 10.0 34.0 0.0 -4.0
30.0 2.0 14.0 34.0 0.0 -14.0
30.0 8.0 14.0 34.0 0.0 -4.0
26.0 8.0 12.0 34.0 0.0 -12.0
24.0 8.0 12.0 18.0 0.0 -6.0
24.0 0.0 6.0 18.0 -2.0 -10.0
24.0 0.0 12.0 18.0 -2.0 -10.0
20.0 4.0 18.0 12.0 -2.0 -10.0
26.0 4.0 18.0 12.0 0.0 -14.0
24.0 4.0 18.0 12.0 -2.0 -12.0
24.0 8.0 6.0 16.0 -6.0 -20.0
24.0 8.0 6.0 16.0 -6.0 -12.0
22.0 10.0 6.0 16.0 0.0 -6.0
20.0 4.0 6.0 20.0 0.0 -4.0
20.0 10.0 2.0 10.0 -2.0 -4.0
20.0 4.0 8.0 14.0 -2.0 -4.0
22.0 4.0 2.0 14.0 4.0 -4.0
20.0 0.0 8.0 16.0 4.0 0.0
30.0 0.0 -2.0 18.0 2.0 0.0
20.0 0.0 8.0 18.0 -6.0 0.0
24.0 2.0 8.0 18.0 -6.0 0.0
18.0 4.0 8.0 22.0 -4.0 0.0
22.0 2.0 12.0 22.0 0.0 -2.0
22.0 4.0 2.0 20.0 -2.0 -2.0
24.0 4.0 12.0 20.0 -2.0 0.0
24.0 4.0 14.0 20.0 -8.0 0.0
20.0 10.0 14.0 20.0 -8.0 -2.0
20.0 2.0 12.0 18.0 -8.0 -8.0
22.0 2.0 10.0 18.0 -6.0 -6.0
22.0 2.0 10.0 18.0 -6.0 -6.0
22.0 8.0 10.0 14.0 0.0 -6.0
26.0 8.0 4.0 12.0 0.0 -2.0
26.0 8.0 8.0 12.0 0.0 -2.0
22.0 10.0 8.0 14.0 0.0 0.0
22.0 10.0 8.0 20.0 0.0 0.0
24.0 8.0 10.0 20.0 -2.0 -14.0
24.0 6.0 10.0 12.0 -2.0 -14.0
24.0 6.0 6.0 12.0 -2.0 -8.0
22.0 6.0 6.0 12.0 -6.0 -6.0
24.0 8.0 6.0 16.0 -6.0 -6.0
24.0 6.0 14.0 16.0 0.0 -4.0
24.0 6.0 14.0 18.0 0.0 -4.0
24.0 4.0 12.0 16.0 -2.0 -2.0
16.0 -2.0 4.0 10.0 -6.0 -2.0
16.0 -2.0 4.0 8.0 -6.0 -6.0
16.0 0.0 4.0 8.0 0.0 -10.0
20.0 2.0 6.0 14.0 0.0 -8.0
20.0 2.0 6.0 14.0 0.0 -8.0
20.0 2.0 6.0 14.0 -2.0 -8.0
20.0 2.0 8.0 14.0 -4.0 -4.0
10.0 -2.0 8.0 14.0 -6.0 -8.0
22.0 0.0 8.0 14.0 -6.0 -8.0
16.0 0.0 2.0 14.0 -4.0 -8.0
22.0 0.0 2.0 14.0 -2.0 -4.0
22.0 6.0 2.0 10.0 -4.0 -4.0
24.0 6.0 6.0 10.0 -4.0 -6.0
24.0 4.0 12.0 10.0 -4.0 -8.0
26.0 -2.0 10.0 8.0 -4.0 -6.0
28.0 4.0 10.0 8.0 -8.0 -2.0
28.0 2.0 2.0 8.0 -8.0 -2.0
20.0 2.0 2.0 10.0 -2.0 -6.0
20.0 2.0 8.0 10.0 -2.0 -8.0
20.0 4.0 8.0 14.0 -4.0 -8.0
20.0 6.0 8.0 14.0 -12.0 -8.0
20.0 8.0 8.0 14.0 -4.0 -8.0
20.0 8.0 10.0 14.0 -8.0 -16.0
24.0 4.0 10.0 14.0 -4.0 -6.0
24.0 2.0 2.0 16.0 -4.0 -6.0
24.0 2.0 2.0 18.0 -4.0 -6.0
24.0 4.0 4.0 18.0 0.0 -6.0
24.0 4.0 4.0 18.0 -4.0 -6.0
22.0 4.0 6.0 22.0 4.0 -4.0
22.0 -2.0 6.0 22.0 -4.0 -4.0
22.0 4.0 2.0 20.0 4.0 -10.0
22.0 4.0 2.0 20.0 2.0 -10.0
22.0 4.0 6.0 16.0 2.0 -10.0
22.0 6.0 6.0 16.0 0.0 -8.0
24.0 2.0 8.0 16.0 -2.0 -6.0
24.0 8.0 4.0 16.0 0.0 -4.0
24.0 2.0 6.0 16.0 -2.0 -6.0
16.0 8.0 6.0 18.0 -6.0 -6.0
20.0 2.0 6.0 16.0 -8.0 -6.0
18.0 2.0 10.0 12.0 -6.0 -6.0
20.0 2.0 6.0 12.0 -4.0 -10.0
18.0 2.0 8.0 10.0 -4.0 -10.0
20.0 2.0 6.0 12.0 -4.0 -10.0
22.0 2.0 8.0 10.0 -6.0 -10.0
22.0 2.0 2.0 10.0 0.0 -10.0
22.0 4.0 10.0 10.0 -6.0 -4.0
20.0 8.0 2.0 8.0 2.0 -4.0
20.0 4.0 10.0 12.0 -4.0 -10.0
20.0 -4.0 12.0 18.0 -4.0 -12.0
20.0 -4.0 14.0 18.0 -4.0 -12.0
20.0 4.0 12.0 12.0 -4.0 -14.0
18.0 4.0 0.0 12.0 0.0 -4.0
16.0 4.0 -2.0 12.0 2.0 -4.0
18.0 10.0 -2.0 4.0 0.0 0.0
18.0 -2.0 -2.0 4.0 -2.0 0.0
18.0 4.0 -2.0 4.0 -2.0 0.0
26.0 2.0 -2.0 12.0 -2.0 -2.0
22.0 4.0 -2.0 10.0 -2.0 -4.0
22.0 4.0 4.0 10.0 -6.0 -6.0
22.0 10.0 4.0 10.0 -2.0 -4.0
22.0 4.0 6.0 16.0 0.0 -8.0
22.0 4.0 12.0 18.0 0.0 -6.0
22.0 4.0 6.0 16.0 -4.0 -6.0
22.0 4.0 4.0 12.0 -6.0 -6.0
22.0 2.0 4.0 6.0 -6.0 -12.0
22.0 2.0 -2.0 4.0 -6.0 -12.0
24.0 4.0 4.0 6.0 -6.0 -10.0
28.0 6.0 0.0 8.0 -6.0 -10.0
28.0 6.0 8.0 18.0 -4.0 -8.0
26.0 6.0 4.0 18.0 -4.0 -6.0
20.0 8.0 8.0 18.0 -4.0 -4.0
18.0 8.0 4.0 22.0 -4.0 -6.0
20.0 4.0 8.0 22.0 -4.0 -8.0
22.0 4.0 2.0 12.0 -4.0 -10.0
22.0 4.0 12.0 12.0 -8.0 -8.0
20.0 6.0 10.0 6.0 -4.0 -8.0
16.0 4.0 12.0 12.0 -8.0 -6.0
20.0 6.0 10.0 16.0 -8.0 -4.0
20.0 2.0 6.0 18.0 -8.0 -4.0
20.0 8.0 4.0 18.0 -2.0 -8.0
16.0 6.0 6.0 12.0 -2.0 -8.0
12.0 6.0 8.0 12.0 -6.0 -8.0
16.0 4.0 8.0 12.0 -6.0 -6.0
12.0 4.0 8.0 12.0 2.0 -10.0
18.0 4.0 2.0 14.0 2.0 -14.0
14.0 2.0 2.0 18.0 2.0 -14.0
16.0 2.0 2.0 18.0 -2.0 -8.0
16.0 2.0 2.0 18.0 -6.0 -6.0
16.0 8.0 4.0 14.0 -6.0 -6.0
16.0 0.0 6.0 14.0 -4.0 -2.0
18.0 0.0 6.0 4.0 -4.0 -2.0
20.0 0.0 0.0 4.0 -2.0 -6.0
20.0 2.0 -2.0 8.0 -2.0 -16.0
14.0 2.0 0.0 18.0 -2.0 -16.0
8.0 -2.0 0.0 18.0 -2.0 -8.0
14.0 -2.0 8.0 14.0 -2.0 -4.0
14.0 6.0 8.0 14.0 -2.0 0.0
26.0 6.0 0.0 12.0 -2.0 0.0
20.0 6.0 0.0 12.0 -2.0 -8.0
20.0 10.0 2.0 12.0 -2.0 -8.0
20.0 10.0 8.0 16.0 2.0 -8.0
20.0 6.0 8.0 14.0 2.0 -4.0
20.0 2.0 8.0 14.0 2.0 -4.0
18.0 2.0 4.0 10.0 -2.0 -4.0
18.0 2.0 10.0 10.0 2.0 -10.0
18.0 0.0 4.0 14.0 2.0 -10.0
