# Target: open_hand
# Dominant_Vision: Open Hand
0.0 0.0 0.0 0.0 -4.0 -2.0
0.0 0.0 -4.0 0.0 0.0 0.0
4.0 0.0 -4.0 -8.0 -2.0 0.0
4.0 0.0 2.0 -8.0 -2.0 0.0
-4.0 -2.0 2.0 -8.0 -2.0 0.0
-4.0 0.0 2.0 -8.0 -2.0 -2.0
6.0 -2.0 2.0 -10.0 -2.0 -2.0
6.0 -4.0 4.0 -10.0 -2.0 -4.0
6.0 -4.0 4.0 -14.0 2.0 2.0
6.0 0.0 2.0 -4.0 2.0 0.0
8.0 2.0 0.0 -6.0 -2.0 0.0
8.0 4.0 2.0 -6.0 -2.0 0.0
6.0 2.0 4.0 -8.0 -2.0 6.0
0.0 -2.0 4.0 -8.0 0.0 6.0
0.0 -2.0 4.0 -2.0 4.0 2.0
0.0 6.0 2.0 0.0 4.0 -2.0
0.0 6.0 4.0 0.0 0.0 -2.0
4.0 -6.0 8.0 0.0 -4.0 -2.0
-4.0 -8.0 8.0 -4.0 -4.0 -2.0
-4.0 -8.0 6.0 -10.0 -2.0 -2.0
-4.0 -8.0 6.0 -4.0 -2.0 -2.0
-2.0 0.0 2.0 -10.0 -2.0 -2.0
2.0 -4.0 6.0 -4.0 -4.0 -2.0
2.0 -4.0 8.0 -10.0 -4.0 -4.0
0.0 -4.0 8.0 -10.0 -4.0 -4.0
0.0 -6.0 6.0 -10.0 -2.0 -4.0
-2.0 0.0 4.0 -6.0 4.0 -2.0
-2.0 0.0 4.0 -6.0 4.0 -2.0
-2.0 0.0 4.0 0.0 -2.0 0.0
0.0 0.0 4.0 -6.0 -2.0 0.0
0.0 -2.0 0.0 0.0 -2.0 -2.0
10.0 -2.0 0.0 -8.0 -2.0 -2.0
6.0 -2.0 2.0 -2.0 -4.0 -8.0
10.0 -4.0 6.0 -8.0 -4.0 6.0
12.0 0.0 6.0 -4.0 -4.0 0.0
16.0 0.0 8.0 -4.0 -2.0 4.0
40.0 0.0 10.0 0.0 -2.0 0.0
48.0 4.0 10.0 8.0 -2.0 0.0
60.0 8.0 12.0 28.0 12.0 0.0
72.0 18.0 12.0 38.0 14.0 -2.0
84.0 18.0 12.0 52.0 24.0 -2.0
84.0 18.0 12.0 74.0 26.0 -2.0
84.0 18.0 12.0 100.0 30.0 -2.0
100.0 18.0 10.0 100.0 38.0 0.0
100.0 20.0 4.0 100.0 42.0 -2.0
100.0 20.0 4.0 100.0 42.0 0.0
100.0 24.0 18.0 100.0 52.0 2.0
100.0 20.0 18.0 100.0 60.0 2.0
100.0 24.0 16.0 100.0 64.0 4.0
100.0 20.0 14.0 100.0 66.0 0.0
100.0 20.0 14.0 100.0 68.0 4.0
100.0 20.0 12.0 100.0 68.0 4.0
100.0 20.0 18.0 100.0 68.0 6.0
100.0 16.0 18.0 100.0 74.0 10.0
100.0 16.0 20.0 100.0 76.0 6.0
100.0 18.0 24.0 100.0 76.0 10.0
100.0 18.0 24.0 100.0 82.0 12.0
100.0 22.0 26.0 100.0 82.0 12.0
100.0 24.0 16.0 100.0 78.0 12.0
100.0 24.0 26.0 100.0 78.0 6.0
100.0 14.0 22.0 100.0 72.0 6.0
100.0 14.0 22.0 100.0 78.0 6.0
100.0 24.0 22.0 100.0 72.0 12.0
100.0 24.0 22.0 100.0 72.0 6.0
100.0 24.0 20.0 100.0 72.0 12.0
100.0 24.0 20.0 100.0 62.0 6.0
100.0 22.0 18.0 100.0 62.0 6.0
100.0 24.0 18.0 100.0 62.0 4.0
100.0 20.0 20.0 100.0 54.0 0.0
100.0 24.0 20.0 100.0 62.0 4.0
100.0 24.0 20.0 100.0 54.0 4.0
100.0 24.0 20.0 100.0 54.0 4.0
100.0 22.0 26.0 100.0 48.0 4.0
100.0 20.0 26.0 100.0 48.0 4.0
100.0 22.0 26.0 100.0 46.0 0.0
100.0 22.0 26.0 100.0 44.0 0.0
100.0 22.0 22.0 100.0 36.0 -2.0
100.0 18.0 20.0 100.0 32.0 -8.0
100.0 18.0 16.0 100.0 28.0 -8.0
100.0 18.0 16.0 100.0 20.0 -8.0
100.0 18.0 14.0 100.0 14.0 -2.0
100.0 2.0 14.0 100.0 14.0 -4.0
100.0 2.0 12.0 100.0 14.0 -4.0
100.0 4.0 8.0 100.0 10.0 -4.0
100.0 4.0 8.0 100.0 4.0 -4.0
100.0 8.0 8.0 100.0 2.0 0.0
100.0 4.0 8.0 100.0 2.0 -6.0
100.0 0.0 12.0 100.0 2.0 -6.0
100.0 -4.0 8.0 100.0 -2.0 -6.0
100.0 0.0 8.0 94.0 -10.0 2.0
100.0 2.0 8.0 88.0 -2.0 2.0
98.0 2.0 8.0 70.0 -10.0 -4.0
98.0 -4.0 10.0 70.0 0.0 -4.0
88.0 -4.0 10.0 64.0 -2.0 -4.0
88.0 -4.0 12.0 54.0 -2.0 -2.0
80.0 0.0 12.0 52.0 -4.0 -8.0
78.0 0.0 14.0 42.0 -6.0 -6.0
68.0 0.0 4.0 42.0 -10.0 -6.0
68.0 -4.0 4.0 38.0 -10.0 -6.0
68.0 -4.0 4.0 38.0 -10.0 -4.0
70.0 -6.0 4.0 32.0 -10.0 -6.0
70.0 -6.0 2.0 32.0 -10.0 -4.0
60.0 -6.0 2.0 40.0 -4.0 -6.0
60.0 -6.0 0.0 40.0 -4.0 -6.0
60.0 -6.0 2.0 32.0 -4.0 -6.0
60.0 -4.0 2.0 32.0 -14.0 -6.0
46.0 -4.0 2.0 36.0 -10.0 -6.0
34.0 -4.0 2.0 36.0 -12.0 -6.0
30.0 -4.0 0.0 36.0 -12.0 -10.0
28.0 -10.0 0.0 30.0 -16.0 -10.0
24.0 -12.0 14.0 20.0 -16.0 -6.0
22.0 -12.0 14.0 20.0 -10.0 -2.0
20.0 -4.0 6.0 24.0 -8.0 -2.0
14.0 -4.0 6.0 24.0 -10.0 -2.0
20.0 -4.0 6.0 22.0 -10.0 -6.0
14.0 0.0 10.0 22.0 -10.0 -8.0
12.0 0.0 10.0 20.0 -6.0 -6.0
10.0 0.0 12.0 20.0 -6.0 -2.0
10.0 -2.0 10.0 24.0 -6.0 -2.0
8.0 -4.0 8.0 24.0 -4.0 -4.0
8.0 -10.0 6.0 22.0 -4.0 -6.0
8.0 -10.0 4.0 18.0 -8.0 -8.0
8.0 -4.0 0.0 22.0 -8.0 -10.0
4.0 -4.0 0.0 18.0 -6.0 -10.0
4.0 -4.0 2.0 18.0 -6.0 2.0
8.0 -2.0 4.0 16.0 -6.0 2.0
8.0 -2.0 10.0 16.0 -6.0 -12.0
6.0 -2.0 10.0 16.0 -6.0 -12.0
6.0 -4.0 4.0 16.0 -4.0 -6.0
8.0 -4.0 2.0 12.0 -6.0 -2.0
8.0 -4.0 2.0 12.0 -4.0 -2.0
10.0 -4.0 8.0 18.0 -6.0 -2.0
8.0 -4.0 10.0 18.0 -4.0 -2.0
10.0 -4.0 8.0 14.0 -2.0 -2.0
0.0 0.0 8.0 14.0 -2.0 -4.0
10.0 0.0 8.0 10.0 -2.0 -4.0
6.0 -4.0 6.0 6.0 -6.0 -2.0
10.0 -4.0 0.0 4.0 -8.0 -2.0
6.0 -2.0 0.0 4.0 -10.0 2.0
6.0 -2.0 8.0 10.0 -10.0 -6.0
6.0 -2.0 8.0 10.0 -6.0 -4.0
6.0 -4.0 6.0 2.0 -6.0 -6.0
2.0 -6.0 6.0 2.0 -2.0 -4.0
2.0 -10.0 6.0 -2.0 -2.0 -2.0
2.0 -8.0 14.0 12.0 -2.0 8.0
4.0 -16.0 2.0 8.0 -4.0 2.0
4.0 -8.0 8.0 8.0 -4.0 2.0
4.0 -8.0 8.0 4.0 -4.0 2.0
2.0 -2.0 12.0 4.0 -4.0 0.0
6.0 4.0 12.0 10.0 -4.0 -6.0
2.0 -2.0 12.0 14.0 -2.0 -6.0
6.0 4.0 6.0 14.0 -4.0 -6.0
8.0 6.0 2.0 14.0 4.0 -4.0
10.0 6.0 2.0 14.0 -2.0 -4.0
10.0 -4.0 12.0 14.0 6.0 0.0
8.0 -4.0 12.0 16.0 0.0 -4.0
8.0 -8.0 6.0 16.0 0.0 0.0
10.0 -2.0 6.0 16.0 -2.0 0.0
12.0 -2.0 10.0 16.0 -2.0 0.0
14.0 0.0 10.0 12.0 0.0 0.0
18.0 0.0 10.0 12.0 0.0 -2.0
14.0 2.0 10.0 8.0 0.0 0.0
2.0 -2.0 8.0 12.0 -6.0 -2.0
2.0 -2.0 10.0 12.0 -10.0 4.0
2.0 -4.0 8.0 12.0 -10.0 -2.0
10.0 -4.0 8.0 12.0 2.0 -2.0
4.0 -2.0 8.0 12.0 2.0 -2.0
4.0 -2.0 8.0 12.0 -2.0 2.0
4.0 -4.0 12.0 12.0 -8.0 2.0
6.0 -6.0 8.0 10.0 -8.0 4.0
6.0 -6.0 8.0 10.0 -8.0 2.0
6.0 -4.0 6.0 8.0 -4.0 2.0
12.0 -4.0 8.0 10.0 -4.0 0.0
12.0 -2.0 6.0 8.0 -6.0 -2.0
12.0 4.0 8.0 10.0 -6.0 -6.0
10.0 4.0 4.0 10.0 -6.0 -6.0
10.0 8.0 4.0 10.0 -6.0 -2.0
8.0 8.0 4.0 8.0 -6.0 -2.0
6.0 6.0 2.0 8.0 -6.0 -2.0
6.0 0.0 6.0 12.0 0.0 -2.0
6.0 0.0 12.0 12.0 0.0 -2.0
8.0 -2.0 12.0 12.0 2.0 -2.0
6.0 -2.0 10.0 10.0 2.0 -4.0
4.0 -2.0 6.0 12.0 2.0 -4.0
4.0 0.0 6.0 10.0 -4.0 2.0
2.0 -4.0 2.0 8.0 -4.0 2.0
2.0 -4.0 2.0 8.0 -4.0 -6.0
2.0 -4.0 4.0 6.0 2.0 -6.0
6.0 -4.0 8.0 14.0 2.0 -6.0
6.0 -6.0 8.0 10.0 2.0 -6.0
6.0 -6.0 8.0 10.0 -2.0 2.0
6.0 -6.0 8.0 10.0 2.0 2.0
0.0 -4.0 14.0 12.0 4.0 0.0
0.0 -4.0 14.0 12.0 4.0 0.0
6.0 6.0 6.0 12.0 -2.0 0.0
6.0 8.0 6.0 8.0 -2.0 -2.0
6.0 8.0 10.0 8.0 -2.0 -2.0
4.0 4.0 10.0 12.0 0.0 -2.0
6.0 4.0 12.0 12.0 2.0 -2.0
4.0 4.0 8.0 12.0 2.0 -2.0
0.0 2.0 8.0 8.0 2.0 -6.0
-6.0 2.0 8.0 18.0 2.0 -22.0
0.0 2.0 8.0 8.0 -2.0 -6.0
6.0 -4.0 8.0 12.0 -4.0 2.0
6.0 -4.0 8.0 10.0 -2.0 2.0
2.0 0.0 8.0 12.0 -2.0 0.0
0.0 0.0 8.0 16.0 -2.0 -2.0
-2.0 0.0 8.0 16.0 -2.0 0.0
-2.0 12.0 12.0 12.0 -2.0 -2.0
6.0 -4.0 12.0 12.0 0.0 -2.0
8.0 0.0 18.0 12.0 0.0 -2.0
10.0 0.0 4.0 10.0 0.0 -6.0
10.0 2.0 4.0 10.0 0.0 0.0
10.0 2.0 2.0 4.0 0.0 -2.0
10.0 2.0 2.0 6.0 0.0 -2.0
4.0 -2.0 2.0 6.0 0.0 -6.0
4.0 -2.0 14.0 6.0 0.0 -6.0
0.0 -2.0 12.0 0.0 -6.0 -6.0
0.0 -6.0 14.0 0.0 -8.0 -4.0
0.0 -2.0 12.0 6.0 -8.0 -2.0
0.0 -16.0 8.0 6.0 -8.0 2.0
10.0 -10.0 8.0 10.0 -4.0 2.0
10.0 -10.0 8.0 10.0 -4.0 2.0
10.0 -4.0 10.0 10.0 -4.0 -6.0
4.0 -4.0 6.0 10.0 -4.0 -4.0
4.0 -2.0 10.0 6.0 -4.0 -4.0
