# Target: open_hand
# Dominant_Vision: Open Hand
0.0 0.0 0.0 0.0 -4.0 0.0
0.0 0.0 -4.0 0.0 -4.0 2.0
-4.0 -2.0 -4.0 6.0 -4.0 2.0
-4.0 4.0 -4.0 10.0 -12.0 6.0
-2.0 -4.0 4.0 10.0 -12.0 -4.0
0.0 -4.0 4.0 -2.0 -12.0 2.0
-2.0 -4.0 4.0 -2.0 -12.0 2.0
-2.0 2.0 0.0 -2.0 -8.0 2.0
-8.0 2.0 0.0 -2.0 -8.0 4.0
-8.0 -2.0 -2.0 -2.0 -10.0 6.0
-4.0 -2.0 -4.0 4.0 -10.0 8.0
0.0 -2.0 -4.0 4.0 -10.0 6.0
0.0 -2.0 0.0 0.0 -10.0 6.0
-4.0 -2.0 0.0 0.0 -10.0 0.0
-10.0 0.0 0.0 0.0 -10.0 -4.0
-4.0 2.0 0.0 -6.0 -10.0 0.0
-10.0 2.0 -8.0 -6.0 -10.0 -4.0
0.0 -8.0 -4.0 -6.0 -10.0 2.0
0.0 -8.0 -4.0 -2.0 -4.0 0.0
0.0 -2.0 -4.0 0.0 -4.0 2.0
0.0 -2.0 -2.0 2.0 -4.0 0.0
2.0 -6.0 -2.0 2.0 -4.0 6.0
2.0 -6.0 -2.0 -8.0 -14.0 2.0
4.0 -6.0 -4.0 -8.0 -6.0 4.0
4.0 -8.0 -4.0 -4.0 -12.0 4.0
4.0 -8.0 0.0 2.0 -12.0 8.0
2.0 -8.0 0.0 -4.0 -12.0 8.0
2.0 -6.0 0.0 2.0 -10.0 6.0
0.0 -6.0 0.0 0.0 -10.0 6.0
0.0 -2.0 0.0 2.0 -8.0 4.0
0.0 -8.0 -4.0 2.0 -12.0 6.0
8.0 -8.0 -4.0 12.0 -8.0 4.0
12.0 -8.0 -4.0 12.0 -6.0 -4.0
12.0 -16.0 -2.0 12.0 -6.0 -6.0
16.0 -4.0 -2.0 12.0 -6.0 -6.0
20.0 -14.0 -2.0 6.0 -10.0 -4.0
20.0 -8.0 -4.0 6.0 -10.0 2.0
20.0 -8.0 -2.0 12.0 -16.0 -4.0
14.0 -8.0 -2.0 12.0 -16.0 -2.0
14.0 -10.0 -2.0 22.0 -8.0 -2.0
14.0 -10.0 6.0 34.0 -8.0 8.0
24.0 -8.0 0.0 46.0 -8.0 8.0
24.0 -8.0 0.0 66.0 -2.0 -8.0
24.0 -12.0 0.0 66.0 0.0 -8.0
30.0 -12.0 0.0 76.0 0.0 -2.0
30.0 -8.0 0.0 84.0 0.0 -2.0
30.0 -8.0 -2.0 88.0 -2.0 -2.0
30.0 -8.0 -2.0 98.0 -2.0 -2.0
46.0 -6.0 -2.0 100.0 2.0 2.0
46.0 -6.0 0.0 100.0 4.0 2.0
44.0 -12.0 8.0 100.0 4.0 4.0
44.0 -12.0 8.0 100.0 4.0 4.0
14.0 -6.0 2.0 100.0 14.0 4.0
14.0 -6.0 2.0 100.0 14.0 4.0
4.0 -6.0 -2.0 100.0 20.0 4.0
18.0 -8.0 2.0 100.0 20.0 14.0
16.0 -8.0 4.0 100.0 36.0 2.0
18.0 -4.0 6.0 100.0 38.0 10.0
18.0 4.0 6.0 100.0 44.0 6.0
18.0 -2.0 6.0 100.0 48.0 10.0
18.0 -2.0 10.0 100.0 48.0 10.0
18.0 -2.0 20.0 100.0 64.0 12.0
18.0 -8.0 20.0 100.0 64.0 10.0
18.0 -8.0 10.0 100.0 64.0 12.0
40.0 -6.0 10.0 100.0 66.0 8.0
52.0 -6.0 10.0 100.0 78.0 14.0
60.0 -6.0 18.0 100.0 80.0 10.0
76.0 -4.0 22.0 100.0 84.0 14.0
82.0 -4.0 26.0 100.0 88.0 10.0
100.0 -4.0 26.0 100.0 98.0 2.0
100.0 -4.0 26.0 100.0 100.0 2.0
100.0 -4.0 28.0 100.0 100.0 2.0
100.0 -6.0 28.0 100.0 100.0 2.0
100.0 -8.0 26.0 100.0 100.0 2.0
100.0 -8.0 26.0 100.0 100.0 2.0
100.0 -8.0 22.0 100.0 100.0 6.0
100.0 -6.0 24.0 100.0 100.0 6.0
100.0 -8.0 24.0 100.0 100.0 6.0
100.0 -8.0 28.0 100.0 100.0 6.0
100.0 -8.0 32.0 100.0 100.0 8.0
100.0 -20.0 32.0 100.0 100.0 8.0
100.0 -22.0 32.0 100.0 100.0 4.0
100.0 -22.0 32.0 100.0 98.0 2.0
100.0 -16.0 28.0 100.0 96.0 2.0
100.0 -16.0 28.0 100.0 92.0 2.0
100.0 -12.0 28.0 100.0 80.0 2.0
100.0 -22.0 28.0 100.0 70.0 -4.0
100.0 -18.0 26.0 100.0 64.0 -4.0
100.0 -18.0 26.0 100.0 58.0 -4.0
100.0 -18.0 26.0 100.0 56.0 8.0
100.0 -12.0 22.0 100.0 54.0 8.0
100.0 -18.0 22.0 100.0 54.0 0.0
100.0 -18.0 22.0 100.0 56.0 0.0
100.0 -18.0 22.0 100.0 62.0 0.0
100.0 -14.0 24.0 100.0 62.0 0.0
100.0 -14.0 22.0 100.0 62.0 0.0
100.0 -12.0 24.0 100.0 48.0 0.0
100.0 -8.0 26.0 100.0 46.0 0.0
100.0 -8.0 26.0 100.0 48.0 0.0
100.0 -16.0 18.0 100.0 46.0 -4.0
100.0 -16.0 18.0 100.0 50.0 -4.0
100.0 -22.0 18.0 100.0 40.0 -2.0
100.0 -14.0 24.0 100.0 46.0 0.0
100.0 -14.0 24.0 100.0 40.0 0.0
100.0 -12.0 24.0 100.0 44.0 0.0
100.0 -12.0 24.0 100.0 38.0 0.0
100.0 -18.0 22.0 100.0 22.0 0.0
100.0 -18.0 20.0 100.0 22.0 2.0
100.0 -16.0 18.0 100.0 22.0 4.0
100.0 -12.0 18.0 100.0 20.0 4.0
100.0 -14.0 24.0 100.0 20.0 4.0
100.0 -14.0 24.0 100.0 20.0 0.0
100.0 -14.0 16.0 100.0 16.0 -2.0
100.0 -14.0 16.0 100.0 16.0 -6.0
100.0 -14.0 16.0 100.0 14.0 -2.0
100.0 -12.0 18.0 100.0 14.0 4.0
100.0 -12.0 18.0 100.0 12.0 4.0
100.0 -12.0 18.0 100.0 12.0 4.0
100.0 -10.0 16.0 100.0 12.0 -2.0
100.0 -12.0 14.0 100.0 12.0 0.0
100.0 -12.0 14.0 100.0 16.0 0.0
100.0 -16.0 14.0 92.0 10.0 0.0
100.0 -16.0 16.0 92.0 14.0 0.0
100.0 -16.0 12.0 86.0 4.0 -6.0
100.0 -16.0 10.0 86.0 4.0 -6.0
100.0 -12.0 10.0 74.0 4.0 -6.0
100.0 -12.0 16.0 86.0 4.0 -2.0
100.0 -14.0 16.0 80.0 0.0 -2.0
100.0 -14.0 12.0 80.0 4.0 -2.0
100.0 -12.0 12.0 74.0 8.0 -2.0
100.0 -10.0 14.0 74.0 8.0 0.0
100.0 -10.0 14.0 74.0 6.0 0.0
100.0 -6.0 16.0 70.0 4.0 0.0
100.0 -10.0 8.0 68.0 4.0 0.0
100.0 -10.0 8.0 56.0 4.0 0.0
100.0 -12.0 8.0 56.0 4.0 -4.0
100.0 -16.0 8.0 62.0 2.0 -4.0
100.0 -16.0 14.0 62.0 -2.0 -2.0
100.0 -14.0 14.0 56.0 -2.0 -2.0
100.0 -14.0 14.0 50.0 -2.0 -2.0
100.0 -14.0 14.0 50.0 -2.0 -6.0
100.0 -10.0 12.0 50.0 -2.0 8.0
100.0 -10.0 12.0 48.0 4.0 -4.0
100.0 -18.0 12.0 48.0 4.0 -4.0
100.0 -18.0 12.0 48.0 -12.0 -4.0
100.0 -18.0 8.0 52.0 -12.0 -8.0
100.0 -14.0 8.0 52.0 0.0 -2.0
100.0 -8.0 14.0 38.0 0.0 2.0
100.0 -8.0 14.0 38.0 0.0 2.0
100.0 -8.0 8.0 32.0 0.0 0.0
100.0 -12.0 8.0 32.0 4.0 -8.0
100.0 -12.0 12.0 34.0 -4.0 -10.0
100.0 -12.0 12.0 34.0 -4.0 -8.0
100.0 -14.0 12.0 32.0 -4.0 -6.0
100.0 -16.0 16.0 28.0 -4.0 -6.0
100.0 -18.0 16.0 26.0 -2.0 0.0
100.0 -16.0 12.0 26.0 -2.0 0.0
100.0 -14.0 10.0 14.0 -4.0 -2.0
100.0 -14.0 10.0 14.0 -6.0 -4.0
100.0 -14.0 10.0 22.0 -6.0 -4.0
100.0 -8.0 2.0 22.0 -6.0 -4.0
100.0 -8.0 0.0 14.0 -6.0 -4.0
100.0 -12.0 2.0 10.0 -6.0 -4.0
100.0 -14.0 2.0 14.0 -6.0 -4.0
100.0 -14.0 14.0 10.0 -4.0 -4.0
100.0 -14.0 2.0 6.0 -8.0 -6.0
100.0 -16.0 14.0 6.0 -4.0 -6.0
100.0 -16.0 2.0 6.0 -8.0 0.0
100.0 -16.0 6.0 4.0 -6.0 2.0
100.0 -16.0 6.0 2.0 -8.0 0.0
100.0 -22.0 6.0 2.0 -6.0 2.0
100.0 -22.0 6.0 2.0 -6.0 -2.0
100.0 -18.0 2.0 -4.0 -6.0 -2.0
100.0 -14.0 2.0 -4.0 -6.0 -2.0
100.0 -18.0 0.0 -4.0 -10.0 2.0
100.0 -14.0 2.0 -4.0 -2.0 2.0
100.0 -18.0 0.0 -16.0 -8.0 2.0
100.0 -14.0 6.0 -14.0 -8.0 -6.0
100.0 -14.0 0.0 -14.0 -8.0 6.0
100.0 -10.0 6.0 -14.0 -10.0 4.0
100.0 -6.0 4.0 -14.0 -10.0 4.0
100.0 -6.0 6.0 -14.0 -6.0 4.0
100.0 -14.0 4.0 -10.0 -6.0 2.0
100.0 -14.0 0.0 -10.0 -6.0 2.0
100.0 -20.0 -2.0 -8.0 -10.0 -2.0
100.0 -12.0 -2.0 -6.0 -10.0 -2.0
100.0 -14.0 -2.0 -4.0 -10.0 0.0
100.0 -14.0 -2.0 -4.0 -12.0 4.0
100.0 -14.0 2.0 -10.0 -6.0 0.0
100.0 -16.0 6.0 -14.0 -12.0 0.0
96.0 -14.0 6.0 -16.0 -10.0 -8.0
96.0 -14.0 6.0 -16.0 -12.0 0.0
98.0 -10.0 2.0 -16.0 -12.0 0.0
98.0 -10.0 2.0 -20.0 -18.0 0.0
88.0 -16.0 6.0 -22.0 -12.0 4.0
88.0 -22.0 6.0 -24.0 -14.0 2.0
98.0 -16.0 2.0 -24.0 -10.0 2.0
98.0 -10.0 2.0 -18.0 -10.0 0.0
98.0 -6.0 2.0 -18.0 -8.0 -2.0
98.0 -6.0 6.0 -18.0 -8.0 -4.0
100.0 -22.0 4.0 -16.0 -10.0 -4.0
98.0 -22.0 4.0 -16.0 -10.0 -4.0
98.0 -22.0 2.0 -16.0 -16.0 2.0
98.0 -18.0 2.0 -16.0 -16.0 2.0
98.0 -6.0 2.0 -16.0 -18.0 2.0
98.0 -6.0 8.0 -16.0 -16.0 0.0
96.0 -6.0 8.0 -20.0 -6.0 -6.0
96.0 -10.0 8.0 -20.0 -6.0 -2.0
94.0 -10.0 6.0 -12.0 -8.0 -6.0
94.0 -14.0 2.0 -12.0 -8.0 -4.0
94.0 -16.0 6.0 -14.0 -8.0 -4.0
94.0 -14.0 2.0 -20.0 -10.0 -2.0
94.0 -12.0 2.0 -22.0 -10.0 6.0
94.0 -10.0 2.0 -20.0 -14.0 6.0
100.0 -6.0 6.0 -26.0 -14.0 0.0
100.0 -6.0 10.0 -22.0 -12.0 -4.0
96.0 -12.0 6.0 -22.0 -12.0 -4.0
96.0 -14.0 8.0 -22.0 -12.0 -4.0
96.0 -16.0 8.0 -22.0 -10.0 2.0
100.0 -16.0 8.0 -26.0 -4.0 2.0
100.0 -4.0 8.0 -26.0 -4.0 2.0
100.0 -4.0 2.0 -24.0 -14.0 2.0
100.0 -4.0 4.0 -24.0 -14.0 -4.0
100.0 -12.0 4.0 -24.0 -14.0 -6.0
100.0 -12.0 4.0 -22.0 -14.0 -6.0
100.0 -10.0 6.0 -22.0 -8.0 0.0
96.0 -10.0 6.0 -24.0 -14.0 0.0
96.0 -12.0 6.0 -24.0 -8.0 -6.0
