# Target: open_hand
# Dominant_Vision: Open Hand
-8.0 0.0 2.0 0.0 0.0 0.0
-8.0 -4.0 0.0 -6.0 0.0 -4.0
-8.0 -4.0 -2.0 -10.0 0.0 -4.0
-6.0 -4.0 -2.0 -10.0 0.0 6.0
-4.0 0.0 0.0 -12.0 0.0 6.0
-4.0 0.0 2.0 -6.0 6.0 6.0
2.0 0.0 10.0 -12.0 -4.0 0.0
2.0 0.0 10.0 -6.0 -4.0 -4.0
-2.0 0.0 8.0 -4.0 -4.0 -4.0
-2.0 0.0 2.0 -4.0 2.0 -2.0
-2.0 -2.0 2.0 -6.0 2.0 4.0
4.0 -2.0 8.0 -6.0 2.0 -2.0
2.0 0.0 8.0 -12.0 0.0 -4.0
2.0 0.0 10.0 -10.0 0.0 -8.0
-10.0 -6.0 10.0 -12.0 -8.0 -8.0
-10.0 -6.0 10.0 -14.0 -8.0 -4.0
-4.0 -4.0 0.0 -14.0 -2.0 -4.0
-2.0 -4.0 0.0 -4.0 -2.0 -2.0
-2.0 -10.0 0.0 -4.0 -2.0 -2.0
0.0 -10.0 8.0 -4.0 -2.0 2.0
2.0 -10.0 8.0 -4.0 -2.0 4.0
2.0 -6.0 2.0 -2.0 -4.0 4.0
0.0 -6.0 2.0 -2.0 -4.0 0.0
0.0 -4.0 2.0 -2.0 -6.0 0.0
2.0 -2.0 0.0 -4.0 -6.0 -4.0
2.0 6.0 0.0 -10.0 -6.0 0.0
6.0 -2.0 0.0 -10.0 -6.0 0.0
4.0 2.0 0.0 -10.0 -6.0 2.0
6.0 2.0 0.0 -10.0 -4.0 2.0
6.0 2.0 0.0 -10.0 -4.0 -2.0
10.0 0.0 4.0 6.0 -4.0 -6.0
10.0 -2.0 4.0 6.0 -8.0 -6.0
10.0 0.0 4.0 6.0 -8.0 -6.0
8.0 4.0 2.0 -2.0 -4.0 -4.0
8.0 4.0 4.0 2.0 -4.0 -6.0
8.0 -2.0 4.0 -2.0 -4.0 0.0
10.0 -2.0 8.0 2.0 -8.0 0.0
16.0 2.0 8.0 -2.0 -6.0 6.0
22.0 4.0 8.0 -2.0 -6.0 8.0
32.0 12.0 8.0 -2.0 -6.0 8.0
38.0 12.0 8.0 12.0 -4.0 6.0
44.0 10.0 14.0 36.0 -4.0 6.0
64.0 10.0 8.0 42.0 0.0 2.0
68.0 6.0 6.0 62.0 0.0 8.0
96.0 10.0 6.0 62.0 4.0 8.0
100.0 12.0 20.0 100.0 8.0 8.0
100.0 12.0 20.0 100.0 10.0 4.0
100.0 12.0 10.0 100.0 18.0 4.0
100.0 14.0 10.0 100.0 22.0 8.0
100.0 14.0 18.0 100.0 24.0 8.0
100.0 12.0 18.0 100.0 24.0 10.0
100.0 12.0 18.0 100.0 26.0 8.0
100.0 10.0 18.0 100.0 24.0 4.0
100.0 12.0 20.0 100.0 30.0 4.0
100.0 12.0 20.0 100.0 30.0 10.0
100.0 16.0 22.0 100.0 34.0 12.0
100.0 16.0 20.0 100.0 36.0 14.0
100.0 16.0 22.0 100.0 36.0 20.0
100.0 18.0 22.0 100.0 42.0 20.0
100.0 18.0 22.0 100.0 44.0 20.0
100.0 18.0 22.0 100.0 50.0 16.0
100.0 18.0 26.0 100.0 52.0 16.0
100.0 18.0 26.0 100.0 52.0 16.0
100.0 22.0 28.0 100.0 64.0 14.0
100.0 22.0 22.0 100.0 70.0 14.0
100.0 28.0 22.0 100.0 72.0 12.0
100.0 28.0 22.0 100.0 76.0 12.0
100.0 28.0 24.0 100.0 84.0 12.0
100.0 28.0 24.0 100.0 86.0 16.0
100.0 28.0 24.0 100.0 86.0 12.0
100.0 28.0 24.0 100.0 86.0 12.0
100.0 24.0 36.0 100.0 86.0 12.0
100.0 24.0 32.0 100.0 86.0 14.0
100.0 24.0 32.0 100.0 84.0 14.0
100.0 28.0 32.0 100.0 84.0 14.0
100.0 28.0 32.0 100.0 88.0 12.0
100.0 22.0 32.0 100.0 88.0 12.0
100.0 16.0 32.0 100.0 86.0 8.0
100.0 16.0 38.0 100.0 86.0 12.0
100.0 26.0 38.0 100.0 86.0 6.0
100.0 28.0 30.0 100.0 76.0 12.0
100.0 30.0 30.0 100.0 76.0 4.0
100.0 30.0 28.0 100.0 76.0 10.0
100.0 30.0 28.0 100.0 76.0 8.0
100.0 30.0 28.0 100.0 62.0 8.0
100.0 30.0 32.0 100.0 62.0 8.0
100.0 32.0 32.0 100.0 54.0 10.0
100.0 32.0 26.0 100.0 48.0 10.0
100.0 32.0 24.0 100.0 40.0 8.0
100.0 28.0 24.0 100.0 30.0 4.0
100.0 28.0 20.0 100.0 30.0 4.0
100.0 26.0 18.0 100.0 30.0 4.0
100.0 26.0 18.0 100.0 30.0 8.0
100.0 24.0 16.0 100.0 24.0 2.0
100.0 22.0 26.0 100.0 8.0 8.0
100.0 22.0 18.0 100.0 6.0 8.0
100.0 14.0 18.0 100.0 6.0 8.0
100.0 12.0 16.0 100.0 6.0 8.0
100.0 6.0 8.0 100.0 6.0 6.0
100.0 -6.0 6.0 100.0 -2.0 2.0
100.0 -6.0 6.0 100.0 -4.0 2.0
86.0 -6.0 6.0 94.0 -8.0 2.0
76.0 -2.0 2.0 70.0 -4.0 -2.0
72.0 -4.0 2.0 68.0 -8.0 -2.0
54.0 -2.0 6.0 62.0 -2.0 -2.0
52.0 -4.0 6.0 58.0 -8.0 -2.0
46.0 -10.0 6.0 56.0 -8.0 2.0
46.0 -10.0 6.0 44.0 -12.0 -4.0
42.0 -6.0 6.0 38.0 -8.0 -4.0
42.0 -6.0 4.0 30.0 -10.0 -4.0
28.0 -4.0 4.0 28.0 -10.0 8.0
28.0 -4.0 4.0 20.0 -10.0 8.0
20.0 -2.0 4.0 20.0 -8.0 8.0
10.0 -2.0 2.0 16.0 -8.0 2.0
10.0 2.0 4.0 22.0 -8.0 6.0
10.0 2.0 4.0 16.0 -8.0 2.0
4.0 0.0 4.0 12.0 -6.0 -2.0
-4.0 0.0 6.0 12.0 -6.0 -4.0
-4.0 0.0 6.0 16.0 -6.0 -2.0
-2.0 -2.0 6.0 16.0 -6.0 0.0
4.0 -4.0 6.0 14.0 -4.0 0.0
4.0 -4.0 6.0 14.0 -4.0 0.0
4.0 0.0 4.0 14.0 -4.0 -2.0
2.0 0.0 10.0 14.0 -14.0 -2.0
4.0 0.0 4.0 12.0 -8.0 -4.0
-4.0 0.0 4.0 14.0 -10.0 -4.0
-4.0 0.0 0.0 8.0 -10.0 -2.0
-8.0 0.0 0.0 12.0 -10.0 -2.0
-8.0 2.0 4.0 6.0 -10.0 0.0
-8.0 4.0 4.0 12.0 -2.0 0.0
-10.0 4.0 4.0 14.0 -2.0 0.0
-10.0 -10.0 2.0 14.0 -4.0 -2.0
-6.0 -10.0 8.0 14.0 -6.0 -2.0
-6.0 -4.0 8.0 14.0 -6.0 4.0
-6.0 -4.0 10.0 14.0 -4.0 4.0
-6.0 -8.0 10.0 6.0 -4.0 -4.0
-4.0 -8.0 10.0 6.0 -6.0 -4.0
-4.0 4.0 6.0 4.0 -6.0 -2.0
-14.0 4.0 8.0 2.0 -6.0 2.0
-16.0 4.0 6.0 -6.0 -6.0 -2.0
-14.0 0.0 6.0 -8.0 -14.0 2.0
-14.0 0.0 -2.0 -6.0 -8.0 -2.0
-12.0 -4.0 -2.0 -2.0 -8.0 -2.0
-12.0 -4.0 -4.0 0.0 -8.0 -2.0
-8.0 4.0 4.0 0.0 -8.0 2.0
-12.0 4.0 0.0 -6.0 -8.0 2.0
-10.0 0.0 4.0 -10.0 -6.0 0.0
-10.0 -2.0 4.0 -10.0 -4.0 0.0
-10.0 0.0 6.0 -16.0 -4.0 -4.0
-10.0 -10.0 6.0 -4.0 -4.0 -6.0
-10.0 -6.0 4.0 -16.0 -4.0 -6.0
-10.0 -6.0 4.0 -12.0 -4.0 -4.0
-10.0 0.0 6.0 -12.0 -4.0 -2.0
-12.0 0.0 6.0 -2.0 -4.0 -2.0
-8.0 -2.0 4.0 -2.0 -4.0 0.0
-16.0 -2.0 4.0 -2.0 -4.0 0.0
-10.0 -8.0 4.0 -16.0 -2.0 0.0
-10.0 -8.0 8.0 -16.0 -2.0 -2.0
-8.0 -8.0 8.0 -14.0 -4.0 -2.0
0.0 0.0 8.0 -14.0 -4.0 8.0
-6.0 2.0 8.0 -6.0 -4.0 10.0
-6.0 6.0 8.0 -14.0 -2.0 8.0
-6.0 6.0 8.0 -10.0 -8.0 -2.0
-8.0 -2.0 8.0 -16.0 -12.0 -4.0
-12.0 -2.0 8.0 -12.0 -12.0 -4.0
-12.0 -4.0 2.0 -16.0 -2.0 -4.0
-10.0 -4.0 2.0 -12.0 -2.0 -2.0
-10.0 -4.0 4.0 -10.0 -2.0 -4.0
-8.0 0.0 8.0 -10.0 -4.0 -2.0
-8.0 0.0 8.0 -18.0 -8.0 -2.0
-8.0 -4.0 4.0 -18.0 -8.0 -2.0
-12.0 -4.0 4.0 -10.0 -6.0 4.0
-12.0 2.0 4.0 -10.0 -2.0 -6.0
-8.0 2.0 4.0 -10.0 -2.0 0.0
-8.0 0.0 4.0 -14.0 -2.0 0.0
-8.0 -2.0 2.0 -14.0 -2.0 2.0
-12.0 -2.0 2.0 -18.0 -2.0 2.0
-12.0 -2.0 2.0 -18.0 -6.0 -2.0
-10.0 2.0 2.0 -18.0 -6.0 -2.0
-6.0 2.0 6.0 -18.0 -4.0 -10.0
-2.0 8.0 2.0 -18.0 -4.0 -2.0
-2.0 8.0 2.0 -20.0 -4.0 2.0
-4.0 6.0 2.0 -20.0 -6.0 2.0
-4.0 -4.0 6.0 -24.0 0.0 0.0
-8.0 -4.0 6.0 -20.0 6.0 0.0
-8.0 -8.0 6.0 -22.0 6.0 -6.0
-8.0 0.0 -4.0 -20.0 2.0 0.0
-8.0 0.0 -4.0 -22.0 -2.0 0.0
-4.0 0.0 0.0 -20.0 -4.0 0.0
-4.0 2.0 4.0 -18.0 -4.0 0.0
-4.0 -2.0 4.0 -16.0 -4.0 2.0
-8.0 4.0 4.0 -16.0 -4.0 2.0
-6.0 -6.0 4.0 -16.0 -6.0 6.0
-8.0 2.0 4.0 -16.0 4.0 6.0
-6.0 -2.0 4.0 -16.0 4.0 2.0
-10.0 0.0 6.0 -18.0 4.0 -6.0
-10.0 -2.0 6.0 -18.0 -2.0 -6.0
-10.0 -4.0 6.0 -18.0 -2.0 -2.0
-10.0 -4.0 6.0 -20.0 -2.0 4.0
-8.0 -4.0 6.0 -18.0 -2.0 0.0
-10.0 0.0 8.0 -20.0 -2.0 0.0
-8.0 0.0 8.0 -18.0 -2.0 0.0
-12.0 0.0 8.0 -18.0 -2.0 0.0
-4.0 2.0 4.0 -18.0 -2.0 0.0
-12.0 2.0 4.0 -24.0 -2.0 6.0
-4.0 2.0 4.0 -24.0 -2.0 2.0
-4.0 4.0 4.0 -24.0 2.0 2.0
-4.0 -2.0 2.0 -22.0 2.0 2.0
-4.0 -2.0 -2.0 -22.0 4.0 2.0
-2.0 -2.0 0.0 -26.0 4.0 2.0
-4.0 -2.0 0.0 -26.0 -2.0 2.0
-6.0 0.0 6.0 -16.0 -2.0 2.0
-8.0 0.0 6.0 -16.0 -4.0 2.0
-8.0 -2.0 6.0 -22.0 -4.0 6.0
-4.0 -2.0 6.0 -22.0 -4.0 4.0
0.0 -8.0 6.0 -20.0 -4.0 6.0
0.0 -6.0 10.0 -20.0 0.0 4.0
-8.0 -6.0 6.0 -20.0 0.0 10.0
-8.0 -6.0 8.0 -18.0 -4.0 2.0
-8.0 2.0 8.0 -18.0 -4.0 2.0
-6.0 2.0 8.0 -18.0 -4.0 0.0
-6.0 2.0 8.0 -18.0 2.0 0.0
-6.0 2.0 2.0 -22.0 2.0 0.0
-10.0 -2.0 4.0 -20.0 2.0 -2.0
-10.0 6.0 4.0 -22.0 -6.0 -2.0
-10.0 6.0 4.0 -20.0 -6.0 2.0
-6.0 6.0 10.0 -14.0 0.0 4.0
-6.0 0.0 10.0 -14.0 0.0 4.0
-2.0 -2.0 10.0 -18.0 0.0 6.0
0.0 0.0 8.0 -18.0 0.0 6.0
0.0 0.0 4.0 -18.0 0.0 2.0
