# Target: open_hand
# Dominant_Vision: Open Hand
0.0 0.0 14.0 0.0 6.0 -6.0
0.0 -2.0 4.0 0.0 6.0 -6.0
-2.0 -2.0 16.0 -4.0 10.0 -10.0
-2.0 4.0 4.0 -4.0 10.0 -10.0
-2.0 10.0 6.0 -4.0 8.0 -6.0
4.0 4.0 6.0 0.0 4.0 -6.0
4.0 6.0 6.0 0.0 0.0 -6.0
0.0 2.0 12.0 0.0 0.0 -6.0
0.0 6.0 14.0 0.0 0.0 -6.0
2.0 12.0 14.0 4.0 4.0 -8.0
2.0 16.0 14.0 4.0 8.0 -6.0
2.0 12.0 12.0 0.0 8.0 -4.0
-2.0 4.0 6.0 -12.0 10.0 -2.0
-2.0 4.0 6.0 -12.0 8.0 0.0
-4.0 4.0 6.0 -6.0 10.0 0.0
6.0 6.0 8.0 -4.0 8.0 0.0
2.0 6.0 10.0 0.0 2.0 -4.0
8.0 4.0 12.0 -4.0 2.0 -4.0
6.0 4.0 12.0 -6.0 0.0 -4.0
6.0 4.0 12.0 -6.0 2.0 -2.0
6.0 4.0 16.0 0.0 2.0 -2.0
2.0 4.0 4.0 0.0 2.0 -2.0
8.0 6.0 10.0 0.0 6.0 0.0
8.0 6.0 10.0 -10.0 8.0 2.0
8.0 6.0 12.0 0.0 6.0 2.0
8.0 4.0 12.0 -10.0 8.0 -2.0
4.0 4.0 12.0 0.0 10.0 -6.0
4.0 0.0 10.0 6.0 12.0 -6.0
12.0 6.0 8.0 16.0 10.0 -6.0
12.0 6.0 8.0 16.0 12.0 -6.0
14.0 8.0 14.0 30.0 16.0 -6.0
18.0 20.0 20.0 36.0 18.0 -6.0
32.0 20.0 20.0 36.0 18.0 -4.0
46.0 18.0 24.0 46.0 20.0 -2.0
50.0 14.0 24.0 78.0 22.0 -4.0
50.0 14.0 26.0 100.0 28.0 0.0
50.0 14.0 28.0 100.0 30.0 -6.0
74.0 14.0 28.0 100.0 30.0 -2.0
74.0 14.0 28.0 100.0 30.0 -2.0
86.0 14.0 34.0 100.0 32.0 -2.0
100.0 14.0 32.0 100.0 32.0 -4.0
100.0 16.0 34.0 100.0 36.0 -4.0
100.0 16.0 32.0 100.0 38.0 -2.0
100.0 22.0 36.0 100.0 44.0 -2.0
100.0 20.0 28.0 100.0 44.0 -2.0
100.0 22.0 38.0 100.0 50.0 0.0
100.0 20.0 32.0 100.0 50.0 8.0
100.0 26.0 32.0 100.0 46.0 8.0
100.0 12.0 32.0 100.0 46.0 0.0
100.0 24.0 40.0 100.0 48.0 0.0
100.0 22.0 40.0 100.0 48.0 0.0
100.0 24.0 32.0 100.0 46.0 0.0
100.0 26.0 32.0 100.0 40.0 -4.0
100.0 26.0 34.0 100.0 40.0 0.0
100.0 24.0 36.0 100.0 42.0 -2.0
100.0 24.0 36.0 100.0 48.0 0.0
100.0 20.0 34.0 100.0 48.0 0.0
100.0 18.0 32.0 100.0 48.0 0.0
100.0 18.0 32.0 100.0 42.0 -2.0
100.0 18.0 32.0 100.0 42.0 -6.0
100.0 18.0 32.0 100.0 40.0 -4.0
86.0 18.0 32.0 100.0 38.0 -4.0
78.0 16.0 32.0 100.0 28.0 0.0
72.0 16.0 32.0 100.0 24.0 0.0
60.0 14.0 26.0 100.0 18.0 -4.0
46.0 14.0 26.0 100.0 10.0 -6.0
46.0 14.0 24.0 100.0 8.0 -6.0
42.0 14.0 20.0 100.0 10.0 4.0
34.0 6.0 20.0 94.0 10.0 4.0
30.0 6.0 16.0 84.0 10.0 2.0
34.0 4.0 16.0 80.0 10.0 -4.0
34.0 4.0 16.0 80.0 6.0 -6.0
34.0 8.0 18.0 78.0 12.0 -6.0
34.0 10.0 18.0 78.0 12.0 -6.0
28.0 8.0 18.0 74.0 12.0 -6.0
28.0 4.0 18.0 78.0 12.0 -6.0
28.0 4.0 18.0 78.0 12.0 -6.0
28.0 4.0 16.0 78.0 12.0 0.0
28.0 4.0 16.0 42.0 12.0 -8.0
30.0 6.0 16.0 42.0 12.0 -6.0
30.0 8.0 22.0 42.0 12.0 -8.0
26.0 8.0 18.0 40.0 12.0 -8.0
24.0 8.0 18.0 36.0 12.0 -8.0
24.0 2.0 8.0 32.0 10.0 -8.0
26.0 2.0 8.0 30.0 10.0 -8.0
26.0 6.0 8.0 28.0 10.0 -10.0
26.0 10.0 16.0 30.0 10.0 -10.0
20.0 10.0 16.0 28.0 10.0 -10.0
20.0 10.0 16.0 28.0 14.0 -10.0
20.0 8.0 16.0 28.0 18.0 -10.0
14.0 6.0 16.0 26.0 18.0 -10.0
14.0 2.0 16.0 26.0 12.0 -10.0
20.0 6.0 10.0 28.0 10.0 -8.0
20.0 2.0 18.0 28.0 10.0 -4.0
16.0 0.0 16.0 28.0 8.0 0.0
16.0 0.0 16.0 22.0 4.0 0.0
16.0 6.0 14.0 22.0 6.0 0.0
14.0 6.0 14.0 24.0 4.0 -6.0
12.0 6.0 14.0 24.0 4.0 -4.0
14.0 6.0 20.0 24.0 4.0 -6.0
16.0 6.0 20.0 22.0 10.0 -8.0
16.0 6.0 10.0 26.0 10.0 -8.0
8.0 12.0 10.0 20.0 8.0 -8.0
8.0 12.0 12.0 16.0 8.0 -8.0
8.0 12.0 16.0 16.0 10.0 -10.0
12.0 6.0 18.0 28.0 10.0 -8.0
12.0 6.0 18.0 28.0 2.0 -8.0
12.0 6.0 8.0 26.0 2.0 -8.0
10.0 6.0 8.0 26.0 10.0 0.0
12.0 6.0 8.0 24.0 10.0 -6.0
10.0 6.0 12.0 22.0 6.0 0.0
10.0 2.0 12.0 22.0 6.0 -6.0
10.0 10.0 12.0 22.0 6.0 -4.0
14.0 10.0 12.0 22.0 6.0 -4.0
14.0 10.0 14.0 22.0 0.0 -4.0
10.0 6.0 6.0 18.0 0.0 -8.0
10.0 6.0 12.0 4.0 2.0 -8.0
10.0 6.0 12.0 4.0 6.0 -2.0
12.0 6.0 16.0 6.0 6.0 -2.0
8.0 6.0 20.0 6.0 6.0 -6.0
8.0 6.0 16.0 14.0 4.0 -6.0
8.0 12.0 8.0 14.0 4.0 -6.0
4.0 12.0 8.0 10.0 10.0 -6.0
8.0 12.0 8.0 10.0 10.0 -4.0
4.0 -4.0 8.0 6.0 2.0 -4.0
6.0 0.0 6.0 4.0 2.0 -4.0
4.0 -2.0 8.0 4.0 2.0 -2.0
6.0 0.0 8.0 10.0 2.0 -2.0
8.0 2.0 12.0 10.0 2.0 -2.0
10.0 4.0 12.0 10.0 4.0 -4.0
14.0 4.0 16.0 8.0 6.0 -4.0
14.0 2.0 12.0 8.0 6.0 -4.0
14.0 2.0 12.0 8.0 6.0 -4.0
12.0 8.0 12.0 8.0 12.0 -4.0
10.0 10.0 8.0 8.0 12.0 -4.0
10.0 10.0 14.0 2.0 10.0 -6.0
10.0 10.0 12.0 0.0 8.0 -6.0
10.0 4.0 14.0 2.0 10.0 -6.0
10.0 2.0 12.0 2.0 10.0 0.0
10.0 4.0 14.0 8.0 10.0 0.0
8.0 10.0 12.0 8.0 2.0 -4.0
8.0 10.0 14.0 4.0 2.0 -4.0
8.0 10.0 12.0 2.0 8.0 -4.0
8.0 6.0 10.0 4.0 8.0 -2.0
6.0 6.0 8.0 0.0 2.0 -6.0
6.0 6.0 8.0 6.0 2.0 -6.0
6.0 4.0 8.0 4.0 6.0 -10.0
4.0 4.0 8.0 4.0 6.0 -10.0
-2.0 6.0 10.0 2.0 4.0 -6.0
-2.0 6.0 10.0 0.0 4.0 -4.0
0.0 6.0 18.0 2.0 8.0 -4.0
4.0 12.0 8.0 -6.0 8.0 -6.0
6.0 12.0 8.0 0.0 8.0 -6.0
6.0 8.0 8.0 0.0 6.0 -6.0
6.0 6.0 8.0 0.0 4.0 -2.0
8.0 4.0 8.0 2.0 6.0 -4.0
8.0 4.0 12.0 2.0 6.0 -2.0
10.0 6.0 10.0 2.0 6.0 -4.0
14.0 6.0 12.0 -2.0 6.0 -6.0
14.0 6.0 12.0 -2.0 6.0 -6.0
8.0 10.0 12.0 2.0 6.0 -6.0
8.0 10.0 10.0 2.0 14.0 -8.0
12.0 6.0 10.0 2.0 14.0 -6.0
12.0 6.0 10.0 4.0 10.0 -4.0
10.0 6.0 12.0 4.0 10.0 -4.0
4.0 6.0 12.0 4.0 8.0 -8.0
10.0 6.0 16.0 0.0 10.0 -8.0
10.0 6.0 16.0 0.0 8.0 -8.0
10.0 6.0 14.0 0.0 8.0 -2.0
6.0 6.0 14.0 4.0 8.0 -2.0
6.0 4.0 18.0 4.0 4.0 -2.0
6.0 4.0 20.0 2.0 6.0 -2.0
6.0 4.0 18.0 0.0 6.0 -4.0
6.0 6.0 12.0 0.0 6.0 -4.0
6.0 -4.0 12.0 0.0 8.0 -4.0
6.0 2.0 12.0 0.0 6.0 -4.0
4.0 2.0 12.0 2.0 8.0 -4.0
4.0 4.0 12.0 2.0 8.0 -6.0
10.0 6.0 8.0 2.0 8.0 -6.0
10.0 6.0 10.0 2.0 8.0 -8.0
10.0 6.0 10.0 4.0 8.0 -2.0
10.0 6.0 12.0 4.0 8.0 -8.0
8.0 6.0 14.0 4.0 12.0 0.0
10.0 6.0 14.0 2.0 -2.0 6.0
8.0 6.0 16.0 -4.0 8.0 6.0
8.0 6.0 16.0 0.0 6.0 -8.0
8.0 6.0 16.0 0.0 6.0 -8.0
8.0 4.0 10.0 0.0 0.0 -6.0
6.0 4.0 16.0 4.0 0.0 -4.0
6.0 4.0 10.0 4.0 2.0 -2.0
6.0 4.0 14.0 0.0 6.0 -2.0
6.0 6.0 8.0 -2.0 10.0 0.0
6.0 6.0 14.0 -2.0 6.0 -4.0
6.0 6.0 14.0 -2.0 8.0 0.0
6.0 4.0 14.0 -2.0 8.0 -4.0
2.0 2.0 12.0 -2.0 8.0 -4.0
8.0 2.0 12.0 -2.0 4.0 -12.0
8.0 2.0 12.0 -2.0 4.0 -4.0
8.0 4.0 14.0 2.0 4.0 -4.0
8.0 4.0 14.0 0.0 4.0 -4.0
-2.0 4.0 14.0 0.0 12.0 0.0
8.0 6.0 10.0 -8.0 8.0 6.0
4.0 6.0 14.0 -8.0 8.0 6.0
6.0 6.0 14.0 -4.0 6.0 -6.0
6.0 4.0 14.0 -4.0 6.0 -6.0
8.0 4.0 14.0 -14.0 4.0 -6.0
8.0 2.0 16.0 -16.0 6.0 -4.0
8.0 2.0 16.0 -16.0 4.0 -4.0
8.0 2.0 14.0 -12.0 6.0 -4.0
6.0 4.0 12.0 -12.0 6.0 -2.0
8.0 2.0 12.0 -20.0 8.0 -2.0
4.0 6.0 16.0 -20.0 8.0 -2.0
4.0 2.0 16.0 -20.0 6.0 -4.0
4.0 12.0 14.0 -16.0 2.0 -8.0
8.0 2.0 14.0 -8.0 2.0 -8.0
8.0 2.0 14.0 -8.0 8.0 -4.0
8.0 2.0 16.0 -22.0 8.0 -4.0
6.0 -2.0 12.0 -22.0 4.0 -4.0
6.0 4.0 14.0 -10.0 2.0 -6.0
10.0 4.0 10.0 -8.0 2.0 -6.0
10.0 8.0 12.0 -8.0 2.0 -10.0
10.0 8.0 12.0 -10.0 6.0 -8.0
8.0 2.0 12.0 -14.0 10.0 -8.0
10.0 2.0 12.0 -18.0 10.0 -4.0
8.0 4.0 12.0 -18.0 10.0 -2.0
8.0 4.0 14.0 -14.0 10.0 -2.0
0.0 4.0 14.0 -14.0 8.0 -2.0
0.0 4.0 14.0 -14.0 4.0 -4.0
0.0 4.0 8.0 -16.0 2.0 -4.0
0.0 8.0 8.0 -16.0 4.0 -4.0
