# Target: open_hand
# Dominant_Vision: Open Hand
-4.0 8.0 -10.0 0.0 0.0 0.0
-4.0 8.0 -4.0 0.0 0.0 0.0
-10.0 8.0 -4.0 4.0 -2.0 -2.0
-10.0 10.0 -4.0 -4.0 -2.0 -6.0
-8.0 10.0 -6.0 0.0 -2.0 -6.0
-8.0 10.0 -6.0 0.0 0.0 -6.0
-6.0 10.0 -10.0 0.0 0.0 -4.0
-8.0 8.0 -10.0 -2.0 0.0 -4.0
-8.0 6.0 -16.0 -10.0 -4.0 -4.0
-8.0 8.0 -16.0 -10.0 0.0 -4.0
-10.0 10.0 -12.0 -6.0 -2.0 -2.0
-10.0 12.0 -12.0 -2.0 -2.0 -2.0
-14.0 10.0 -12.0 -6.0 -4.0 0.0
-10.0 16.0 -10.0 -6.0 -4.0 -2.0
-10.0 10.0 -8.0 -12.0 -4.0 -2.0
-10.0 10.0 -8.0 -12.0 -4.0 -2.0
-10.0 10.0 -8.0 -12.0 -4.0 -4.0
-12.0 10.0 -8.0 -12.0 -4.0 -4.0
-10.0 10.0 -8.0 -12.0 0.0 -8.0
-10.0 10.0 -10.0 -6.0 0.0 -8.0
-10.0 4.0 -10.0 0.0 -4.0 -2.0
-10.0 4.0 -10.0 0.0 -4.0 -2.0
-20.0 4.0 -10.0 -14.0 -4.0 -2.0
-10.0 4.0 -12.0 -14.0 -4.0 -2.0
-10.0 4.0 -14.0 -6.0 -4.0 -4.0
-10.0 2.0 -12.0 -6.0 -4.0 -4.0
-10.0 6.0 -12.0 -8.0 -6.0 -2.0
-12.0 6.0 -12.0 -8.0 -6.0 0.0
-12.0 6.0 -12.0 -4.0 -8.0 6.0
-10.0 6.0 -8.0 -4.0 -8.0 6.0
-10.0 6.0 -4.0 -4.0 -8.0 0.0
-10.0 -6.0 -4.0 -4.0 -8.0 -2.0
-6.0 8.0 -16.0 -6.0 -2.0 -2.0
0.0 2.0 -16.0 0.0 0.0 -2.0
0.0 10.0 -10.0 2.0 0.0 -6.0
0.0 10.0 -10.0 20.0 0.0 -6.0
24.0 10.0 -12.0 34.0 2.0 -4.0
40.0 10.0 -12.0 34.0 4.0 -2.0
46.0 8.0 -10.0 40.0 2.0 -2.0
46.0 10.0 -2.0 46.0 4.0 4.0
34.0 16.0 -2.0 56.0 2.0 0.0
32.0 20.0 0.0 68.0 2.0 0.0
28.0 24.0 0.0 74.0 2.0 0.0
28.0 24.0 -6.0 92.0 6.0 10.0
30.0 16.0 -8.0 98.0 6.0 10.0
32.0 16.0 -8.0 100.0 6.0 6.0
42.0 26.0 -8.0 100.0 4.0 6.0
42.0 26.0 -4.0 100.0 6.0 6.0
52.0 26.0 0.0 100.0 12.0 6.0
52.0 10.0 -2.0 98.0 12.0 6.0
52.0 30.0 8.0 98.0 12.0 4.0
56.0 28.0 2.0 100.0 10.0 6.0
50.0 28.0 4.0 100.0 10.0 8.0
56.0 28.0 4.0 100.0 10.0 8.0
50.0 34.0 6.0 100.0 10.0 2.0
54.0 34.0 6.0 100.0 10.0 2.0
54.0 32.0 6.0 100.0 10.0 4.0
62.0 32.0 6.0 100.0 10.0 4.0
68.0 34.0 2.0 100.0 8.0 4.0
70.0 34.0 2.0 100.0 2.0 4.0
70.0 28.0 6.0 100.0 8.0 10.0
70.0 28.0 6.0 100.0 2.0 10.0
76.0 28.0 -2.0 100.0 -2.0 4.0
80.0 30.0 -2.0 100.0 -2.0 4.0
80.0 28.0 2.0 100.0 4.0 4.0
80.0 28.0 2.0 92.0 4.0 4.0
78.0 26.0 2.0 92.0 8.0 0.0
82.0 24.0 2.0 86.0 2.0 0.0
82.0 24.0 2.0 86.0 4.0 4.0
86.0 24.0 -4.0 86.0 4.0 4.0
88.0 24.0 -4.0 80.0 4.0 0.0
86.0 24.0 14.0 74.0 4.0 0.0
84.0 24.0 14.0 66.0 8.0 4.0
82.0 24.0 16.0 66.0 8.0 6.0
82.0 24.0 6.0 64.0 10.0 4.0
88.0 22.0 6.0 72.0 12.0 6.0
88.0 18.0 6.0 72.0 12.0 8.0
88.0 22.0 10.0 72.0 12.0 8.0
86.0 16.0 10.0 72.0 12.0 8.0
90.0 16.0 10.0 70.0 16.0 6.0
80.0 12.0 6.0 70.0 2.0 0.0
86.0 12.0 8.0 64.0 14.0 0.0
80.0 18.0 8.0 62.0 6.0 -2.0
84.0 18.0 8.0 60.0 14.0 12.0
84.0 20.0 6.0 58.0 12.0 2.0
84.0 18.0 4.0 60.0 12.0 2.0
76.0 18.0 4.0 62.0 10.0 -4.0
66.0 18.0 4.0 62.0 10.0 -4.0
66.0 20.0 8.0 58.0 12.0 0.0
76.0 22.0 8.0 54.0 12.0 2.0
82.0 20.0 8.0 50.0 12.0 6.0
82.0 18.0 6.0 46.0 14.0 6.0
84.0 18.0 6.0 46.0 14.0 6.0
78.0 18.0 6.0 44.0 12.0 4.0
84.0 22.0 4.0 42.0 12.0 4.0
78.0 26.0 4.0 42.0 12.0 2.0
78.0 24.0 12.0 42.0 8.0 2.0
74.0 24.0 12.0 40.0 8.0 4.0
74.0 22.0 6.0 38.0 12.0 8.0
80.0 20.0 6.0 40.0 12.0 8.0
80.0 20.0 6.0 46.0 12.0 4.0
70.0 20.0 10.0 50.0 6.0 4.0
70.0 18.0 10.0 46.0 6.0 8.0
72.0 14.0 6.0 44.0 6.0 8.0
76.0 14.0 6.0 44.0 4.0 8.0
76.0 16.0 6.0 44.0 10.0 4.0
72.0 16.0 6.0 36.0 8.0 2.0
72.0 22.0 6.0 36.0 8.0 2.0
76.0 16.0 4.0 36.0 8.0 4.0
76.0 22.0 10.0 44.0 12.0 6.0
68.0 18.0 4.0 44.0 12.0 8.0
68.0 20.0 10.0 48.0 10.0 8.0
68.0 20.0 10.0 48.0 8.0 4.0
70.0 20.0 10.0 44.0 6.0 4.0
70.0 20.0 10.0 44.0 6.0 4.0
72.0 24.0 8.0 44.0 8.0 4.0
72.0 20.0 8.0 36.0 8.0 4.0
72.0 24.0 4.0 30.0 6.0 4.0
74.0 24.0 4.0 30.0 6.0 6.0
76.0 24.0 4.0 48.0 2.0 2.0
74.0 20.0 4.0 48.0 12.0 2.0
72.0 16.0 4.0 38.0 10.0 0.0
70.0 20.0 0.0 34.0 10.0 0.0
72.0 16.0 0.0 34.0 4.0 6.0
72.0 20.0 4.0 34.0 4.0 6.0
72.0 18.0 4.0 38.0 10.0 6.0
72.0 20.0 4.0 38.0 10.0 6.0
74.0 18.0 8.0 44.0 6.0 4.0
78.0 20.0 8.0 38.0 4.0 2.0
78.0 18.0 0.0 30.0 2.0 0.0
70.0 18.0 0.0 30.0 2.0 2.0
70.0 16.0 6.0 32.0 6.0 0.0
72.0 16.0 6.0 42.0 6.0 4.0
72.0 22.0 6.0 42.0 6.0 4.0
72.0 22.0 6.0 42.0 12.0 6.0
72.0 22.0 6.0 42.0 12.0 6.0
74.0 22.0 2.0 42.0 10.0 6.0
80.0 20.0 2.0 42.0 4.0 6.0
80.0 20.0 6.0 38.0 4.0 0.0
74.0 22.0 6.0 38.0 8.0 0.0
74.0 22.0 8.0 38.0 10.0 0.0
72.0 16.0 6.0 40.0 8.0 4.0
72.0 14.0 6.0 40.0 8.0 4.0
74.0 12.0 6.0 40.0 6.0 10.0
74.0 14.0 10.0 48.0 6.0 8.0
74.0 16.0 10.0 48.0 6.0 8.0
74.0 16.0 -2.0 46.0 4.0 8.0
76.0 18.0 -2.0 46.0 4.0 8.0
76.0 18.0 -2.0 46.0 4.0 8.0
76.0 14.0 -2.0 36.0 4.0 8.0
78.0 14.0 -2.0 36.0 4.0 6.0
78.0 12.0 2.0 36.0 4.0 10.0
74.0 20.0 2.0 46.0 4.0 4.0
74.0 20.0 4.0 44.0 4.0 4.0
74.0 20.0 4.0 46.0 6.0 4.0
76.0 14.0 4.0 44.0 6.0 4.0
70.0 14.0 10.0 42.0 8.0 4.0
74.0 16.0 10.0 42.0 8.0 4.0
74.0 16.0 10.0 42.0 8.0 4.0
78.0 12.0 6.0 38.0 8.0 4.0
78.0 12.0 8.0 38.0 6.0 4.0
72.0 16.0 4.0 38.0 6.0 4.0
72.0 20.0 8.0 38.0 6.0 4.0
74.0 20.0 4.0 40.0 6.0 4.0
74.0 20.0 4.0 38.0 10.0 2.0
74.0 20.0 4.0 38.0 10.0 2.0
72.0 22.0 4.0 36.0 10.0 4.0
72.0 26.0 2.0 36.0 6.0 4.0
72.0 22.0 2.0 42.0 6.0 4.0
78.0 26.0 2.0 42.0 12.0 8.0
72.0 18.0 0.0 42.0 12.0 8.0
74.0 18.0 8.0 50.0 12.0 8.0
74.0 18.0 6.0 50.0 2.0 8.0
74.0 18.0 6.0 40.0 6.0 8.0
70.0 22.0 6.0 34.0 6.0 2.0
66.0 22.0 -2.0 30.0 12.0 2.0
70.0 16.0 -2.0 28.0 12.0 0.0
72.0 16.0 -2.0 28.0 12.0 0.0
74.0 18.0 2.0 36.0 6.0 -2.0
72.0 18.0 2.0 42.0 6.0 2.0
72.0 18.0 -2.0 42.0 6.0 2.0
72.0 14.0 -2.0 40.0 6.0 4.0
70.0 20.0 0.0 40.0 16.0 6.0
68.0 26.0 0.0 42.0 16.0 6.0
68.0 26.0 0.0 42.0 14.0 4.0
76.0 22.0 0.0 42.0 6.0 2.0
76.0 20.0 0.0 42.0 6.0 0.0
76.0 22.0 10.0 42.0 2.0 0.0
72.0 22.0 4.0 42.0 0.0 6.0
72.0 22.0 20.0 42.0 0.0 6.0
72.0 16.0 4.0 40.0 6.0 2.0
66.0 16.0 6.0 34.0 12.0 2.0
66.0 16.0 4.0 32.0 12.0 4.0
74.0 16.0 6.0 32.0 8.0 4.0
74.0 20.0 2.0 40.0 6.0 8.0
74.0 22.0 -6.0 40.0 6.0 8.0
72.0 20.0 -6.0 40.0 6.0 14.0
72.0 18.0 2.0 40.0 6.0 14.0
72.0 16.0 10.0 40.0 6.0 10.0
76.0 16.0 10.0 38.0 6.0 0.0
76.0 16.0 10.0 38.0 10.0 2.0
76.0 18.0 8.0 38.0 4.0 2.0
76.0 16.0 6.0 38.0 8.0 6.0
74.0 18.0 2.0 38.0 4.0 6.0
72.0 18.0 2.0 38.0 4.0 10.0
74.0 18.0 4.0 42.0 4.0 10.0
72.0 14.0 8.0 42.0 4.0 6.0
72.0 14.0 4.0 42.0 8.0 4.0
72.0 14.0 8.0 36.0 8.0 4.0
72.0 18.0 12.0 40.0 12.0 2.0
72.0 18.0 12.0 40.0 12.0 2.0
72.0 18.0 4.0 42.0 6.0 4.0
74.0 22.0 4.0 42.0 4.0 4.0
74.0 14.0 4.0 36.0 4.0 2.0
78.0 22.0 4.0 34.0 4.0 2.0
78.0 22.0 4.0 36.0 6.0 2.0
78.0 22.0 4.0 40.0 12.0 8.0
74.0 24.0 4.0 40.0 10.0 8.0
74.0 22.0 4.0 40.0 10.0 8.0
66.0 22.0 10.0 40.0 8.0 6.0
66.0 22.0 4.0 40.0 4.0 4.0
74.0 16.0 10.0 40.0 4.0 4.0
74.0 12.0 2.0 38.0 8.0 4.0
74.0 12.0 4.0 38.0 8.0 6.0
76.0 20.0 4.0 40.0 8.0 8.0
78.0 20.0 4.0 42.0 8.0 8.0
80.0 16.0 4.0 42.0 8.0 0.0
80.0 14.0 6.0 42.0 8.0 0.0
