# Target: open_hand
# Dominant_Vision: Open Hand
-2.0 0.0 -10.0 0.0 -2.0 8.0
-6.0 2.0 -12.0 0.0 -2.0 0.0
-6.0 2.0 -12.0 2.0 -2.0 8.0
-6.0 -2.0 -12.0 -2.0 -6.0 4.0
-4.0 -2.0 -8.0 -2.0 8.0 10.0
-8.0 -4.0 -8.0 -8.0 -4.0 8.0
-4.0 -4.0 -8.0 -8.0 -4.0 10.0
-4.0 -6.0 -8.0 -6.0 -4.0 12.0
-2.0 -6.0 -8.0 -4.0 0.0 12.0
-4.0 6.0 -12.0 -4.0 0.0 10.0
-8.0 6.0 -14.0 -4.0 4.0 8.0
-8.0 0.0 -14.0 -2.0 4.0 8.0
-2.0 0.0 -8.0 -6.0 4.0 8.0
0.0 0.0 -8.0 -2.0 2.0 10.0
-2.0 6.0 -10.0 0.0 2.0 10.0
-6.0 6.0 -10.0 0.0 0.0 16.0
-6.0 0.0 -10.0 0.0 0.0 16.0
0.0 -2.0 -12.0 -2.0 0.0 16.0
0.0 -2.0 -12.0 0.0 2.0 10.0
0.0 2.0 -12.0 0.0 2.0 8.0
-4.0 4.0 -10.0 0.0 0.0 2.0
-4.0 2.0 -10.0 -2.0 0.0 2.0
0.0 -2.0 -8.0 -2.0 4.0 2.0
0.0 -2.0 -8.0 0.0 4.0 4.0
0.0 4.0 -8.0 0.0 0.0 8.0
-16.0 4.0 -4.0 0.0 0.0 8.0
-16.0 4.0 -2.0 0.0 2.0 8.0
-6.0 4.0 -2.0 0.0 2.0 8.0
26.0 4.0 -2.0 18.0 2.0 10.0
42.0 6.0 -2.0 48.0 2.0 12.0
42.0 6.0 -2.0 48.0 2.0 10.0
44.0 6.0 -10.0 44.0 2.0 8.0
44.0 14.0 -10.0 44.0 2.0 8.0
44.0 14.0 -14.0 62.0 2.0 8.0
14.0 18.0 -8.0 100.0 6.0 12.0
14.0 18.0 -6.0 100.0 6.0 12.0
28.0 14.0 4.0 100.0 6.0 12.0
46.0 14.0 4.0 100.0 6.0 18.0
52.0 18.0 10.0 100.0 14.0 20.0
52.0 18.0 -4.0 100.0 18.0 18.0
48.0 16.0 8.0 100.0 18.0 16.0
44.0 16.0 8.0 100.0 18.0 12.0
48.0 16.0 10.0 100.0 18.0 16.0
52.0 18.0 10.0 100.0 18.0 22.0
58.0 20.0 12.0 100.0 18.0 22.0
64.0 24.0 4.0 100.0 16.0 20.0
72.0 24.0 4.0 100.0 18.0 20.0
90.0 12.0 4.0 100.0 16.0 16.0
98.0 12.0 2.0 100.0 16.0 16.0
98.0 6.0 4.0 100.0 16.0 6.0
100.0 6.0 2.0 100.0 18.0 6.0
100.0 6.0 2.0 100.0 18.0 14.0
100.0 8.0 -2.0 100.0 8.0 14.0
100.0 10.0 -2.0 100.0 8.0 14.0
100.0 10.0 6.0 100.0 6.0 14.0
100.0 10.0 6.0 100.0 6.0 14.0
100.0 6.0 2.0 100.0 10.0 12.0
100.0 6.0 -4.0 100.0 10.0 6.0
100.0 6.0 -4.0 86.0 10.0 6.0
100.0 8.0 6.0 84.0 10.0 4.0
100.0 6.0 6.0 82.0 12.0 6.0
100.0 6.0 6.0 76.0 10.0 6.0
100.0 6.0 2.0 70.0 10.0 6.0
100.0 4.0 2.0 56.0 10.0 10.0
98.0 4.0 2.0 54.0 4.0 8.0
98.0 2.0 -6.0 56.0 4.0 10.0
88.0 2.0 -2.0 54.0 4.0 10.0
66.0 2.0 -2.0 48.0 -2.0 10.0
62.0 4.0 4.0 44.0 6.0 10.0
64.0 4.0 4.0 44.0 -2.0 10.0
56.0 2.0 -2.0 44.0 6.0 10.0
56.0 2.0 -2.0 32.0 -2.0 10.0
56.0 -2.0 -6.0 30.0 6.0 10.0
56.0 6.0 -6.0 32.0 10.0 8.0
56.0 6.0 -6.0 30.0 10.0 8.0
60.0 6.0 -6.0 26.0 8.0 6.0
54.0 6.0 -8.0 24.0 8.0 8.0
58.0 4.0 -10.0 24.0 10.0 12.0
54.0 4.0 -10.0 18.0 10.0 12.0
46.0 4.0 -10.0 24.0 10.0 12.0
46.0 0.0 -8.0 22.0 6.0 10.0
46.0 0.0 -8.0 22.0 0.0 8.0
52.0 0.0 0.0 22.0 6.0 10.0
46.0 0.0 -6.0 22.0 4.0 10.0
52.0 -2.0 0.0 22.0 4.0 10.0
52.0 -2.0 2.0 20.0 4.0 6.0
52.0 2.0 2.0 20.0 2.0 4.0
52.0 4.0 -4.0 20.0 2.0 4.0
52.0 4.0 -4.0 24.0 2.0 14.0
54.0 4.0 -4.0 22.0 2.0 14.0
54.0 2.0 -6.0 22.0 2.0 12.0
46.0 0.0 -6.0 18.0 2.0 10.0
46.0 0.0 -6.0 18.0 8.0 6.0
46.0 2.0 -4.0 18.0 8.0 2.0
46.0 4.0 -4.0 18.0 6.0 2.0
44.0 4.0 -4.0 24.0 4.0 8.0
44.0 4.0 -4.0 14.0 4.0 10.0
48.0 4.0 -6.0 18.0 2.0 10.0
48.0 4.0 -6.0 18.0 2.0 6.0
40.0 6.0 -8.0 20.0 4.0 6.0
38.0 6.0 -8.0 20.0 4.0 12.0
38.0 6.0 -10.0 14.0 4.0 12.0
38.0 6.0 -10.0 14.0 8.0 12.0
42.0 6.0 -2.0 14.0 8.0 12.0
40.0 12.0 -2.0 8.0 8.0 12.0
48.0 2.0 -4.0 8.0 4.0 10.0
40.0 0.0 -4.0 8.0 4.0 10.0
44.0 0.0 -4.0 16.0 2.0 12.0
42.0 0.0 -4.0 18.0 2.0 16.0
42.0 0.0 -6.0 22.0 10.0 16.0
42.0 0.0 -6.0 22.0 10.0 8.0
42.0 0.0 -6.0 24.0 8.0 8.0
44.0 0.0 -6.0 20.0 4.0 4.0
48.0 0.0 -10.0 20.0 4.0 12.0
48.0 2.0 -4.0 16.0 0.0 12.0
48.0 6.0 -6.0 14.0 4.0 12.0
48.0 4.0 -6.0 14.0 4.0 6.0
48.0 6.0 -8.0 20.0 6.0 6.0
46.0 4.0 -10.0 26.0 6.0 6.0
52.0 8.0 -10.0 20.0 10.0 6.0
46.0 4.0 -6.0 14.0 10.0 4.0
54.0 8.0 -4.0 14.0 12.0 4.0
46.0 4.0 0.0 14.0 4.0 12.0
46.0 2.0 0.0 14.0 6.0 14.0
44.0 2.0 0.0 24.0 6.0 12.0
44.0 2.0 -2.0 24.0 6.0 10.0
48.0 0.0 -4.0 12.0 4.0 10.0
48.0 6.0 -4.0 12.0 2.0 10.0
52.0 6.0 -4.0 20.0 2.0 14.0
50.0 6.0 -4.0 20.0 2.0 12.0
52.0 -4.0 -4.0 10.0 2.0 12.0
50.0 -4.0 -6.0 10.0 2.0 12.0
52.0 -2.0 -8.0 16.0 2.0 14.0
50.0 4.0 -8.0 20.0 6.0 14.0
46.0 4.0 2.0 16.0 6.0 14.0
46.0 4.0 2.0 18.0 10.0 12.0
48.0 4.0 -14.0 18.0 10.0 12.0
48.0 0.0 -14.0 18.0 8.0 14.0
48.0 -4.0 -6.0 20.0 8.0 14.0
48.0 0.0 -6.0 22.0 8.0 12.0
44.0 0.0 -6.0 22.0 4.0 10.0
44.0 2.0 -10.0 18.0 2.0 8.0
46.0 6.0 -10.0 18.0 2.0 10.0
48.0 6.0 -4.0 22.0 4.0 8.0
48.0 4.0 -2.0 22.0 6.0 10.0
48.0 4.0 -2.0 22.0 4.0 2.0
48.0 6.0 -4.0 18.0 6.0 2.0
48.0 6.0 -6.0 18.0 2.0 -4.0
46.0 6.0 -8.0 14.0 4.0 -4.0
44.0 4.0 -8.0 14.0 2.0 8.0
44.0 4.0 -8.0 14.0 4.0 10.0
46.0 4.0 -10.0 14.0 4.0 8.0
48.0 4.0 -10.0 14.0 4.0 12.0
46.0 6.0 -10.0 14.0 4.0 6.0
48.0 6.0 -4.0 14.0 6.0 10.0
48.0 0.0 -4.0 18.0 10.0 10.0
48.0 0.0 -4.0 18.0 10.0 10.0
48.0 2.0 -4.0 12.0 10.0 6.0
42.0 2.0 -8.0 12.0 8.0 6.0
42.0 2.0 -8.0 20.0 8.0 12.0
44.0 -2.0 -8.0 20.0 6.0 14.0
48.0 6.0 -8.0 20.0 6.0 14.0
48.0 6.0 -8.0 14.0 6.0 14.0
42.0 6.0 -4.0 20.0 0.0 12.0
42.0 0.0 -4.0 20.0 4.0 12.0
44.0 -2.0 -4.0 20.0 0.0 12.0
50.0 -2.0 -6.0 20.0 2.0 14.0
50.0 -2.0 -6.0 18.0 2.0 14.0
46.0 0.0 -6.0 12.0 8.0 16.0
46.0 -4.0 -2.0 18.0 10.0 6.0
48.0 0.0 -2.0 12.0 10.0 16.0
48.0 0.0 -2.0 10.0 10.0 6.0
46.0 0.0 -6.0 10.0 6.0 16.0
46.0 0.0 -6.0 10.0 6.0 10.0
52.0 0.0 -4.0 10.0 6.0 10.0
52.0 0.0 -4.0 8.0 6.0 10.0
52.0 0.0 -4.0 8.0 2.0 12.0
52.0 -2.0 -6.0 14.0 2.0 12.0
52.0 -2.0 0.0 14.0 4.0 12.0
48.0 2.0 0.0 24.0 4.0 12.0
48.0 2.0 0.0 14.0 4.0 12.0
48.0 2.0 4.0 14.0 8.0 12.0
48.0 6.0 -2.0 14.0 8.0 12.0
50.0 6.0 0.0 14.0 8.0 12.0
46.0 0.0 -2.0 16.0 -2.0 16.0
46.0 0.0 0.0 20.0 -2.0 16.0
44.0 2.0 0.0 20.0 -2.0 20.0
44.0 2.0 0.0 14.0 0.0 16.0
50.0 2.0 -4.0 12.0 8.0 20.0
50.0 0.0 -4.0 10.0 6.0 16.0
54.0 2.0 -4.0 12.0 8.0 10.0
48.0 2.0 -4.0 10.0 10.0 10.0
52.0 2.0 -4.0 16.0 10.0 8.0
44.0 2.0 -2.0 16.0 4.0 8.0
44.0 2.0 -2.0 16.0 4.0 2.0
44.0 2.0 -4.0 16.0 4.0 2.0
38.0 -2.0 -8.0 18.0 4.0 14.0
44.0 -2.0 -8.0 18.0 6.0 14.0
38.0 0.0 -2.0 18.0 8.0 14.0
42.0 2.0 0.0 16.0 6.0 10.0
42.0 2.0 0.0 12.0 6.0 10.0
44.0 2.0 -2.0 12.0 6.0 10.0
48.0 0.0 -8.0 14.0 4.0 14.0
46.0 -2.0 -8.0 20.0 4.0 14.0
48.0 -2.0 -8.0 20.0 4.0 14.0
48.0 -2.0 -10.0 20.0 4.0 14.0
48.0 4.0 -8.0 16.0 4.0 14.0
44.0 4.0 -4.0 16.0 4.0 10.0
44.0 4.0 -2.0 12.0 2.0 4.0
44.0 4.0 -2.0 18.0 6.0 4.0
40.0 6.0 -2.0 16.0 4.0 12.0
40.0 6.0 -2.0 16.0 4.0 12.0
40.0 4.0 -8.0 16.0 4.0 12.0
44.0 4.0 -8.0 10.0 4.0 12.0
44.0 4.0 -2.0 10.0 8.0 12.0
42.0 6.0 -2.0 10.0 8.0 8.0
42.0 6.0 -4.0 10.0 8.0 10.0
46.0 4.0 -8.0 10.0 8.0 10.0
48.0 2.0 -8.0 16.0 10.0 10.0
46.0 2.0 -6.0 14.0 10.0 12.0
46.0 2.0 -2.0 16.0 6.0 10.0
44.0 0.0 -2.0 14.0 6.0 6.0
40.0 0.0 -2.0 18.0 2.0 6.0
44.0 0.0 -2.0 14.0 4.0 8.0
42.0 4.0 0.0 14.0 4.0 14.0
44.0 4.0 -6.0 10.0 6.0 10.0
42.0 2.0 2.0 10.0 6.0 10.0
44.0 0.0 -4.0 12.0 4.0 10.0
50.0 0.0 -2.0 12.0 4.0 6.0
50.0 0.0 -2.0 20.0 6.0 6.0
46.0 4.0 -2.0 16.0 6.0 4.0
