# Target: open_hand
# Dominant_Vision: Open Hand
-2.0 -2.0 -16.0 10.0 0.0 -4.0
-10.0 -2.0 -16.0 4.0 -2.0 -4.0
-10.0 -2.0 -16.0 4.0 -2.0 -4.0
-10.0 -2.0 -16.0 -2.0 -4.0 2.0
-12.0 0.0 -14.0 -2.0 0.0 2.0
-12.0 2.0 -14.0 10.0 0.0 -2.0
-10.0 2.0 -10.0 10.0 0.0 -2.0
-4.0 4.0 -10.0 2.0 0.0 -2.0
-8.0 0.0 -10.0 2.0 0.0 0.0
0.0 2.0 -12.0 10.0 4.0 0.0
-8.0 -2.0 -10.0 10.0 4.0 -4.0
0.0 2.0 -12.0 2.0 -2.0 -4.0
0.0 -4.0 -10.0 2.0 -2.0 -4.0
0.0 -8.0 -12.0 12.0 -2.0 -4.0
0.0 -8.0 -8.0 20.0 0.0 -4.0
2.0 -8.0 -14.0 22.0 0.0 -6.0
8.0 4.0 -8.0 26.0 0.0 2.0
18.0 4.0 -16.0 32.0 -2.0 2.0
26.0 10.0 -18.0 52.0 -2.0 2.0
34.0 2.0 -18.0 52.0 -4.0 -2.0
34.0 2.0 -8.0 52.0 -4.0 -4.0
34.0 2.0 -8.0 58.0 -4.0 -2.0
54.0 2.0 -2.0 76.0 4.0 2.0
68.0 -2.0 2.0 100.0 12.0 4.0
84.0 -2.0 4.0 100.0 14.0 4.0
100.0 -2.0 8.0 100.0 20.0 4.0
100.0 6.0 8.0 100.0 34.0 2.0
100.0 6.0 12.0 100.0 36.0 6.0
100.0 16.0 16.0 100.0 44.0 -2.0
100.0 16.0 20.0 100.0 50.0 -2.0
100.0 14.0 22.0 100.0 58.0 -2.0
100.0 12.0 30.0 100.0 58.0 4.0
100.0 12.0 32.0 100.0 60.0 10.0
100.0 14.0 32.0 100.0 60.0 10.0
100.0 20.0 30.0 100.0 68.0 16.0
100.0 20.0 30.0 100.0 74.0 16.0
100.0 20.0 30.0 100.0 78.0 14.0
100.0 16.0 32.0 100.0 78.0 8.0
100.0 16.0 46.0 100.0 78.0 8.0
100.0 16.0 46.0 100.0 82.0 8.0
100.0 24.0 46.0 100.0 84.0 8.0
100.0 16.0 48.0 100.0 84.0 6.0
100.0 20.0 48.0 100.0 84.0 6.0
100.0 20.0 50.0 100.0 84.0 6.0
100.0 20.0 46.0 100.0 84.0 8.0
100.0 30.0 46.0 100.0 88.0 8.0
100.0 20.0 46.0 100.0 88.0 8.0
100.0 30.0 50.0 100.0 88.0 8.0
100.0 26.0 52.0 100.0 90.0 8.0
100.0 28.0 50.0 100.0 84.0 6.0
100.0 26.0 52.0 100.0 84.0 12.0
100.0 26.0 46.0 100.0 84.0 10.0
100.0 24.0 52.0 100.0 82.0 12.0
100.0 22.0 52.0 100.0 86.0 10.0
100.0 22.0 52.0 100.0 86.0 10.0
100.0 26.0 52.0 100.0 86.0 8.0
100.0 26.0 50.0 100.0 92.0 8.0
100.0 26.0 52.0 100.0 92.0 6.0
100.0 20.0 52.0 100.0 96.0 10.0
100.0 20.0 54.0 100.0 100.0 14.0
100.0 14.0 54.0 100.0 98.0 14.0
100.0 14.0 54.0 100.0 100.0 10.0
100.0 20.0 60.0 100.0 98.0 8.0
100.0 20.0 60.0 100.0 100.0 10.0
100.0 20.0 60.0 100.0 98.0 12.0
100.0 20.0 60.0 100.0 100.0 12.0
100.0 26.0 62.0 100.0 100.0 12.0
100.0 20.0 62.0 100.0 100.0 10.0
100.0 20.0 60.0 100.0 100.0 12.0
100.0 18.0 56.0 100.0 92.0 12.0
100.0 18.0 60.0 100.0 88.0 12.0
100.0 14.0 68.0 100.0 88.0 12.0
100.0 8.0 68.0 100.0 82.0 8.0
100.0 8.0 66.0 100.0 80.0 6.0
100.0 14.0 60.0 100.0 68.0 6.0
100.0 14.0 60.0 100.0 54.0 6.0
100.0 4.0 56.0 100.0 50.0 6.0
100.0 4.0 42.0 100.0 30.0 4.0
100.0 -2.0 38.0 100.0 26.0 4.0
100.0 2.0 24.0 100.0 14.0 4.0
100.0 2.0 22.0 100.0 12.0 4.0
100.0 2.0 22.0 100.0 12.0 6.0
100.0 6.0 20.0 100.0 6.0 4.0
100.0 2.0 20.0 100.0 6.0 6.0
100.0 6.0 18.0 100.0 6.0 4.0
100.0 6.0 14.0 100.0 8.0 6.0
100.0 6.0 18.0 100.0 8.0 2.0
100.0 6.0 18.0 100.0 8.0 8.0
100.0 6.0 18.0 100.0 12.0 0.0
100.0 -4.0 18.0 100.0 12.0 0.0
100.0 6.0 16.0 100.0 10.0 0.0
100.0 2.0 18.0 100.0 10.0 0.0
100.0 2.0 18.0 100.0 10.0 4.0
100.0 2.0 22.0 100.0 10.0 4.0
100.0 2.0 22.0 100.0 10.0 4.0
100.0 4.0 22.0 100.0 10.0 4.0
100.0 4.0 20.0 100.0 10.0 2.0
100.0 6.0 14.0 100.0 10.0 2.0
100.0 -2.0 14.0 100.0 10.0 2.0
100.0 2.0 14.0 100.0 10.0 2.0
100.0 0.0 16.0 100.0 10.0 -4.0
100.0 2.0 16.0 100.0 12.0 -4.0
100.0 2.0 16.0 100.0 12.0 -2.0
100.0 6.0 8.0 100.0 10.0 -2.0
100.0 2.0 8.0 100.0 10.0 -2.0
100.0 6.0 8.0 100.0 10.0 -6.0
100.0 -4.0 8.0 100.0 10.0 -2.0
100.0 0.0 8.0 100.0 8.0 -2.0
100.0 -6.0 8.0 100.0 8.0 -2.0
100.0 -2.0 10.0 100.0 8.0 0.0
100.0 -2.0 8.0 100.0 8.0 -4.0
100.0 0.0 8.0 100.0 14.0 2.0
100.0 0.0 8.0 100.0 14.0 2.0
100.0 0.0 10.0 100.0 12.0 6.0
100.0 -6.0 10.0 80.0 8.0 6.0
100.0 -2.0 6.0 100.0 6.0 0.0
100.0 -2.0 -2.0 98.0 6.0 -2.0
100.0 -2.0 6.0 98.0 0.0 -4.0
100.0 -4.0 6.0 82.0 6.0 -4.0
100.0 -4.0 6.0 82.0 2.0 2.0
100.0 -4.0 4.0 82.0 6.0 2.0
100.0 -4.0 4.0 78.0 2.0 -2.0
100.0 -4.0 6.0 72.0 10.0 -2.0
100.0 2.0 8.0 72.0 6.0 -2.0
100.0 2.0 6.0 78.0 8.0 -4.0
100.0 2.0 -4.0 78.0 8.0 -4.0
92.0 2.0 -4.0 76.0 8.0 -4.0
80.0 -2.0 6.0 76.0 8.0 0.0
76.0 -2.0 8.0 78.0 8.0 2.0
72.0 -2.0 8.0 78.0 2.0 0.0
66.0 -2.0 10.0 78.0 2.0 0.0
66.0 -2.0 10.0 76.0 2.0 -4.0
66.0 -2.0 10.0 76.0 -2.0 0.0
72.0 -2.0 12.0 80.0 -2.0 -4.0
78.0 -2.0 10.0 80.0 2.0 -2.0
78.0 2.0 6.0 72.0 6.0 -4.0
78.0 4.0 4.0 72.0 8.0 -2.0
78.0 4.0 6.0 72.0 8.0 4.0
76.0 2.0 2.0 70.0 2.0 4.0
76.0 0.0 6.0 68.0 2.0 6.0
70.0 0.0 0.0 68.0 6.0 -2.0
66.0 -2.0 4.0 68.0 6.0 -2.0
66.0 -2.0 4.0 68.0 6.0 -2.0
66.0 -2.0 4.0 68.0 8.0 -2.0
74.0 -2.0 4.0 68.0 6.0 4.0
70.0 0.0 4.0 68.0 6.0 -2.0
70.0 0.0 4.0 78.0 0.0 4.0
70.0 0.0 4.0 78.0 0.0 -2.0
76.0 0.0 4.0 76.0 0.0 -4.0
80.0 0.0 4.0 76.0 4.0 -4.0
80.0 0.0 6.0 80.0 4.0 2.0
78.0 0.0 6.0 80.0 6.0 2.0
76.0 4.0 8.0 74.0 6.0 -4.0
76.0 4.0 8.0 74.0 6.0 -4.0
76.0 6.0 8.0 78.0 10.0 -4.0
72.0 6.0 6.0 86.0 10.0 -4.0
72.0 2.0 6.0 100.0 6.0 -4.0
76.0 0.0 6.0 86.0 6.0 4.0
76.0 0.0 0.0 78.0 12.0 4.0
76.0 -2.0 6.0 76.0 12.0 2.0
76.0 -8.0 6.0 76.0 12.0 2.0
80.0 -8.0 10.0 76.0 10.0 2.0
76.0 0.0 10.0 76.0 6.0 -2.0
78.0 0.0 2.0 76.0 4.0 -2.0
76.0 -6.0 2.0 70.0 4.0 -2.0
78.0 -6.0 0.0 70.0 2.0 -2.0
74.0 6.0 6.0 72.0 2.0 0.0
72.0 6.0 6.0 72.0 2.0 0.0
72.0 -2.0 6.0 70.0 6.0 2.0
74.0 -2.0 6.0 70.0 8.0 -6.0
76.0 -4.0 4.0 72.0 8.0 -6.0
76.0 -4.0 2.0 78.0 8.0 -6.0
70.0 -4.0 4.0 72.0 8.0 -2.0
68.0 -2.0 4.0 70.0 8.0 4.0
68.0 -2.0 4.0 70.0 6.0 -2.0
66.0 -4.0 6.0 70.0 6.0 -10.0
66.0 -4.0 6.0 70.0 6.0 -10.0
66.0 -2.0 4.0 70.0 6.0 -2.0
66.0 2.0 4.0 68.0 2.0 -2.0
64.0 -2.0 4.0 64.0 2.0 -2.0
64.0 -2.0 -4.0 58.0 2.0 -2.0
62.0 -4.0 -4.0 56.0 4.0 -4.0
62.0 -4.0 -6.0 54.0 4.0 -4.0
68.0 4.0 -6.0 54.0 4.0 -2.0
68.0 4.0 -6.0 50.0 0.0 -2.0
68.0 0.0 2.0 54.0 6.0 -2.0
62.0 -4.0 2.0 54.0 6.0 -2.0
62.0 -4.0 -2.0 56.0 6.0 -2.0
64.0 -6.0 -4.0 58.0 10.0 -4.0
68.0 -6.0 -2.0 58.0 12.0 -4.0
68.0 4.0 6.0 58.0 12.0 -2.0
68.0 4.0 6.0 58.0 6.0 2.0
64.0 2.0 -8.0 48.0 6.0 2.0
64.0 -2.0 -8.0 60.0 0.0 2.0
64.0 -2.0 -4.0 54.0 4.0 0.0
64.0 -2.0 -2.0 54.0 0.0 0.0
64.0 -2.0 -2.0 50.0 4.0 -4.0
72.0 -2.0 -2.0 48.0 4.0 -4.0
72.0 0.0 -2.0 50.0 12.0 -4.0
64.0 6.0 -2.0 52.0 4.0 -4.0
62.0 0.0 -2.0 52.0 4.0 -6.0
62.0 2.0 -2.0 52.0 2.0 -6.0
64.0 0.0 0.0 46.0 2.0 -6.0
70.0 0.0 0.0 46.0 0.0 -4.0
64.0 -4.0 0.0 46.0 2.0 -2.0
70.0 -4.0 2.0 56.0 0.0 -2.0
64.0 -2.0 2.0 54.0 4.0 0.0
64.0 4.0 -2.0 54.0 6.0 0.0
64.0 2.0 -2.0 52.0 8.0 -2.0
66.0 2.0 0.0 52.0 6.0 -2.0
66.0 2.0 0.0 52.0 -2.0 2.0
68.0 -4.0 0.0 54.0 -2.0 2.0
68.0 -4.0 0.0 54.0 -2.0 -2.0
68.0 -4.0 -4.0 44.0 10.0 -8.0
66.0 -2.0 0.0 44.0 6.0 -2.0
64.0 0.0 -2.0 50.0 8.0 -2.0
60.0 0.0 -2.0 50.0 6.0 -2.0
60.0 2.0 -6.0 54.0 8.0 -2.0
64.0 2.0 -6.0 48.0 6.0 -10.0
64.0 0.0 -4.0 54.0 10.0 -10.0
64.0 0.0 -2.0 54.0 6.0 -2.0
64.0 -4.0 2.0 54.0 4.0 -2.0
64.0 -6.0 2.0 52.0 0.0 -4.0
64.0 -6.0 -2.0 52.0 0.0 -4.0
62.0 -6.0 -2.0 52.0 0.0 -2.0
60.0 -4.0 2.0 46.0 0.0 -2.0
62.0 2.0 2.0 44.0 8.0 2.0
66.0 2.0 4.0 44.0 8.0 0.0
66.0 2.0 4.0 56.0 6.0 2.0
66.0 2.0 4.0 56.0 6.0 4.0
60.0 2.0 2.0 46.0 6.0 4.0
66.0 0.0 2.0 46.0 6.0 4.0
62.0 0.0 0.0 48.0 6.0 2.0
66.0 0.0 2.0 48.0 6.0 0.0
64.0 0.0 2.0 54.0 6.0 -2.0
64.0 0.0 2.0 54.0 0.0 -4.0
60.0 -2.0 2.0 56.0 0.0 -8.0
