# Target: open_hand
# Dominant_Vision: Open Hand
6.0 0.0 -8.0 -4.0 -4.0 2.0
6.0 -8.0 0.0 0.0 -2.0 2.0
6.0 -8.0 -10.0 -2.0 -2.0 4.0
10.0 -8.0 -4.0 2.0 0.0 4.0
20.0 -4.0 -14.0 0.0 0.0 4.0
12.0 -4.0 -8.0 0.0 -2.0 0.0
12.0 -4.0 -8.0 0.0 -2.0 0.0
8.0 -2.0 -2.0 -4.0 -4.0 2.0
8.0 -2.0 -2.0 0.0 0.0 2.0
14.0 0.0 -4.0 0.0 -6.0 2.0
14.0 4.0 -4.0 0.0 0.0 2.0
14.0 0.0 -4.0 6.0 -2.0 2.0
16.0 -4.0 -6.0 -4.0 -2.0 6.0
16.0 -4.0 -6.0 2.0 -6.0 8.0
10.0 -4.0 -6.0 2.0 -6.0 8.0
10.0 -4.0 -6.0 2.0 -6.0 8.0
14.0 -6.0 -6.0 2.0 -8.0 8.0
14.0 4.0 -4.0 -4.0 -8.0 8.0
10.0 -2.0 0.0 -10.0 -4.0 4.0
10.0 4.0 -4.0 -4.0 -4.0 4.0
16.0 -2.0 -12.0 -4.0 -6.0 4.0
18.0 2.0 -12.0 -4.0 -8.0 4.0
16.0 2.0 -8.0 -6.0 -8.0 6.0
16.0 2.0 -2.0 -6.0 -8.0 4.0
16.0 2.0 -2.0 -4.0 -8.0 2.0
18.0 2.0 -2.0 2.0 -8.0 0.0
18.0 2.0 -2.0 -4.0 -14.0 2.0
18.0 2.0 -8.0 2.0 -14.0 4.0
14.0 4.0 -8.0 4.0 -6.0 8.0
12.0 4.0 -8.0 4.0 -4.0 8.0
10.0 2.0 -10.0 4.0 -6.0 8.0
12.0 0.0 -8.0 4.0 -6.0 6.0
32.0 0.0 -10.0 4.0 -16.0 2.0
34.0 2.0 -16.0 12.0 -16.0 2.0
40.0 2.0 -16.0 12.0 -14.0 -2.0
48.0 8.0 -16.0 12.0 -10.0 0.0
50.0 0.0 -14.0 14.0 -6.0 0.0
52.0 8.0 -16.0 26.0 -2.0 10.0
82.0 0.0 -16.0 40.0 8.0 10.0
100.0 12.0 -16.0 58.0 8.0 8.0
100.0 8.0 -12.0 60.0 10.0 2.0
100.0 8.0 -12.0 76.0 16.0 8.0
100.0 8.0 -8.0 84.0 22.0 2.0
100.0 8.0 -8.0 98.0 34.0 6.0
100.0 10.0 -6.0 100.0 34.0 2.0
100.0 10.0 -6.0 100.0 34.0 6.0
100.0 12.0 -6.0 100.0 38.0 10.0
100.0 12.0 -8.0 100.0 44.0 10.0
100.0 12.0 -8.0 100.0 46.0 10.0
100.0 12.0 0.0 100.0 52.0 12.0
100.0 12.0 0.0 100.0 60.0 12.0
100.0 24.0 0.0 100.0 62.0 10.0
100.0 20.0 0.0 100.0 62.0 4.0
100.0 20.0 2.0 100.0 66.0 8.0
100.0 20.0 4.0 100.0 70.0 8.0
100.0 16.0 4.0 100.0 70.0 10.0
100.0 18.0 4.0 100.0 78.0 10.0
100.0 18.0 8.0 100.0 78.0 10.0
100.0 18.0 8.0 100.0 82.0 10.0
100.0 18.0 8.0 100.0 88.0 14.0
100.0 18.0 8.0 100.0 88.0 14.0
100.0 26.0 8.0 100.0 86.0 10.0
100.0 30.0 12.0 100.0 86.0 10.0
100.0 26.0 14.0 100.0 92.0 10.0
100.0 26.0 14.0 100.0 96.0 12.0
100.0 26.0 14.0 100.0 96.0 8.0
100.0 26.0 14.0 100.0 96.0 12.0
100.0 28.0 14.0 100.0 94.0 8.0
100.0 26.0 14.0 100.0 94.0 8.0
100.0 22.0 8.0 100.0 94.0 8.0
100.0 22.0 8.0 100.0 90.0 8.0
100.0 30.0 8.0 100.0 84.0 14.0
100.0 30.0 12.0 100.0 74.0 14.0
100.0 30.0 12.0 100.0 72.0 18.0
100.0 24.0 8.0 100.0 72.0 14.0
100.0 24.0 8.0 100.0 66.0 8.0
100.0 24.0 4.0 100.0 56.0 8.0
100.0 22.0 4.0 100.0 54.0 4.0
100.0 20.0 4.0 100.0 44.0 4.0
100.0 16.0 4.0 100.0 44.0 4.0
100.0 12.0 2.0 100.0 32.0 6.0
100.0 16.0 2.0 100.0 28.0 6.0
100.0 20.0 2.0 100.0 28.0 6.0
100.0 20.0 0.0 100.0 18.0 10.0
100.0 10.0 0.0 100.0 18.0 10.0
100.0 10.0 2.0 100.0 8.0 10.0
100.0 4.0 2.0 100.0 8.0 6.0
100.0 0.0 -2.0 100.0 8.0 6.0
100.0 -2.0 -6.0 100.0 8.0 2.0
100.0 -2.0 -10.0 100.0 8.0 2.0
100.0 -2.0 -10.0 100.0 0.0 2.0
100.0 -4.0 -10.0 98.0 0.0 4.0
90.0 -2.0 -8.0 86.0 0.0 2.0
82.0 -4.0 -8.0 64.0 -8.0 0.0
66.0 -2.0 -8.0 62.0 -8.0 0.0
60.0 -4.0 -8.0 50.0 -6.0 6.0
52.0 -2.0 -6.0 54.0 -6.0 14.0
52.0 -2.0 -10.0 50.0 -12.0 6.0
52.0 -2.0 -8.0 42.0 -12.0 8.0
38.0 -8.0 -10.0 38.0 -12.0 4.0
36.0 -8.0 -8.0 38.0 -8.0 4.0
22.0 -2.0 -14.0 38.0 -8.0 0.0
14.0 4.0 -22.0 36.0 -14.0 0.0
10.0 4.0 -32.0 34.0 -16.0 8.0
4.0 4.0 -32.0 36.0 -14.0 8.0
-2.0 2.0 -22.0 36.0 -14.0 4.0
-4.0 0.0 -14.0 36.0 -8.0 2.0
-8.0 0.0 -14.0 34.0 -12.0 4.0
-10.0 -4.0 -20.0 28.0 -8.0 2.0
-8.0 -4.0 -22.0 24.0 -10.0 -2.0
-12.0 -4.0 -22.0 24.0 -10.0 -2.0
-12.0 0.0 -16.0 24.0 -18.0 4.0
-14.0 4.0 -16.0 26.0 -18.0 4.0
-14.0 0.0 -18.0 26.0 -16.0 8.0
-8.0 6.0 -18.0 36.0 -16.0 14.0
-4.0 -2.0 -16.0 36.0 -16.0 14.0
-4.0 -2.0 -16.0 30.0 -14.0 12.0
0.0 -4.0 -16.0 30.0 -14.0 10.0
-4.0 -2.0 -22.0 30.0 -16.0 10.0
0.0 0.0 -22.0 30.0 -16.0 10.0
-4.0 0.0 -22.0 30.0 -14.0 10.0
-8.0 -4.0 -18.0 28.0 -12.0 8.0
-10.0 -6.0 -22.0 32.0 -12.0 6.0
-14.0 -4.0 -22.0 32.0 -14.0 6.0
-10.0 2.0 -22.0 34.0 -14.0 6.0
-18.0 2.0 -18.0 36.0 -20.0 6.0
-12.0 -6.0 -18.0 34.0 -14.0 8.0
-12.0 -6.0 -18.0 30.0 -10.0 8.0
-12.0 4.0 -18.0 30.0 -10.0 8.0
-14.0 4.0 -16.0 30.0 -10.0 8.0
-14.0 2.0 -16.0 30.0 -12.0 8.0
-14.0 0.0 -24.0 22.0 -12.0 2.0
-14.0 0.0 -24.0 22.0 -12.0 2.0
-14.0 0.0 -20.0 24.0 -18.0 2.0
-16.0 0.0 -18.0 28.0 -18.0 4.0
-16.0 -2.0 -18.0 28.0 -20.0 4.0
-18.0 -2.0 -20.0 28.0 -16.0 8.0
-18.0 -2.0 -22.0 24.0 -20.0 8.0
-18.0 -2.0 -22.0 26.0 -18.0 10.0
-18.0 -6.0 -22.0 24.0 -18.0 10.0
-18.0 -6.0 -20.0 26.0 -12.0 10.0
-24.0 -4.0 -20.0 24.0 -12.0 10.0
-18.0 -4.0 -18.0 32.0 -12.0 8.0
-14.0 -4.0 -18.0 24.0 -14.0 12.0
-14.0 -6.0 -18.0 22.0 -14.0 2.0
-24.0 -4.0 -20.0 22.0 -14.0 12.0
-24.0 -6.0 -24.0 26.0 -16.0 12.0
-20.0 -4.0 -24.0 28.0 -16.0 12.0
-20.0 -4.0 -20.0 26.0 -16.0 10.0
-20.0 -4.0 -20.0 26.0 -12.0 8.0
-20.0 -4.0 -20.0 26.0 -12.0 2.0
-20.0 0.0 -16.0 26.0 -12.0 2.0
-20.0 0.0 -14.0 22.0 -14.0 16.0
-20.0 0.0 -14.0 22.0 -14.0 16.0
-24.0 2.0 -14.0 28.0 -14.0 6.0
-20.0 2.0 -24.0 28.0 -12.0 6.0
-24.0 -8.0 -24.0 24.0 -10.0 4.0
-18.0 -8.0 -24.0 24.0 -10.0 8.0
-20.0 0.0 -28.0 24.0 -10.0 8.0
-20.0 0.0 -20.0 22.0 -10.0 8.0
-28.0 -2.0 -18.0 22.0 -18.0 4.0
-28.0 -2.0 -18.0 26.0 -20.0 4.0
-22.0 -2.0 -20.0 26.0 -20.0 8.0
-22.0 -2.0 -22.0 26.0 -16.0 8.0
-28.0 -2.0 -24.0 26.0 -8.0 14.0
-28.0 -2.0 -24.0 26.0 -14.0 10.0
-20.0 -8.0 -24.0 20.0 -14.0 14.0
-20.0 -8.0 -26.0 20.0 -14.0 14.0
-20.0 4.0 -26.0 20.0 -14.0 14.0
-22.0 4.0 -26.0 24.0 -16.0 12.0
-22.0 2.0 -20.0 20.0 -16.0 6.0
-22.0 2.0 -20.0 20.0 -8.0 6.0
-24.0 4.0 -22.0 20.0 -8.0 8.0
-24.0 4.0 -22.0 24.0 -10.0 8.0
-24.0 -4.0 -20.0 28.0 -10.0 8.0
-22.0 -6.0 -20.0 24.0 -10.0 8.0
-22.0 -4.0 -28.0 20.0 -10.0 8.0
-22.0 4.0 -28.0 20.0 -14.0 6.0
-18.0 4.0 -18.0 26.0 -14.0 6.0
-18.0 4.0 -18.0 26.0 -10.0 8.0
-16.0 4.0 -18.0 26.0 -8.0 8.0
-18.0 4.0 -24.0 26.0 -10.0 6.0
-16.0 4.0 -18.0 26.0 -14.0 6.0
-14.0 4.0 -14.0 26.0 -14.0 12.0
-14.0 4.0 -14.0 26.0 -14.0 12.0
-16.0 0.0 -14.0 26.0 -14.0 8.0
-20.0 -2.0 -26.0 28.0 -14.0 2.0
-22.0 -2.0 -20.0 28.0 -14.0 2.0
-22.0 -2.0 -20.0 26.0 -14.0 2.0
-12.0 4.0 -20.0 20.0 -14.0 4.0
-12.0 6.0 -18.0 24.0 -10.0 14.0
-12.0 6.0 -16.0 24.0 -10.0 14.0
-12.0 0.0 -16.0 34.0 -10.0 6.0
-12.0 0.0 -18.0 34.0 -8.0 6.0
-12.0 4.0 -20.0 24.0 -8.0 6.0
-12.0 4.0 -18.0 24.0 -8.0 2.0
-16.0 0.0 -18.0 28.0 -10.0 2.0
-12.0 0.0 -12.0 28.0 -8.0 2.0
-12.0 0.0 -12.0 22.0 -10.0 2.0
-12.0 0.0 -14.0 16.0 -16.0 2.0
-6.0 4.0 -16.0 16.0 -16.0 12.0
-12.0 -2.0 -16.0 24.0 -14.0 12.0
-12.0 -2.0 -22.0 28.0 -12.0 6.0
-12.0 -2.0 -24.0 28.0 -8.0 6.0
-14.0 -4.0 -24.0 34.0 -6.0 14.0
-12.0 4.0 -20.0 28.0 -6.0 18.0
-8.0 0.0 -18.0 28.0 -16.0 18.0
-6.0 0.0 -16.0 26.0 -16.0 16.0
-8.0 0.0 -18.0 26.0 -8.0 12.0
-10.0 -4.0 -16.0 24.0 -8.0 16.0
-10.0 0.0 -18.0 30.0 -10.0 12.0
-12.0 -8.0 -14.0 18.0 -10.0 12.0
-12.0 -4.0 -18.0 26.0 -10.0 12.0
-14.0 -4.0 -18.0 18.0 -12.0 14.0
-20.0 2.0 -18.0 26.0 -12.0 14.0
-20.0 2.0 -18.0 24.0 -12.0 14.0
-20.0 6.0 -18.0 26.0 -12.0 8.0
-16.0 8.0 -16.0 26.0 -12.0 8.0
-14.0 8.0 -22.0 26.0 -14.0 14.0
-14.0 4.0 -22.0 26.0 -14.0 14.0
-14.0 2.0 -22.0 26.0 -8.0 14.0
-18.0 -2.0 -20.0 24.0 -8.0 8.0
-22.0 -2.0 -14.0 28.0 -14.0 8.0
-18.0 6.0 -12.0 32.0 -14.0 8.0
-18.0 6.0 -12.0 32.0 -14.0 10.0
-18.0 6.0 -10.0 22.0 -12.0 10.0
-18.0 2.0 -10.0 18.0 -8.0 10.0
-22.0 2.0 -10.0 22.0 -8.0 10.0
-22.0 -4.0 -14.0 24.0 -8.0 12.0
-16.0 -2.0 -12.0 28.0 -6.0 12.0
-16.0 -2.0 -16.0 24.0 -6.0 12.0
-16.0 -2.0 -16.0 28.0 -6.0 10.0
-20.0 2.0 -22.0 28.0 -10.0 8.0
-22.0 2.0 -22.0 28.0 -10.0 10.0
-22.0 2.0 -26.0 20.0 -12.0 8.0
-16.0 2.0 -20.0 20.0 -12.0 10.0
