# Target: open_hand
# Dominant_Vision: Open Hand
22.0 2.0 2.0 -10.0 0.0 0.0
16.0 0.0 2.0 -6.0 0.0 0.0
22.0 8.0 8.0 -10.0 0.0 4.0
24.0 0.0 8.0 -14.0 6.0 4.0
24.0 0.0 6.0 -14.0 0.0 6.0
24.0 0.0 4.0 -14.0 4.0 8.0
22.0 2.0 0.0 -4.0 4.0 8.0
22.0 2.0 0.0 -4.0 8.0 10.0
22.0 -2.0 0.0 -8.0 8.0 10.0
22.0 -2.0 0.0 -10.0 0.0 10.0
22.0 4.0 6.0 -14.0 0.0 8.0
20.0 4.0 8.0 -10.0 2.0 8.0
20.0 4.0 8.0 -18.0 6.0 6.0
22.0 6.0 8.0 -14.0 6.0 8.0
22.0 6.0 12.0 -14.0 0.0 14.0
22.0 6.0 10.0 -12.0 0.0 14.0
24.0 6.0 14.0 -10.0 0.0 4.0
26.0 4.0 10.0 -10.0 0.0 4.0
28.0 4.0 6.0 -16.0 2.0 4.0
28.0 4.0 4.0 -16.0 6.0 8.0
28.0 4.0 6.0 -10.0 6.0 8.0
36.0 10.0 10.0 10.0 2.0 8.0
44.0 18.0 12.0 20.0 2.0 8.0
44.0 18.0 12.0 22.0 4.0 16.0
42.0 12.0 12.0 20.0 4.0 12.0
42.0 12.0 10.0 22.0 -4.0 14.0
0.0 6.0 4.0 22.0 -4.0 12.0
-10.0 16.0 4.0 24.0 -4.0 8.0
-10.0 6.0 4.0 34.0 -6.0 8.0
-10.0 8.0 6.0 58.0 -6.0 10.0
8.0 8.0 14.0 84.0 -4.0 12.0
24.0 16.0 14.0 88.0 2.0 12.0
40.0 22.0 14.0 88.0 6.0 14.0
60.0 22.0 22.0 98.0 14.0 14.0
66.0 22.0 16.0 100.0 14.0 16.0
60.0 18.0 16.0 100.0 12.0 26.0
60.0 18.0 16.0 100.0 12.0 16.0
52.0 18.0 20.0 100.0 12.0 14.0
48.0 20.0 22.0 100.0 12.0 14.0
48.0 20.0 22.0 100.0 10.0 20.0
66.0 20.0 16.0 100.0 10.0 20.0
72.0 22.0 16.0 100.0 10.0 18.0
72.0 20.0 16.0 100.0 14.0 14.0
70.0 22.0 16.0 100.0 6.0 14.0
56.0 20.0 18.0 100.0 8.0 14.0
52.0 20.0 18.0 100.0 4.0 12.0
50.0 18.0 18.0 100.0 2.0 16.0
50.0 10.0 18.0 100.0 -4.0 12.0
38.0 10.0 10.0 96.0 -4.0 16.0
38.0 10.0 14.0 88.0 -10.0 6.0
36.0 10.0 12.0 78.0 -10.0 12.0
36.0 12.0 12.0 64.0 -6.0 8.0
32.0 16.0 12.0 56.0 -6.0 8.0
32.0 16.0 8.0 22.0 -2.0 8.0
32.0 12.0 8.0 20.0 -2.0 12.0
32.0 6.0 8.0 22.0 -2.0 12.0
34.0 6.0 8.0 16.0 -2.0 6.0
40.0 6.0 6.0 18.0 4.0 6.0
38.0 8.0 6.0 12.0 0.0 10.0
38.0 8.0 8.0 18.0 0.0 12.0
34.0 8.0 8.0 12.0 0.0 10.0
34.0 2.0 8.0 18.0 0.0 6.0
38.0 -2.0 8.0 12.0 2.0 6.0
42.0 2.0 14.0 8.0 8.0 18.0
42.0 2.0 14.0 8.0 2.0 18.0
42.0 6.0 8.0 8.0 4.0 16.0
42.0 6.0 6.0 10.0 4.0 14.0
42.0 8.0 8.0 8.0 4.0 12.0
42.0 10.0 10.0 6.0 6.0 12.0
42.0 10.0 12.0 6.0 6.0 16.0
42.0 10.0 12.0 8.0 6.0 16.0
42.0 8.0 16.0 12.0 6.0 6.0
42.0 2.0 16.0 8.0 -4.0 6.0
42.0 2.0 6.0 6.0 -4.0 6.0
42.0 4.0 6.0 6.0 2.0 8.0
44.0 4.0 6.0 6.0 2.0 12.0
42.0 2.0 8.0 8.0 2.0 16.0
44.0 2.0 8.0 14.0 2.0 16.0
42.0 2.0 8.0 14.0 0.0 10.0
40.0 -2.0 8.0 6.0 0.0 10.0
40.0 -2.0 10.0 0.0 0.0 10.0
40.0 0.0 8.0 0.0 6.0 10.0
40.0 10.0 12.0 0.0 6.0 10.0
38.0 10.0 10.0 0.0 6.0 12.0
38.0 10.0 10.0 0.0 2.0 12.0
38.0 8.0 10.0 0.0 -6.0 8.0
40.0 4.0 8.0 2.0 2.0 8.0
40.0 4.0 12.0 2.0 2.0 10.0
40.0 2.0 8.0 2.0 2.0 12.0
36.0 2.0 8.0 4.0 0.0 12.0
34.0 -2.0 8.0 4.0 0.0 12.0
36.0 -2.0 10.0 -6.0 2.0 12.0
34.0 0.0 16.0 -6.0 10.0 12.0
40.0 6.0 10.0 2.0 2.0 12.0
36.0 6.0 4.0 2.0 2.0 14.0
36.0 -2.0 4.0 2.0 2.0 10.0
36.0 -2.0 10.0 2.0 2.0 6.0
32.0 2.0 14.0 2.0 0.0 6.0
36.0 2.0 12.0 2.0 0.0 4.0
26.0 2.0 12.0 2.0 0.0 6.0
26.0 0.0 12.0 4.0 2.0 6.0
26.0 0.0 10.0 2.0 4.0 6.0
38.0 0.0 10.0 0.0 4.0 10.0
38.0 2.0 6.0 0.0 4.0 6.0
30.0 2.0 6.0 0.0 -4.0 10.0
30.0 0.0 6.0 2.0 2.0 14.0
30.0 -2.0 10.0 2.0 2.0 14.0
28.0 0.0 12.0 2.0 4.0 16.0
28.0 0.0 16.0 4.0 4.0 12.0
28.0 0.0 12.0 -2.0 4.0 12.0
32.0 0.0 14.0 -6.0 4.0 10.0
28.0 2.0 8.0 -8.0 4.0 10.0
32.0 2.0 14.0 -6.0 4.0 10.0
34.0 0.0 8.0 2.0 -4.0 8.0
34.0 0.0 8.0 2.0 -4.0 6.0
34.0 0.0 8.0 -4.0 -4.0 6.0
28.0 2.0 8.0 -6.0 -2.0 14.0
28.0 0.0 14.0 -4.0 -4.0 18.0
28.0 -6.0 14.0 -2.0 -2.0 14.0
30.0 -6.0 14.0 0.0 -2.0 8.0
28.0 4.0 12.0 0.0 -2.0 8.0
28.0 4.0 10.0 0.0 6.0 8.0
28.0 -2.0 8.0 -10.0 4.0 6.0
30.0 -2.0 6.0 -10.0 4.0 6.0
32.0 4.0 4.0 -6.0 4.0 6.0
34.0 4.0 6.0 -4.0 -6.0 10.0
32.0 4.0 10.0 -4.0 6.0 10.0
36.0 4.0 10.0 -4.0 -2.0 6.0
32.0 0.0 10.0 -4.0 2.0 6.0
32.0 -4.0 10.0 -2.0 -2.0 4.0
30.0 -4.0 12.0 -2.0 -6.0 8.0
30.0 -4.0 12.0 -4.0 -6.0 12.0
26.0 -4.0 12.0 -4.0 0.0 12.0
26.0 -4.0 14.0 -8.0 0.0 8.0
26.0 -2.0 12.0 -2.0 4.0 2.0
28.0 0.0 12.0 -2.0 6.0 4.0
28.0 0.0 8.0 -2.0 6.0 4.0
28.0 0.0 8.0 -6.0 8.0 6.0
28.0 0.0 4.0 -6.0 -4.0 8.0
28.0 0.0 8.0 -2.0 4.0 8.0
30.0 -2.0 2.0 -2.0 4.0 12.0
30.0 -6.0 8.0 -8.0 6.0 12.0
32.0 -6.0 8.0 -8.0 6.0 14.0
32.0 2.0 8.0 0.0 0.0 14.0
32.0 2.0 8.0 0.0 -4.0 12.0
30.0 -2.0 8.0 -8.0 0.0 12.0
32.0 -2.0 4.0 -8.0 2.0 12.0
28.0 0.0 10.0 -6.0 6.0 10.0
32.0 2.0 12.0 -4.0 8.0 8.0
30.0 2.0 12.0 -6.0 8.0 8.0
34.0 2.0 12.0 -6.0 0.0 8.0
32.0 2.0 14.0 -8.0 0.0 8.0
34.0 2.0 14.0 -8.0 2.0 6.0
32.0 -2.0 2.0 -6.0 2.0 6.0
30.0 -2.0 2.0 -4.0 2.0 14.0
28.0 -2.0 14.0 -6.0 2.0 14.0
30.0 4.0 14.0 0.0 4.0 4.0
30.0 4.0 4.0 -10.0 4.0 4.0
30.0 2.0 4.0 -4.0 4.0 4.0
28.0 0.0 6.0 -8.0 2.0 8.0
28.0 2.0 6.0 -4.0 2.0 12.0
32.0 0.0 6.0 -2.0 2.0 12.0
32.0 8.0 6.0 -2.0 0.0 12.0
30.0 2.0 4.0 -6.0 0.0 4.0
30.0 2.0 4.0 -12.0 0.0 4.0
30.0 2.0 10.0 -12.0 0.0 8.0
30.0 2.0 10.0 -2.0 0.0 12.0
30.0 4.0 10.0 -2.0 0.0 12.0
30.0 2.0 10.0 -2.0 0.0 10.0
30.0 0.0 16.0 -2.0 0.0 10.0
32.0 0.0 16.0 -8.0 -2.0 10.0
32.0 4.0 4.0 -8.0 -4.0 12.0
32.0 4.0 4.0 -8.0 -2.0 12.0
28.0 4.0 4.0 -8.0 -2.0 10.0
28.0 8.0 4.0 -8.0 -2.0 4.0
28.0 8.0 4.0 -8.0 -4.0 4.0
28.0 4.0 4.0 -8.0 -4.0 6.0
26.0 2.0 12.0 -8.0 -2.0 6.0
24.0 -2.0 12.0 -8.0 0.0 6.0
24.0 -2.0 8.0 -14.0 4.0 6.0
24.0 -2.0 8.0 -14.0 4.0 10.0
24.0 -2.0 12.0 -14.0 0.0 12.0
22.0 -2.0 12.0 -12.0 0.0 10.0
22.0 -2.0 6.0 -12.0 0.0 10.0
22.0 0.0 0.0 -12.0 2.0 10.0
24.0 -2.0 0.0 -8.0 0.0 6.0
32.0 0.0 0.0 -2.0 -2.0 6.0
32.0 0.0 4.0 -2.0 -2.0 4.0
32.0 8.0 8.0 -6.0 -2.0 6.0
32.0 8.0 12.0 -6.0 -2.0 8.0
32.0 6.0 8.0 0.0 -2.0 10.0
32.0 0.0 12.0 0.0 -4.0 14.0
32.0 0.0 6.0 -2.0 0.0 14.0
32.0 4.0 12.0 -2.0 -2.0 14.0
32.0 6.0 12.0 -4.0 0.0 12.0
30.0 6.0 16.0 -2.0 0.0 4.0
30.0 8.0 16.0 -4.0 0.0 10.0
32.0 10.0 12.0 -4.0 0.0 10.0
32.0 10.0 12.0 -10.0 2.0 10.0
32.0 6.0 4.0 -8.0 2.0 10.0
30.0 2.0 12.0 -8.0 0.0 4.0
30.0 0.0 12.0 -2.0 0.0 12.0
28.0 2.0 12.0 -2.0 -4.0 4.0
26.0 0.0 10.0 -6.0 -2.0 12.0
28.0 2.0 4.0 -6.0 -4.0 12.0
28.0 0.0 8.0 0.0 -8.0 12.0
28.0 4.0 4.0 0.0 -8.0 12.0
28.0 2.0 8.0 0.0 -2.0 12.0
28.0 4.0 10.0 -6.0 -2.0 8.0
28.0 2.0 10.0 -6.0 -2.0 16.0
28.0 0.0 8.0 -6.0 0.0 8.0
28.0 0.0 4.0 -6.0 4.0 12.0
28.0 6.0 8.0 -6.0 4.0 12.0
28.0 6.0 12.0 -6.0 4.0 12.0
28.0 4.0 12.0 -6.0 0.0 14.0
28.0 -2.0 16.0 -6.0 0.0 14.0
28.0 -2.0 8.0 -6.0 0.0 14.0
28.0 -2.0 8.0 -6.0 -2.0 14.0
36.0 4.0 8.0 -6.0 2.0 14.0
36.0 4.0 8.0 -8.0 -2.0 10.0
36.0 6.0 8.0 -8.0 0.0 10.0
28.0 4.0 10.0 -4.0 0.0 10.0
26.0 2.0 14.0 -4.0 0.0 12.0
26.0 2.0 10.0 0.0 2.0 6.0
26.0 4.0 14.0 0.0 4.0 10.0
30.0 4.0 14.0 -2.0 4.0 10.0
32.0 6.0 14.0 -2.0 -2.0 14.0
30.0 4.0 16.0 -2.0 -2.0 14.0
28.0 4.0 10.0 -4.0 -2.0 10.0
26.0 4.0 8.0 -4.0 2.0 10.0
