# Target: open_hand
# Dominant_Vision: Open Hand
6.0 16.0 -4.0 16.0 2.0 4.0
0.0 16.0 0.0 12.0 2.0 0.0
8.0 18.0 -4.0 12.0 6.0 4.0
4.0 28.0 0.0 10.0 6.0 -2.0
6.0 28.0 0.0 10.0 6.0 -2.0
6.0 24.0 2.0 8.0 8.0 -2.0
6.0 22.0 2.0 18.0 8.0 -2.0
8.0 22.0 4.0 18.0 4.0 2.0
10.0 22.0 4.0 18.0 4.0 0.0
12.0 30.0 0.0 14.0 6.0 0.0
12.0 32.0 0.0 14.0 6.0 0.0
10.0 30.0 4.0 16.0 4.0 2.0
10.0 30.0 4.0 16.0 4.0 2.0
10.0 30.0 4.0 16.0 8.0 -2.0
4.0 28.0 -4.0 8.0 12.0 -2.0
4.0 30.0 4.0 8.0 12.0 -2.0
4.0 28.0 2.0 8.0 4.0 4.0
4.0 30.0 2.0 2.0 4.0 4.0
8.0 28.0 0.0 12.0 2.0 4.0
8.0 28.0 -2.0 14.0 -2.0 -2.0
6.0 20.0 -2.0 14.0 -2.0 -2.0
6.0 20.0 -2.0 14.0 -2.0 4.0
4.0 26.0 4.0 12.0 4.0 4.0
4.0 26.0 4.0 14.0 4.0 4.0
4.0 16.0 -2.0 16.0 8.0 4.0
4.0 16.0 -4.0 18.0 4.0 2.0
4.0 24.0 -4.0 16.0 8.0 -2.0
4.0 28.0 -6.0 12.0 4.0 -2.0
8.0 28.0 -6.0 12.0 4.0 -2.0
8.0 20.0 -6.0 12.0 4.0 -6.0
6.0 20.0 -4.0 14.0 4.0 0.0
6.0 20.0 0.0 22.0 4.0 -2.0
6.0 24.0 0.0 24.0 10.0 0.0
16.0 24.0 0.0 38.0 12.0 -2.0
18.0 30.0 -2.0 48.0 12.0 0.0
18.0 32.0 0.0 48.0 8.0 -2.0
18.0 32.0 -2.0 48.0 8.0 2.0
12.0 32.0 -8.0 52.0 14.0 4.0
18.0 30.0 -8.0 60.0 14.0 4.0
28.0 30.0 -4.0 88.0 16.0 4.0
38.0 30.0 6.0 100.0 20.0 6.0
38.0 30.0 16.0 100.0 26.0 6.0
48.0 40.0 16.0 100.0 26.0 6.0
60.0 44.0 12.0 100.0 28.0 4.0
64.0 44.0 12.0 100.0 28.0 4.0
98.0 42.0 14.0 100.0 30.0 2.0
98.0 42.0 18.0 100.0 30.0 2.0
96.0 52.0 18.0 100.0 32.0 4.0
96.0 54.0 14.0 100.0 32.0 6.0
98.0 54.0 14.0 100.0 44.0 6.0
100.0 48.0 12.0 100.0 44.0 6.0
100.0 48.0 14.0 100.0 40.0 12.0
100.0 48.0 12.0 100.0 36.0 12.0
100.0 48.0 14.0 100.0 34.0 6.0
100.0 50.0 14.0 100.0 34.0 6.0
100.0 50.0 14.0 100.0 34.0 10.0
100.0 48.0 26.0 100.0 38.0 10.0
100.0 48.0 18.0 100.0 38.0 10.0
100.0 48.0 18.0 100.0 32.0 8.0
100.0 44.0 14.0 100.0 26.0 8.0
100.0 42.0 12.0 100.0 26.0 6.0
100.0 42.0 12.0 100.0 20.0 8.0
100.0 42.0 12.0 100.0 16.0 4.0
96.0 40.0 12.0 100.0 16.0 8.0
98.0 42.0 12.0 100.0 14.0 8.0
96.0 34.0 12.0 100.0 10.0 8.0
92.0 32.0 12.0 100.0 8.0 2.0
88.0 32.0 12.0 100.0 10.0 2.0
88.0 32.0 12.0 100.0 8.0 2.0
88.0 26.0 6.0 100.0 12.0 2.0
86.0 24.0 6.0 100.0 6.0 2.0
82.0 26.0 8.0 100.0 10.0 2.0
82.0 32.0 8.0 100.0 10.0 2.0
72.0 32.0 2.0 100.0 10.0 6.0
72.0 32.0 2.0 100.0 6.0 6.0
76.0 34.0 6.0 92.0 4.0 8.0
82.0 34.0 8.0 76.0 2.0 6.0
76.0 34.0 8.0 76.0 2.0 6.0
72.0 36.0 10.0 70.0 6.0 0.0
70.0 36.0 6.0 70.0 10.0 0.0
70.0 22.0 4.0 62.0 10.0 -6.0
74.0 22.0 4.0 64.0 10.0 2.0
74.0 26.0 10.0 62.0 16.0 2.0
74.0 26.0 10.0 62.0 10.0 2.0
74.0 32.0 10.0 62.0 14.0 4.0
78.0 26.0 10.0 66.0 14.0 4.0
74.0 26.0 6.0 68.0 14.0 4.0
74.0 26.0 10.0 68.0 14.0 6.0
74.0 30.0 6.0 66.0 14.0 0.0
74.0 32.0 12.0 56.0 14.0 4.0
74.0 32.0 8.0 56.0 10.0 4.0
72.0 30.0 8.0 56.0 12.0 4.0
72.0 28.0 8.0 56.0 10.0 2.0
68.0 28.0 6.0 42.0 10.0 2.0
68.0 28.0 8.0 40.0 10.0 0.0
68.0 28.0 6.0 38.0 6.0 -2.0
60.0 28.0 8.0 38.0 12.0 0.0
60.0 28.0 6.0 46.0 10.0 4.0
60.0 28.0 8.0 46.0 14.0 4.0
60.0 28.0 6.0 40.0 10.0 0.0
58.0 8.0 8.0 40.0 10.0 0.0
58.0 22.0 12.0 40.0 8.0 0.0
52.0 18.0 12.0 40.0 8.0 2.0
62.0 20.0 8.0 38.0 8.0 4.0
62.0 20.0 4.0 40.0 10.0 4.0
64.0 22.0 2.0 28.0 10.0 4.0
62.0 22.0 2.0 38.0 10.0 2.0
62.0 20.0 8.0 36.0 8.0 -4.0
60.0 20.0 8.0 36.0 2.0 -4.0
60.0 20.0 8.0 36.0 2.0 0.0
60.0 26.0 8.0 34.0 8.0 0.0
56.0 26.0 2.0 34.0 10.0 0.0
56.0 26.0 0.0 34.0 8.0 -6.0
56.0 26.0 0.0 34.0 8.0 -2.0
60.0 24.0 0.0 36.0 6.0 -2.0
60.0 28.0 6.0 36.0 6.0 4.0
58.0 28.0 10.0 38.0 6.0 4.0
56.0 28.0 10.0 40.0 6.0 -2.0
58.0 24.0 10.0 40.0 10.0 -2.0
60.0 24.0 8.0 38.0 10.0 0.0
64.0 22.0 6.0 38.0 10.0 4.0
60.0 22.0 4.0 38.0 10.0 0.0
58.0 20.0 0.0 42.0 10.0 0.0
58.0 20.0 0.0 36.0 10.0 -2.0
64.0 20.0 0.0 36.0 10.0 -2.0
64.0 18.0 6.0 36.0 4.0 -2.0
60.0 16.0 4.0 36.0 4.0 0.0
60.0 16.0 4.0 36.0 4.0 4.0
58.0 16.0 2.0 34.0 8.0 0.0
56.0 26.0 2.0 34.0 8.0 0.0
56.0 20.0 6.0 36.0 6.0 0.0
60.0 22.0 6.0 36.0 4.0 2.0
62.0 20.0 10.0 36.0 6.0 2.0
60.0 22.0 4.0 36.0 10.0 0.0
58.0 22.0 6.0 36.0 14.0 -2.0
58.0 22.0 4.0 36.0 14.0 0.0
58.0 22.0 6.0 36.0 12.0 2.0
62.0 22.0 6.0 36.0 6.0 2.0
62.0 22.0 8.0 36.0 2.0 -4.0
60.0 22.0 10.0 36.0 6.0 -4.0
54.0 24.0 10.0 28.0 4.0 -4.0
52.0 24.0 10.0 28.0 6.0 -4.0
52.0 24.0 10.0 34.0 6.0 -4.0
52.0 24.0 10.0 34.0 6.0 -4.0
52.0 28.0 8.0 32.0 12.0 -4.0
50.0 16.0 6.0 32.0 6.0 -4.0
50.0 16.0 2.0 32.0 6.0 0.0
50.0 16.0 2.0 38.0 6.0 -4.0
54.0 16.0 2.0 36.0 4.0 0.0
56.0 18.0 2.0 38.0 12.0 0.0
56.0 20.0 6.0 38.0 12.0 0.0
60.0 26.0 10.0 38.0 12.0 -4.0
58.0 26.0 10.0 34.0 12.0 -4.0
58.0 22.0 8.0 32.0 10.0 -4.0
58.0 22.0 8.0 34.0 10.0 0.0
56.0 24.0 2.0 34.0 10.0 0.0
60.0 24.0 2.0 34.0 10.0 0.0
54.0 18.0 4.0 34.0 12.0 0.0
54.0 16.0 4.0 34.0 10.0 0.0
50.0 18.0 4.0 34.0 6.0 -2.0
50.0 18.0 0.0 30.0 6.0 0.0
52.0 22.0 4.0 30.0 6.0 2.0
56.0 26.0 8.0 30.0 10.0 2.0
52.0 26.0 8.0 26.0 4.0 2.0
54.0 26.0 8.0 28.0 10.0 2.0
50.0 24.0 -2.0 28.0 4.0 2.0
54.0 24.0 -2.0 28.0 12.0 2.0
52.0 24.0 6.0 32.0 12.0 6.0
62.0 24.0 6.0 26.0 12.0 6.0
52.0 26.0 4.0 28.0 10.0 2.0
58.0 26.0 4.0 28.0 10.0 -2.0
52.0 26.0 2.0 28.0 14.0 -2.0
52.0 24.0 2.0 30.0 14.0 10.0
52.0 20.0 0.0 30.0 10.0 10.0
54.0 20.0 0.0 36.0 2.0 10.0
54.0 20.0 0.0 38.0 2.0 4.0
48.0 24.0 6.0 38.0 4.0 -4.0
48.0 22.0 0.0 32.0 4.0 -8.0
54.0 24.0 0.0 28.0 4.0 -8.0
56.0 24.0 0.0 30.0 4.0 -10.0
56.0 28.0 2.0 28.0 6.0 -4.0
50.0 28.0 4.0 28.0 6.0 -4.0
50.0 26.0 2.0 24.0 10.0 -4.0
44.0 26.0 4.0 24.0 10.0 0.0
52.0 24.0 2.0 24.0 6.0 0.0
52.0 22.0 6.0 26.0 6.0 0.0
52.0 24.0 8.0 36.0 6.0 0.0
52.0 28.0 10.0 36.0 6.0 0.0
48.0 28.0 10.0 36.0 6.0 -2.0
48.0 22.0 -2.0 28.0 2.0 -2.0
48.0 22.0 -2.0 28.0 6.0 0.0
46.0 26.0 6.0 30.0 6.0 0.0
46.0 26.0 6.0 34.0 6.0 0.0
50.0 16.0 10.0 34.0 10.0 0.0
52.0 16.0 10.0 34.0 4.0 2.0
52.0 14.0 4.0 38.0 6.0 2.0
50.0 24.0 -4.0 38.0 4.0 2.0
50.0 18.0 -4.0 36.0 4.0 2.0
52.0 24.0 0.0 36.0 4.0 2.0
54.0 18.0 0.0 34.0 6.0 2.0
54.0 22.0 0.0 34.0 6.0 0.0
54.0 22.0 0.0 34.0 6.0 2.0
58.0 22.0 2.0 34.0 8.0 2.0
58.0 8.0 4.0 36.0 10.0 2.0
56.0 8.0 6.0 36.0 10.0 -4.0
54.0 20.0 6.0 34.0 8.0 -8.0
54.0 20.0 6.0 32.0 6.0 -4.0
54.0 20.0 6.0 28.0 6.0 0.0
54.0 20.0 6.0 32.0 14.0 0.0
54.0 22.0 6.0 30.0 14.0 -2.0
54.0 22.0 2.0 30.0 6.0 -2.0
52.0 22.0 2.0 30.0 6.0 -2.0
52.0 24.0 2.0 30.0 8.0 2.0
52.0 24.0 4.0 32.0 8.0 2.0
50.0 20.0 0.0 32.0 8.0 6.0
50.0 20.0 6.0 32.0 12.0 6.0
58.0 20.0 4.0 28.0 12.0 6.0
58.0 20.0 4.0 24.0 6.0 2.0
56.0 20.0 4.0 24.0 6.0 0.0
54.0 26.0 6.0 32.0 6.0 0.0
54.0 28.0 6.0 36.0 8.0 0.0
48.0 28.0 10.0 36.0 2.0 2.0
48.0 32.0 10.0 36.0 8.0 2.0
50.0 32.0 10.0 32.0 6.0 -6.0
54.0 24.0 6.0 32.0 6.0 -6.0
54.0 22.0 6.0 30.0 6.0 -2.0
54.0 22.0 14.0 30.0 6.0 2.0
60.0 22.0 16.0 30.0 10.0 2.0
54.0 28.0 14.0 30.0 14.0 0.0
54.0 26.0 8.0 32.0 14.0 0.0
