# Target: open_hand
# Dominant_Vision: Open Hand
-2.0 0.0 2.0 0.0 -2.0 0.0
-6.0 0.0 0.0 0.0 -2.0 4.0
-6.0 -2.0 2.0 -4.0 -2.0 4.0
-6.0 -2.0 0.0 -12.0 -2.0 2.0
-6.0 4.0 2.0 -4.0 0.0 2.0
-4.0 4.0 2.0 -4.0 -2.0 4.0
-4.0 2.0 4.0 -2.0 0.0 6.0
-4.0 2.0 4.0 2.0 -2.0 6.0
-8.0 4.0 2.0 -2.0 -2.0 -2.0
-2.0 4.0 2.0 -4.0 -2.0 -2.0
-2.0 2.0 2.0 -4.0 -6.0 -4.0
-2.0 2.0 2.0 -6.0 -6.0 -4.0
-2.0 4.0 2.0 4.0 2.0 0.0
-4.0 4.0 2.0 -4.0 2.0 2.0
-4.0 6.0 0.0 0.0 0.0 4.0
-4.0 -2.0 2.0 -4.0 -4.0 4.0
-4.0 4.0 -2.0 0.0 -4.0 2.0
-4.0 4.0 0.0 -4.0 2.0 2.0
-6.0 4.0 0.0 -4.0 6.0 0.0
-6.0 2.0 0.0 -12.0 6.0 -2.0
-2.0 -4.0 2.0 -12.0 -4.0 -2.0
-2.0 -4.0 -2.0 -2.0 -4.0 4.0
-12.0 2.0 2.0 -2.0 0.0 4.0
-12.0 2.0 2.0 -2.0 2.0 4.0
-2.0 0.0 2.0 4.0 2.0 4.0
0.0 0.0 2.0 -8.0 2.0 8.0
-2.0 4.0 6.0 -4.0 -2.0 8.0
-6.0 6.0 2.0 -4.0 -2.0 6.0
-12.0 8.0 2.0 -4.0 -2.0 4.0
-12.0 8.0 -2.0 -6.0 0.0 6.0
-12.0 0.0 2.0 -6.0 -2.0 6.0
-10.0 0.0 -4.0 -8.0 -2.0 6.0
-10.0 2.0 2.0 -4.0 -2.0 2.0
-6.0 2.0 -8.0 -4.0 -2.0 0.0
-4.0 0.0 2.0 0.0 -4.0 2.0
-4.0 0.0 -6.0 0.0 -4.0 -2.0
-2.0 0.0 2.0 0.0 0.0 2.0
-2.0 6.0 -2.0 -6.0 0.0 -2.0
-6.0 6.0 2.0 0.0 -6.0 6.0
-6.0 6.0 2.0 0.0 -6.0 4.0
-4.0 6.0 2.0 2.0 0.0 6.0
-4.0 2.0 2.0 2.0 0.0 4.0
-8.0 2.0 -2.0 -2.0 0.0 4.0
-14.0 2.0 2.0 -2.0 2.0 2.0
-14.0 0.0 2.0 2.0 2.0 2.0
-14.0 0.0 2.0 2.0 2.0 2.0
-8.0 0.0 -4.0 2.0 -2.0 4.0
-6.0 -2.0 -4.0 4.0 -2.0 4.0
-6.0 -2.0 2.0 4.0 -4.0 0.0
-8.0 -2.0 2.0 -4.0 -2.0 0.0
-12.0 4.0 0.0 -6.0 -4.0 0.0
-12.0 -2.0 0.0 -6.0 -2.0 0.0
-12.0 4.0 2.0 -6.0 -4.0 0.0
-8.0 -2.0 4.0 -6.0 -2.0 2.0
-6.0 8.0 6.0 -2.0 -4.0 4.0
-6.0 6.0 6.0 -8.0 -4.0 6.0
-6.0 6.0 2.0 -8.0 -6.0 6.0
-6.0 -4.0 0.0 -8.0 -4.0 8.0
-6.0 -4.0 0.0 -6.0 2.0 8.0
-12.0 2.0 2.0 -2.0 2.0 4.0
-12.0 4.0 2.0 -2.0 0.0 2.0
-12.0 4.0 0.0 -2.0 0.0 4.0
-2.0 0.0 0.0 10.0 6.0 2.0
0.0 0.0 0.0 14.0 6.0 6.0
4.0 2.0 2.0 20.0 8.0 4.0
12.0 10.0 2.0 16.0 8.0 6.0
12.0 12.0 6.0 22.0 8.0 4.0
8.0 10.0 6.0 16.0 8.0 4.0
8.0 10.0 8.0 24.0 8.0 0.0
8.0 10.0 8.0 24.0 6.0 4.0
-4.0 8.0 2.0 54.0 6.0 4.0
-12.0 10.0 2.0 84.0 6.0 10.0
-12.0 4.0 2.0 100.0 12.0 4.0
-2.0 10.0 6.0 100.0 14.0 10.0
10.0 10.0 6.0 100.0 16.0 12.0
26.0 16.0 8.0 100.0 18.0 14.0
38.0 26.0 8.0 100.0 22.0 14.0
44.0 26.0 10.0 100.0 24.0 14.0
52.0 16.0 12.0 100.0 24.0 12.0
58.0 16.0 14.0 100.0 24.0 12.0
58.0 20.0 16.0 100.0 34.0 12.0
58.0 22.0 16.0 100.0 34.0 14.0
64.0 20.0 12.0 100.0 34.0 14.0
60.0 22.0 10.0 100.0 28.0 14.0
60.0 26.0 10.0 100.0 26.0 14.0
60.0 26.0 10.0 100.0 24.0 10.0
60.0 18.0 10.0 100.0 24.0 10.0
60.0 18.0 16.0 100.0 24.0 12.0
60.0 18.0 14.0 100.0 26.0 14.0
60.0 10.0 14.0 100.0 26.0 14.0
66.0 10.0 14.0 100.0 24.0 14.0
60.0 10.0 12.0 100.0 24.0 14.0
66.0 14.0 12.0 100.0 24.0 10.0
56.0 22.0 12.0 100.0 24.0 10.0
56.0 22.0 12.0 100.0 18.0 8.0
54.0 14.0 6.0 100.0 18.0 8.0
50.0 12.0 14.0 100.0 18.0 8.0
46.0 14.0 16.0 100.0 10.0 8.0
32.0 10.0 16.0 100.0 10.0 8.0
32.0 8.0 10.0 100.0 2.0 6.0
32.0 8.0 8.0 100.0 4.0 6.0
26.0 4.0 8.0 100.0 0.0 6.0
-16.0 6.0 8.0 100.0 4.0 6.0
-22.0 6.0 8.0 76.0 0.0 6.0
-22.0 8.0 12.0 70.0 0.0 6.0
-26.0 10.0 12.0 32.0 -10.0 4.0
-32.0 8.0 8.0 28.0 -10.0 4.0
-32.0 6.0 4.0 20.0 -10.0 4.0
-30.0 -2.0 0.0 16.0 -6.0 2.0
-26.0 -2.0 -2.0 16.0 -8.0 10.0
-26.0 10.0 -8.0 16.0 -6.0 -2.0
-26.0 10.0 -8.0 26.0 -6.0 2.0
-20.0 8.0 -2.0 26.0 -6.0 2.0
-20.0 4.0 0.0 8.0 -6.0 2.0
-20.0 2.0 6.0 8.0 -4.0 10.0
-20.0 0.0 2.0 8.0 -4.0 2.0
-18.0 0.0 2.0 4.0 -4.0 4.0
-18.0 0.0 2.0 4.0 -2.0 4.0
-18.0 14.0 0.0 4.0 -2.0 4.0
-18.0 14.0 4.0 -2.0 -2.0 6.0
-28.0 10.0 4.0 -2.0 -2.0 6.0
-28.0 8.0 4.0 -2.0 -2.0 -2.0
-26.0 4.0 6.0 -2.0 2.0 -2.0
-26.0 4.0 4.0 -2.0 2.0 2.0
-22.0 4.0 -4.0 -4.0 0.0 6.0
-22.0 4.0 -4.0 -4.0 -4.0 4.0
-22.0 6.0 0.0 -6.0 -8.0 4.0
-28.0 6.0 4.0 -4.0 -8.0 4.0
-28.0 8.0 6.0 -6.0 -8.0 10.0
-38.0 10.0 6.0 -8.0 -8.0 10.0
-38.0 8.0 4.0 -8.0 -8.0 10.0
-30.0 6.0 0.0 -8.0 -6.0 4.0
-30.0 4.0 -4.0 -12.0 -6.0 2.0
-30.0 4.0 -4.0 -12.0 -6.0 2.0
-32.0 4.0 -2.0 -18.0 -6.0 -2.0
-30.0 6.0 0.0 -6.0 -6.0 2.0
-32.0 6.0 4.0 -4.0 -2.0 0.0
-32.0 2.0 8.0 -4.0 -2.0 0.0
-32.0 2.0 4.0 -8.0 -2.0 -2.0
-32.0 4.0 -2.0 -14.0 -2.0 -2.0
-32.0 4.0 -2.0 -14.0 -2.0 2.0
-26.0 6.0 0.0 -6.0 -2.0 2.0
-30.0 2.0 4.0 -6.0 0.0 4.0
-30.0 4.0 0.0 -8.0 -2.0 0.0
-30.0 4.0 0.0 -8.0 -2.0 0.0
-36.0 4.0 0.0 -10.0 -2.0 0.0
-36.0 4.0 -2.0 -8.0 -4.0 0.0
-36.0 8.0 2.0 -12.0 -4.0 0.0
-36.0 4.0 0.0 -12.0 -2.0 0.0
-36.0 4.0 2.0 -12.0 0.0 -14.0
-36.0 4.0 0.0 -12.0 0.0 -14.0
-32.0 4.0 -2.0 -12.0 0.0 -10.0
-32.0 6.0 -2.0 -10.0 -4.0 6.0
-32.0 4.0 -4.0 -14.0 -4.0 6.0
-32.0 2.0 4.0 -10.0 -4.0 4.0
-32.0 2.0 -2.0 -12.0 -2.0 0.0
-30.0 2.0 -2.0 -10.0 -4.0 0.0
-32.0 4.0 -2.0 -10.0 -2.0 0.0
-30.0 12.0 -2.0 -10.0 2.0 0.0
-40.0 12.0 8.0 -4.0 2.0 0.0
-34.0 12.0 4.0 -8.0 -4.0 0.0
-34.0 0.0 4.0 -8.0 -6.0 0.0
-34.0 0.0 -6.0 -18.0 -4.0 -4.0
-32.0 0.0 -6.0 -18.0 -4.0 4.0
-32.0 2.0 -4.0 -18.0 -4.0 2.0
-34.0 2.0 -4.0 -12.0 -4.0 2.0
-34.0 2.0 0.0 -12.0 -8.0 2.0
-34.0 2.0 0.0 -12.0 -4.0 -2.0
-38.0 0.0 0.0 -10.0 -6.0 -2.0
-40.0 2.0 2.0 -16.0 -2.0 -2.0
-40.0 -4.0 0.0 -14.0 -6.0 6.0
-40.0 -2.0 6.0 -16.0 -4.0 0.0
-30.0 -4.0 -2.0 -14.0 -6.0 6.0
-30.0 -2.0 4.0 -16.0 -4.0 0.0
-26.0 0.0 -2.0 -10.0 -4.0 2.0
-26.0 2.0 4.0 -12.0 -4.0 2.0
-26.0 4.0 -2.0 -12.0 -4.0 4.0
-28.0 2.0 0.0 -12.0 -4.0 4.0
-28.0 4.0 0.0 -12.0 -6.0 4.0
-30.0 4.0 2.0 -10.0 -6.0 4.0
-32.0 4.0 2.0 -10.0 0.0 4.0
-34.0 6.0 -2.0 -16.0 0.0 2.0
-40.0 8.0 -4.0 -18.0 -2.0 0.0
-34.0 8.0 -4.0 -18.0 -2.0 0.0
-36.0 -2.0 -2.0 -14.0 0.0 0.0
-32.0 -2.0 2.0 -12.0 0.0 4.0
-32.0 0.0 2.0 -12.0 0.0 4.0
-32.0 0.0 2.0 -12.0 -2.0 -2.0
-32.0 8.0 -4.0 -12.0 0.0 -4.0
-32.0 2.0 -2.0 -14.0 -4.0 -2.0
-32.0 6.0 -4.0 -20.0 -4.0 2.0
-32.0 6.0 -4.0 -20.0 -4.0 2.0
-38.0 12.0 -4.0 -10.0 0.0 2.0
-38.0 14.0 0.0 -10.0 4.0 4.0
-42.0 14.0 0.0 -8.0 4.0 -2.0
-36.0 10.0 0.0 -8.0 4.0 2.0
-36.0 8.0 0.0 -8.0 2.0 2.0
-32.0 8.0 0.0 -12.0 -2.0 2.0
-32.0 4.0 0.0 -12.0 -4.0 -4.0
-34.0 2.0 -2.0 -12.0 -2.0 -4.0
-38.0 2.0 -2.0 -12.0 -4.0 -6.0
-38.0 6.0 -2.0 -14.0 -4.0 -4.0
-38.0 6.0 -2.0 -12.0 -4.0 -4.0
-36.0 6.0 -2.0 -16.0 -6.0 -4.0
-36.0 2.0 0.0 -16.0 -6.0 -4.0
-36.0 -2.0 0.0 -16.0 -6.0 -4.0
-38.0 -2.0 0.0 -12.0 -6.0 0.0
-38.0 4.0 2.0 -8.0 -4.0 2.0
-40.0 4.0 0.0 -8.0 2.0 2.0
-38.0 4.0 2.0 -10.0 4.0 0.0
-40.0 2.0 -2.0 -10.0 2.0 0.0
-42.0 2.0 4.0 -10.0 0.0 0.0
-42.0 6.0 -4.0 -6.0 -2.0 -4.0
-38.0 8.0 -6.0 -12.0 -10.0 -4.0
-38.0 6.0 -6.0 -8.0 -10.0 -2.0
-36.0 8.0 4.0 -10.0 -2.0 6.0
-34.0 2.0 4.0 -10.0 -2.0 -2.0
-34.0 8.0 -4.0 -10.0 -2.0 2.0
-38.0 2.0 -4.0 -10.0 -4.0 0.0
-38.0 2.0 -2.0 -6.0 -2.0 0.0
-30.0 0.0 0.0 -6.0 -4.0 0.0
-30.0 2.0 0.0 -6.0 -2.0 6.0
-32.0 2.0 2.0 -12.0 0.0 8.0
-34.0 2.0 -2.0 -12.0 0.0 8.0
-32.0 2.0 2.0 -14.0 0.0 6.0
-32.0 2.0 -2.0 -12.0 -2.0 6.0
-32.0 0.0 -2.0 -10.0 -2.0 6.0
-32.0 0.0 -2.0 -8.0 -2.0 0.0
-34.0 2.0 -2.0 -10.0 -2.0 0.0
-34.0 2.0 0.0 -14.0 -4.0 0.0
