# Target: open_hand
# Dominant_Vision: Open Hand
2.0 -2.0 2.0 -2.0 -6.0 -4.0
2.0 -2.0 0.0 -2.0 -4.0 -8.0
8.0 -6.0 0.0 -2.0 -6.0 -8.0
8.0 -6.0 0.0 -6.0 -4.0 -8.0
-2.0 -2.0 0.0 -8.0 -6.0 -8.0
-6.0 -2.0 6.0 -6.0 -6.0 -12.0
-2.0 -8.0 2.0 -4.0 -8.0 -16.0
-2.0 -8.0 2.0 -4.0 -8.0 -12.0
0.0 -8.0 2.0 -8.0 -8.0 -16.0
4.0 -2.0 0.0 -8.0 -8.0 -10.0
4.0 -8.0 0.0 -10.0 -8.0 -14.0
2.0 2.0 0.0 -8.0 -6.0 -10.0
2.0 -4.0 -2.0 -4.0 -6.0 -14.0
2.0 -2.0 0.0 -4.0 -6.0 -8.0
4.0 -2.0 0.0 -8.0 -10.0 -14.0
2.0 -2.0 2.0 -12.0 -6.0 -14.0
-2.0 -6.0 2.0 -12.0 -6.0 -16.0
-2.0 -6.0 0.0 -12.0 -4.0 -16.0
-2.0 0.0 0.0 -4.0 -6.0 -14.0
4.0 0.0 2.0 -4.0 -2.0 -12.0
6.0 -6.0 4.0 -4.0 -2.0 -10.0
6.0 -6.0 4.0 -4.0 -2.0 -12.0
4.0 -4.0 10.0 -2.0 -4.0 -8.0
4.0 0.0 10.0 -2.0 -6.0 -12.0
4.0 0.0 10.0 -4.0 -12.0 -12.0
8.0 0.0 4.0 -4.0 -6.0 -12.0
10.0 -10.0 0.0 -8.0 0.0 -12.0
10.0 -12.0 -2.0 -8.0 0.0 -12.0
4.0 -12.0 -2.0 -8.0 -4.0 -14.0
4.0 -10.0 -2.0 -4.0 -4.0 -18.0
4.0 -10.0 -2.0 -4.0 -4.0 -14.0
4.0 -6.0 -2.0 0.0 -8.0 -18.0
4.0 -6.0 4.0 -8.0 -8.0 -12.0
8.0 -4.0 4.0 0.0 -8.0 -18.0
12.0 -2.0 0.0 24.0 -4.0 -14.0
12.0 -2.0 0.0 30.0 -8.0 -14.0
12.0 6.0 2.0 36.0 -6.0 -10.0
14.0 6.0 2.0 46.0 -6.0 -8.0
22.0 6.0 2.0 52.0 4.0 -4.0
30.0 6.0 6.0 86.0 12.0 -4.0
54.0 6.0 12.0 96.0 12.0 -4.0
76.0 6.0 16.0 100.0 14.0 -6.0
92.0 6.0 16.0 100.0 14.0 -12.0
100.0 8.0 20.0 100.0 28.0 -12.0
100.0 8.0 18.0 100.0 34.0 -10.0
100.0 10.0 20.0 100.0 36.0 -10.0
100.0 16.0 20.0 100.0 36.0 -6.0
100.0 10.0 28.0 100.0 40.0 -4.0
100.0 12.0 30.0 100.0 44.0 -4.0
100.0 12.0 34.0 100.0 48.0 2.0
100.0 12.0 34.0 100.0 62.0 -4.0
100.0 16.0 32.0 100.0 64.0 -6.0
100.0 14.0 32.0 100.0 94.0 -6.0
100.0 16.0 36.0 100.0 100.0 2.0
100.0 18.0 40.0 100.0 100.0 6.0
100.0 18.0 40.0 100.0 100.0 2.0
100.0 22.0 40.0 100.0 100.0 -4.0
100.0 20.0 44.0 100.0 100.0 -4.0
100.0 20.0 46.0 100.0 100.0 0.0
100.0 20.0 52.0 100.0 100.0 2.0
100.0 12.0 50.0 100.0 100.0 2.0
100.0 24.0 52.0 100.0 100.0 2.0
100.0 20.0 54.0 100.0 100.0 -6.0
100.0 20.0 54.0 100.0 100.0 -6.0
100.0 20.0 54.0 100.0 100.0 0.0
100.0 18.0 52.0 100.0 100.0 0.0
100.0 14.0 56.0 100.0 100.0 0.0
100.0 14.0 56.0 100.0 100.0 -8.0
100.0 14.0 56.0 100.0 100.0 -6.0
100.0 20.0 56.0 100.0 100.0 -6.0
100.0 20.0 48.0 100.0 98.0 -6.0
100.0 20.0 36.0 100.0 80.0 -6.0
100.0 20.0 40.0 100.0 74.0 -6.0
100.0 16.0 30.0 100.0 68.0 -6.0
100.0 16.0 26.0 100.0 42.0 -4.0
100.0 14.0 26.0 100.0 32.0 -2.0
100.0 14.0 26.0 100.0 16.0 -4.0
100.0 14.0 12.0 100.0 14.0 -6.0
100.0 14.0 6.0 100.0 14.0 -8.0
100.0 14.0 6.0 100.0 10.0 -10.0
100.0 14.0 6.0 100.0 -2.0 -8.0
100.0 14.0 4.0 100.0 -2.0 -12.0
100.0 14.0 4.0 100.0 -2.0 -8.0
98.0 8.0 4.0 96.0 4.0 -8.0
100.0 8.0 12.0 96.0 4.0 -6.0
96.0 6.0 12.0 96.0 4.0 -8.0
56.0 4.0 10.0 94.0 4.0 -6.0
52.0 4.0 10.0 94.0 4.0 -6.0
52.0 2.0 10.0 82.0 2.0 -6.0
54.0 2.0 10.0 78.0 6.0 -8.0
54.0 0.0 8.0 78.0 2.0 -12.0
54.0 0.0 8.0 56.0 0.0 -16.0
54.0 0.0 8.0 52.0 -2.0 -12.0
32.0 6.0 10.0 54.0 0.0 -12.0
26.0 6.0 4.0 52.0 -2.0 -12.0
22.0 -2.0 8.0 40.0 2.0 -12.0
26.0 -2.0 4.0 38.0 -2.0 -12.0
18.0 2.0 8.0 38.0 0.0 -12.0
18.0 2.0 8.0 46.0 0.0 -12.0
18.0 2.0 12.0 50.0 0.0 -12.0
18.0 -4.0 8.0 46.0 0.0 -6.0
18.0 -4.0 4.0 46.0 -2.0 -6.0
18.0 -6.0 2.0 44.0 0.0 -18.0
14.0 -6.0 -2.0 44.0 -2.0 -18.0
10.0 -6.0 -2.0 44.0 -4.0 -18.0
14.0 -2.0 2.0 40.0 -4.0 -12.0
14.0 0.0 2.0 36.0 -6.0 -10.0
14.0 4.0 2.0 34.0 -10.0 -10.0
10.0 4.0 2.0 34.0 -14.0 -10.0
10.0 0.0 -4.0 34.0 -12.0 -14.0
2.0 -2.0 -4.0 34.0 -12.0 -14.0
2.0 -2.0 4.0 24.0 -10.0 -14.0
2.0 -4.0 6.0 34.0 -6.0 -16.0
2.0 -4.0 8.0 30.0 -6.0 -14.0
6.0 0.0 8.0 30.0 -6.0 -14.0
6.0 0.0 6.0 26.0 -4.0 -12.0
6.0 2.0 6.0 26.0 -2.0 -12.0
6.0 8.0 8.0 18.0 -2.0 -12.0
6.0 6.0 8.0 22.0 -2.0 -10.0
6.0 6.0 4.0 22.0 -6.0 -10.0
6.0 4.0 4.0 24.0 -6.0 -8.0
4.0 -4.0 2.0 24.0 -6.0 -12.0
2.0 -4.0 2.0 26.0 0.0 -12.0
2.0 -4.0 2.0 26.0 -6.0 -16.0
4.0 -4.0 2.0 26.0 -2.0 -16.0
8.0 0.0 4.0 24.0 -2.0 -16.0
8.0 -2.0 2.0 24.0 -2.0 -8.0
4.0 -2.0 4.0 24.0 -2.0 -14.0
4.0 -2.0 2.0 24.0 -8.0 -14.0
8.0 -2.0 -6.0 22.0 -4.0 -14.0
8.0 -2.0 -6.0 26.0 -8.0 -14.0
8.0 -4.0 2.0 26.0 -10.0 -12.0
0.0 -4.0 2.0 26.0 -10.0 -12.0
-2.0 4.0 2.0 24.0 -8.0 -12.0
-2.0 4.0 0.0 24.0 -8.0 -12.0
2.0 2.0 0.0 24.0 -8.0 -10.0
10.0 2.0 0.0 24.0 -6.0 -10.0
10.0 2.0 4.0 24.0 -4.0 -10.0
10.0 4.0 6.0 24.0 -4.0 -10.0
10.0 0.0 4.0 16.0 -4.0 -8.0
6.0 4.0 2.0 16.0 -6.0 -8.0
4.0 4.0 2.0 22.0 -6.0 -10.0
4.0 4.0 2.0 22.0 -4.0 -10.0
4.0 2.0 4.0 22.0 -4.0 -10.0
2.0 2.0 2.0 22.0 -4.0 -8.0
2.0 0.0 0.0 22.0 -4.0 -10.0
2.0 2.0 0.0 20.0 -4.0 -10.0
4.0 -6.0 0.0 24.0 -4.0 -10.0
6.0 2.0 6.0 24.0 -4.0 -12.0
6.0 -2.0 2.0 26.0 -4.0 -12.0
6.0 0.0 2.0 26.0 -4.0 -16.0
6.0 -2.0 2.0 22.0 -8.0 -12.0
2.0 -2.0 2.0 22.0 -8.0 -16.0
2.0 -2.0 8.0 22.0 -8.0 -18.0
2.0 -2.0 8.0 22.0 -6.0 -18.0
6.0 -2.0 8.0 22.0 -6.0 -16.0
4.0 -4.0 0.0 20.0 -6.0 -16.0
6.0 -2.0 0.0 26.0 -2.0 -8.0
4.0 -6.0 0.0 24.0 -2.0 -8.0
4.0 -6.0 2.0 24.0 -6.0 -8.0
4.0 -6.0 4.0 24.0 -10.0 -12.0
6.0 -6.0 4.0 20.0 -10.0 -16.0
6.0 -2.0 0.0 24.0 -8.0 -16.0
8.0 4.0 0.0 24.0 -8.0 -6.0
0.0 4.0 2.0 24.0 -6.0 0.0
10.0 4.0 4.0 18.0 -8.0 -6.0
2.0 4.0 4.0 16.0 -6.0 -8.0
12.0 4.0 4.0 14.0 -6.0 -8.0
2.0 4.0 4.0 14.0 -6.0 -12.0
0.0 -2.0 0.0 10.0 -6.0 -4.0
0.0 -2.0 4.0 20.0 -6.0 -4.0
2.0 6.0 4.0 20.0 -6.0 -4.0
2.0 6.0 4.0 20.0 -8.0 -22.0
-2.0 6.0 -4.0 18.0 -8.0 -22.0
-2.0 4.0 -4.0 16.0 -10.0 -14.0
-2.0 -4.0 -2.0 4.0 -6.0 -6.0
2.0 -4.0 2.0 2.0 -6.0 -6.0
2.0 0.0 0.0 2.0 -6.0 -6.0
4.0 0.0 2.0 -6.0 -8.0 -10.0
4.0 2.0 0.0 -6.0 -8.0 -12.0
-2.0 -2.0 2.0 -6.0 -12.0 -12.0
-2.0 -2.0 -2.0 -2.0 -16.0 -20.0
-2.0 -2.0 4.0 -4.0 -16.0 -10.0
0.0 6.0 0.0 -4.0 -6.0 -8.0
0.0 6.0 0.0 -4.0 -4.0 -8.0
2.0 6.0 0.0 0.0 -4.0 -14.0
6.0 6.0 4.0 0.0 -8.0 -14.0
6.0 -2.0 4.0 -6.0 -10.0 -10.0
4.0 -2.0 4.0 -6.0 -10.0 -8.0
4.0 2.0 2.0 -4.0 -10.0 -8.0
0.0 2.0 2.0 -4.0 -2.0 -8.0
-6.0 0.0 0.0 -4.0 -8.0 -16.0
-6.0 0.0 0.0 -4.0 -6.0 -16.0
-4.0 0.0 0.0 -4.0 -8.0 -16.0
-4.0 0.0 2.0 -8.0 -12.0 -8.0
-2.0 0.0 2.0 -8.0 -12.0 -16.0
-4.0 0.0 0.0 -8.0 -8.0 -14.0
-6.0 -8.0 -2.0 -8.0 -8.0 -14.0
-8.0 -8.0 0.0 -6.0 -10.0 -10.0
-12.0 -6.0 -2.0 -12.0 -10.0 -10.0
-12.0 -2.0 0.0 -6.0 -10.0 -10.0
-12.0 -2.0 -6.0 -12.0 -10.0 -12.0
-10.0 0.0 0.0 -12.0 -12.0 -16.0
-4.0 0.0 -6.0 -12.0 -12.0 -16.0
-10.0 -2.0 2.0 -14.0 -8.0 -12.0
-8.0 -2.0 2.0 -8.0 -8.0 -12.0
-8.0 -2.0 2.0 -8.0 -10.0 -18.0
-8.0 -2.0 6.0 -4.0 -10.0 -18.0
-8.0 4.0 6.0 -4.0 -10.0 -18.0
-10.0 4.0 6.0 -6.0 -8.0 -16.0
-10.0 2.0 0.0 -6.0 -8.0 -14.0
-8.0 2.0 8.0 -4.0 -8.0 -14.0
-8.0 2.0 8.0 -4.0 -4.0 -16.0
-8.0 2.0 8.0 -6.0 -6.0 -16.0
-6.0 -2.0 4.0 -12.0 -6.0 -8.0
-6.0 -2.0 2.0 -12.0 -6.0 -8.0
-4.0 -8.0 2.0 -12.0 -10.0 -8.0
2.0 -10.0 4.0 -10.0 -12.0 -16.0
2.0 -10.0 4.0 -12.0 -12.0 -14.0
0.0 -2.0 2.0 -8.0 -12.0 -14.0
0.0 -2.0 2.0 -8.0 -10.0 -12.0
-6.0 -2.0 2.0 -8.0 -8.0 -12.0
-6.0 0.0 2.0 -6.0 -8.0 -12.0
-6.0 6.0 0.0 -10.0 -12.0 -16.0
-6.0 0.0 0.0 -10.0 -12.0 -12.0
0.0 0.0 0.0 -12.0 -10.0 -16.0
0.0 0.0 0.0 -14.0 -10.0 -12.0
2.0 -4.0 4.0 -14.0 -8.0 -8.0
-4.0 -4.0 4.0 -12.0 -10.0 -8.0
-4.0 -6.0 -2.0 -12.0 -8.0 -16.0
-6.0 -6.0 -2.0 -14.0 -6.0 -16.0
-6.0 -4.0 -2.0 -14.0 -6.0 -16.0
