# Target: wrist_up
# Dominant_Vision: Open Hand
0.0 0.0 2.0 0.0 0.0 12.0
0.0 -4.0 0.0 -4.0 -10.0 6.0
10.0 -4.0 4.0 -4.0 -14.0 10.0
10.0 4.0 -4.0 2.0 -10.0 10.0
10.0 4.0 4.0 2.0 -6.0 10.0
8.0 -6.0 4.0 2.0 -6.0 10.0
8.0 -6.0 4.0 0.0 -10.0 10.0
6.0 -2.0 4.0 -2.0 -10.0 10.0
8.0 -2.0 2.0 -2.0 -10.0 12.0
8.0 -2.0 -2.0 -2.0 -10.0 12.0
8.0 -8.0 -2.0 4.0 -16.0 0.0
8.0 -2.0 -2.0 4.0 -16.0 0.0
6.0 -4.0 -2.0 4.0 -8.0 14.0
8.0 0.0 0.0 0.0 -8.0 14.0
6.0 4.0 4.0 2.0 -8.0 14.0
8.0 4.0 4.0 0.0 -10.0 14.0
8.0 2.0 0.0 0.0 -6.0 8.0
8.0 -2.0 -2.0 -4.0 -6.0 8.0
10.0 -4.0 0.0 -6.0 -6.0 14.0
10.0 -6.0 2.0 -6.0 -6.0 14.0
10.0 -8.0 4.0 -8.0 -10.0 8.0
10.0 -8.0 4.0 2.0 -10.0 8.0
10.0 -8.0 6.0 12.0 -10.0 8.0
24.0 -8.0 10.0 12.0 -4.0 8.0
24.0 2.0 8.0 14.0 -4.0 12.0
22.0 4.0 10.0 10.0 -4.0 10.0
-10.0 4.0 8.0 6.0 -10.0 10.0
-48.0 4.0 2.0 6.0 -10.0 8.0
-86.0 -4.0 -4.0 2.0 -10.0 6.0
-100.0 -6.0 -8.0 -18.0 -10.0 -2.0
-100.0 -10.0 -8.0 -40.0 -20.0 -4.0
-100.0 -12.0 -20.0 -60.0 -24.0 -4.0
-88.0 -18.0 -22.0 -80.0 -26.0 -4.0
-56.0 -18.0 -22.0 -84.0 -26.0 -4.0
-24.0 -16.0 -16.0 -94.0 -30.0 -6.0
-4.0 -16.0 -12.0 -96.0 -30.0 -6.0
10.0 -20.0 -8.0 -94.0 -30.0 -6.0
20.0 -20.0 -6.0 -92.0 -24.0 -14.0
36.0 -20.0 2.0 -84.0 -20.0 -6.0
56.0 -18.0 -4.0 -78.0 -16.0 -14.0
68.0 -26.0 -4.0 -76.0 -16.0 -8.0
82.0 -26.0 -4.0 -58.0 -16.0 -12.0
82.0 -26.0 -6.0 -58.0 -14.0 -12.0
88.0 -28.0 -8.0 -58.0 -16.0 -12.0
88.0 -32.0 -8.0 -62.0 -18.0 -4.0
78.0 -32.0 -8.0 -68.0 -18.0 -4.0
76.0 -32.0 -10.0 -74.0 -18.0 -10.0
12.0 -26.0 -14.0 -84.0 -22.0 -14.0
-20.0 -26.0 -12.0 -84.0 -22.0 -14.0
-70.0 -34.0 -16.0 -84.0 -22.0 -14.0
-100.0 -34.0 -28.0 -86.0 -22.0 -12.0
-100.0 -24.0 -28.0 -90.0 -28.0 -14.0
-100.0 -24.0 -30.0 -90.0 -28.0 -8.0
-100.0 -22.0 -30.0 -90.0 -26.0 -8.0
-100.0 -26.0 -30.0 -84.0 -26.0 -6.0
-100.0 -22.0 -32.0 -86.0 -26.0 -8.0
-100.0 -26.0 -34.0 -84.0 -22.0 -8.0
-100.0 -28.0 -34.0 -80.0 -22.0 -8.0
-100.0 -28.0 -34.0 -72.0 -24.0 -8.0
-100.0 -16.0 -32.0 -68.0 -24.0 -6.0
-100.0 -14.0 -32.0 -66.0 -20.0 12.0
-100.0 -14.0 -20.0 -58.0 -18.0 12.0
-100.0 -16.0 -16.0 -56.0 -12.0 12.0
-100.0 -16.0 -16.0 -46.0 -16.0 10.0
-100.0 -14.0 -14.0 -40.0 -14.0 10.0
-100.0 -8.0 -10.0 -34.0 -14.0 4.0
-100.0 -8.0 -10.0 -28.0 -12.0 0.0
-100.0 -10.0 -12.0 -26.0 -12.0 0.0
-88.0 -14.0 -12.0 -28.0 -12.0 8.0
-70.0 -14.0 -12.0 -26.0 -12.0 8.0
-68.0 -8.0 -12.0 -26.0 -10.0 8.0
-68.0 -8.0 0.0 -18.0 -10.0 12.0
-66.0 -8.0 0.0 -14.0 -12.0 12.0
-66.0 -8.0 -8.0 -14.0 -12.0 12.0
-66.0 -6.0 -8.0 -14.0 -8.0 12.0
-56.0 -4.0 -8.0 -12.0 -8.0 12.0
-56.0 -4.0 -4.0 -8.0 -8.0 14.0
-56.0 -4.0 -10.0 -6.0 -10.0 18.0
-44.0 -2.0 -8.0 -6.0 -16.0 18.0
-44.0 -2.0 -8.0 -6.0 -18.0 12.0
-48.0 -4.0 -8.0 -2.0 -16.0 10.0
-48.0 -4.0 -14.0 -6.0 -16.0 8.0
-48.0 0.0 -14.0 -6.0 -2.0 8.0
-44.0 2.0 -12.0 -6.0 -2.0 10.0
-40.0 0.0 -4.0 8.0 -6.0 16.0
-40.0 -8.0 -4.0 8.0 -6.0 10.0
-40.0 -8.0 -8.0 8.0 -6.0 12.0
-46.0 -2.0 -8.0 12.0 -8.0 10.0
-30.0 2.0 -8.0 12.0 -8.0 6.0
-40.0 4.0 0.0 10.0 -8.0 6.0
-32.0 2.0 0.0 8.0 -8.0 14.0
-32.0 -2.0 0.0 8.0 -4.0 14.0
-30.0 -2.0 -4.0 6.0 -4.0 12.0
-28.0 0.0 -4.0 6.0 -10.0 6.0
-28.0 4.0 -2.0 10.0 -10.0 6.0
-28.0 4.0 -2.0 10.0 -8.0 6.0
-28.0 2.0 -2.0 4.0 -4.0 16.0
-24.0 0.0 -6.0 2.0 -4.0 16.0
-20.0 0.0 -8.0 2.0 -4.0 16.0
-20.0 0.0 -8.0 0.0 -6.0 14.0
-22.0 2.0 -2.0 2.0 -8.0 8.0
-24.0 0.0 -2.0 2.0 -14.0 6.0
-24.0 -4.0 0.0 2.0 -14.0 4.0
-24.0 -4.0 -4.0 8.0 -8.0 4.0
-26.0 -4.0 -4.0 10.0 -8.0 4.0
-24.0 -4.0 -4.0 10.0 -8.0 6.0
-26.0 2.0 -8.0 10.0 -8.0 6.0
-26.0 -8.0 0.0 6.0 -8.0 12.0
-28.0 -4.0 0.0 0.0 -12.0 6.0
-30.0 -8.0 0.0 0.0 -6.0 12.0
-30.0 -6.0 -2.0 2.0 -12.0 6.0
-30.0 -6.0 -10.0 2.0 -6.0 12.0
-32.0 -6.0 -10.0 2.0 -8.0 12.0
-32.0 -6.0 4.0 0.0 -6.0 12.0
-32.0 -10.0 4.0 6.0 -2.0 10.0
-32.0 -10.0 4.0 4.0 -2.0 10.0
-32.0 -8.0 -2.0 6.0 -8.0 18.0
-34.0 -6.0 -2.0 4.0 -8.0 18.0
-32.0 -2.0 -2.0 2.0 -6.0 14.0
-30.0 0.0 -2.0 2.0 -6.0 10.0
-30.0 2.0 -2.0 2.0 -6.0 10.0
-26.0 0.0 -6.0 4.0 -10.0 10.0
-28.0 0.0 -6.0 6.0 -10.0 18.0
-28.0 -6.0 2.0 8.0 -10.0 10.0
-34.0 -6.0 2.0 6.0 -10.0 6.0
-34.0 -6.0 2.0 6.0 -10.0 4.0
-34.0 -8.0 0.0 0.0 -10.0 6.0
-32.0 -2.0 0.0 -2.0 -10.0 6.0
-32.0 -8.0 -2.0 -2.0 -10.0 8.0
-32.0 -2.0 -2.0 2.0 -8.0 8.0
-32.0 -2.0 -2.0 2.0 -8.0 8.0
-32.0 -2.0 -4.0 2.0 -14.0 12.0
-34.0 -8.0 -4.0 -4.0 -14.0 12.0
-34.0 -8.0 0.0 2.0 -12.0 10.0
-34.0 -8.0 0.0 2.0 -12.0 10.0
-34.0 -8.0 0.0 2.0 -10.0 10.0
-34.0 -8.0 0.0 2.0 -10.0 10.0
-34.0 -8.0 0.0 2.0 -10.0 6.0
-24.0 -10.0 -6.0 2.0 -8.0 6.0
-40.0 -8.0 -6.0 4.0 -8.0 12.0
-32.0 -10.0 -10.0 4.0 -8.0 12.0
-32.0 -8.0 -10.0 -4.0 -12.0 6.0
-26.0 -8.0 -12.0 -4.0 -12.0 4.0
-26.0 -6.0 -12.0 -4.0 -12.0 6.0
-28.0 -2.0 4.0 -6.0 -10.0 6.0
-28.0 2.0 4.0 0.0 -4.0 12.0
-32.0 -2.0 2.0 8.0 -4.0 14.0
-28.0 -4.0 2.0 8.0 -4.0 14.0
-28.0 -6.0 2.0 0.0 -8.0 16.0
-28.0 -8.0 -4.0 0.0 -8.0 16.0
-30.0 -6.0 -4.0 -4.0 -8.0 14.0
-32.0 -6.0 -2.0 2.0 -10.0 14.0
-32.0 -4.0 -2.0 2.0 -10.0 14.0
-32.0 -6.0 -2.0 8.0 -10.0 14.0
-26.0 -4.0 -4.0 10.0 -4.0 8.0
-22.0 -6.0 -6.0 8.0 -10.0 8.0
-22.0 -8.0 -6.0 8.0 -10.0 12.0
-34.0 -10.0 -6.0 6.0 -12.0 12.0
-34.0 -12.0 -6.0 4.0 -12.0 8.0
-32.0 -10.0 -6.0 6.0 -8.0 6.0
-32.0 -10.0 -10.0 8.0 -8.0 6.0
-32.0 -4.0 -10.0 8.0 -8.0 6.0
-32.0 -4.0 0.0 8.0 -16.0 6.0
-30.0 -4.0 0.0 2.0 -8.0 4.0
-28.0 -4.0 -2.0 2.0 -16.0 4.0
-28.0 -4.0 -2.0 0.0 -10.0 4.0
-38.0 -4.0 0.0 0.0 -10.0 14.0
-38.0 -10.0 4.0 0.0 -10.0 4.0
-36.0 -6.0 4.0 2.0 -10.0 2.0
-36.0 -6.0 -10.0 0.0 -10.0 2.0
-40.0 -6.0 -10.0 2.0 -10.0 2.0
-40.0 -8.0 -6.0 6.0 -2.0 12.0
-34.0 -8.0 -4.0 6.0 -2.0 12.0
-34.0 -2.0 -4.0 -2.0 -2.0 10.0
-34.0 -2.0 -2.0 -2.0 -8.0 8.0
-34.0 -6.0 0.0 -2.0 -8.0 8.0
-36.0 -6.0 0.0 0.0 -10.0 12.0
-32.0 -12.0 0.0 0.0 -6.0 12.0
-32.0 -12.0 2.0 -4.0 -6.0 16.0
-28.0 -12.0 0.0 -4.0 -6.0 10.0
-28.0 -12.0 -2.0 6.0 -6.0 14.0
-26.0 -12.0 -8.0 6.0 -8.0 10.0
-28.0 -12.0 -8.0 6.0 -8.0 6.0
-28.0 -8.0 -8.0 0.0 -4.0 6.0
-38.0 -4.0 -6.0 -2.0 -4.0 6.0
-38.0 -4.0 -2.0 -2.0 -8.0 10.0
-36.0 -4.0 0.0 -4.0 -8.0 10.0
-36.0 0.0 -2.0 -2.0 -8.0 10.0
-36.0 -10.0 0.0 0.0 -8.0 6.0
-34.0 -10.0 -4.0 2.0 -6.0 6.0
-36.0 -10.0 0.0 0.0 -8.0 6.0
-34.0 -14.0 0.0 0.0 -8.0 0.0
-36.0 -18.0 0.0 -4.0 -8.0 0.0
-30.0 -18.0 0.0 -4.0 -8.0 6.0
-32.0 -16.0 0.0 -4.0 -14.0 10.0
-32.0 -16.0 -4.0 -4.0 -10.0 10.0
-36.0 -10.0 -4.0 0.0 -14.0 2.0
-38.0 -2.0 -4.0 4.0 -10.0 2.0
-40.0 -2.0 -4.0 4.0 -10.0 2.0
-40.0 -2.0 -4.0 -4.0 -6.0 8.0
-34.0 -8.0 -4.0 -4.0 -6.0 2.0
-32.0 -10.0 -4.0 4.0 -8.0 6.0
-32.0 -10.0 -4.0 4.0 -8.0 6.0
-32.0 -10.0 0.0 0.0 -2.0 8.0
-30.0 -6.0 0.0 -6.0 -2.0 16.0
-28.0 -6.0 -8.0 -6.0 -6.0 16.0
-28.0 -4.0 -8.0 2.0 -6.0 10.0
-28.0 0.0 0.0 2.0 -4.0 10.0
-34.0 -4.0 0.0 2.0 -4.0 10.0
-30.0 -8.0 -2.0 2.0 -6.0 8.0
-34.0 -8.0 -2.0 2.0 -6.0 12.0
-42.0 -8.0 0.0 8.0 -8.0 8.0
-42.0 -8.0 8.0 4.0 -8.0 8.0
-42.0 -10.0 0.0 6.0 -8.0 8.0
-42.0 -10.0 -4.0 4.0 -6.0 12.0
-34.0 -12.0 -4.0 4.0 -6.0 12.0
-34.0 -12.0 8.0 0.0 -10.0 10.0
-32.0 -8.0 8.0 0.0 -10.0 6.0
-32.0 -8.0 0.0 2.0 -10.0 6.0
-32.0 -10.0 0.0 2.0 -10.0 4.0
-36.0 -10.0 4.0 8.0 -8.0 6.0
-32.0 -8.0 4.0 8.0 -8.0 6.0
-34.0 -8.0 2.0 -4.0 -6.0 8.0
-32.0 -4.0 2.0 -4.0 -12.0 12.0
-34.0 0.0 2.0 -4.0 -12.0 12.0
-32.0 0.0 -2.0 -4.0 -12.0 12.0
