# Target: wrist_up
# Dominant_Vision: Open Hand
-4.0 4.0 0.0 0.0 0.0 0.0
-2.0 0.0 2.0 0.0 0.0 0.0
-2.0 2.0 2.0 -2.0 0.0 0.0
-2.0 0.0 0.0 -2.0 4.0 0.0
-2.0 2.0 -4.0 -2.0 4.0 0.0
-2.0 0.0 -4.0 0.0 2.0 0.0
-2.0 0.0 -4.0 -6.0 -2.0 2.0
0.0 0.0 0.0 0.0 2.0 2.0
-2.0 0.0 0.0 4.0 -2.0 -2.0
-2.0 2.0 0.0 4.0 4.0 -4.0
-6.0 2.0 4.0 8.0 -2.0 -2.0
-16.0 2.0 4.0 8.0 -2.0 -6.0
-26.0 2.0 2.0 -8.0 -2.0 2.0
-40.0 8.0 2.0 -10.0 -2.0 -8.0
-58.0 8.0 2.0 -14.0 0.0 2.0
-62.0 6.0 0.0 -14.0 0.0 -8.0
-70.0 0.0 -4.0 -14.0 -4.0 -6.0
-76.0 0.0 -8.0 -14.0 -6.0 -14.0
-76.0 0.0 -18.0 -30.0 -16.0 -6.0
-80.0 0.0 -18.0 -30.0 -16.0 -10.0
-80.0 0.0 -14.0 -30.0 -16.0 -10.0
-66.0 -8.0 -14.0 -44.0 -18.0 -10.0
14.0 -14.0 -12.0 -48.0 -18.0 -16.0
20.0 -22.0 0.0 -54.0 -8.0 -18.0
44.0 -24.0 4.0 -54.0 -6.0 -16.0
62.0 -22.0 4.0 -48.0 -6.0 -18.0
62.0 -24.0 2.0 -48.0 -4.0 -18.0
72.0 -34.0 0.0 -42.0 0.0 -22.0
82.0 -34.0 -2.0 -42.0 0.0 -22.0
94.0 -26.0 -12.0 -40.0 4.0 -20.0
94.0 -26.0 -12.0 -34.0 4.0 -20.0
74.0 -30.0 2.0 -34.0 4.0 -22.0
66.0 -30.0 4.0 -38.0 0.0 -24.0
46.0 -30.0 4.0 -44.0 0.0 -24.0
42.0 -34.0 4.0 -44.0 0.0 -20.0
42.0 -40.0 4.0 -46.0 2.0 -20.0
32.0 -40.0 6.0 -48.0 2.0 -20.0
30.0 -40.0 6.0 -48.0 2.0 -24.0
28.0 -26.0 10.0 -48.0 2.0 -22.0
28.0 -26.0 10.0 -44.0 0.0 -22.0
28.0 -26.0 10.0 -44.0 0.0 -22.0
20.0 -24.0 2.0 -42.0 -2.0 -22.0
28.0 -24.0 10.0 -36.0 -2.0 -18.0
30.0 -30.0 6.0 -42.0 4.0 -16.0
30.0 -32.0 10.0 -42.0 4.0 -18.0
26.0 -34.0 6.0 -42.0 4.0 -24.0
20.0 -32.0 2.0 -34.0 8.0 -24.0
20.0 -32.0 2.0 -32.0 8.0 -20.0
20.0 -32.0 2.0 -32.0 10.0 -20.0
18.0 -32.0 -2.0 -32.0 10.0 -22.0
18.0 -30.0 -2.0 -36.0 0.0 -24.0
20.0 -30.0 4.0 -36.0 -2.0 -24.0
22.0 -36.0 6.0 -36.0 0.0 -24.0
22.0 -38.0 6.0 -32.0 0.0 -24.0
22.0 -36.0 8.0 -36.0 0.0 -22.0
22.0 -32.0 4.0 -32.0 4.0 -22.0
24.0 -32.0 4.0 -36.0 4.0 -24.0
28.0 -30.0 4.0 -34.0 -2.0 -24.0
28.0 -32.0 2.0 -34.0 -2.0 -24.0
26.0 -30.0 4.0 -34.0 2.0 -28.0
24.0 -32.0 4.0 -34.0 6.0 -28.0
24.0 -34.0 8.0 -34.0 6.0 -28.0
36.0 -34.0 12.0 -42.0 4.0 -18.0
38.0 -34.0 12.0 -42.0 4.0 -28.0
38.0 -28.0 8.0 -32.0 2.0 -30.0
38.0 -32.0 2.0 -32.0 2.0 -30.0
60.0 -32.0 2.0 -44.0 2.0 -24.0
60.0 -34.0 2.0 -44.0 -4.0 -24.0
54.0 -36.0 -8.0 -46.0 -2.0 -24.0
42.0 -36.0 -10.0 -38.0 -2.0 -24.0
-2.0 -26.0 -10.0 -40.0 -2.0 -22.0
-18.0 -26.0 -12.0 -40.0 -12.0 -24.0
-72.0 -26.0 -16.0 -48.0 -12.0 -24.0
-100.0 -26.0 -24.0 -62.0 -12.0 -24.0
-100.0 -30.0 -20.0 -64.0 -12.0 -24.0
-100.0 -30.0 -24.0 -64.0 -8.0 -18.0
-100.0 -30.0 -24.0 -64.0 -8.0 -18.0
-100.0 -24.0 -24.0 -62.0 -8.0 -12.0
-100.0 -24.0 -26.0 -54.0 -8.0 -12.0
-100.0 -20.0 -24.0 -52.0 -2.0 -10.0
-100.0 -24.0 -24.0 -52.0 -2.0 -12.0
-100.0 -18.0 -24.0 -50.0 -2.0 -10.0
-100.0 -18.0 -22.0 -48.0 -4.0 -10.0
-100.0 -16.0 -22.0 -44.0 -2.0 -4.0
-100.0 -12.0 -22.0 -40.0 -4.0 -4.0
-100.0 -8.0 -20.0 -40.0 -2.0 -4.0
-98.0 -8.0 -12.0 -24.0 -4.0 -4.0
-88.0 -2.0 -10.0 -20.0 -2.0 -4.0
-82.0 -2.0 -8.0 -20.0 -2.0 -4.0
-70.0 -2.0 -2.0 4.0 -2.0 -4.0
-38.0 -2.0 -2.0 8.0 -2.0 -6.0
-24.0 0.0 0.0 18.0 -2.0 -6.0
-22.0 2.0 0.0 20.0 0.0 -2.0
-14.0 2.0 0.0 28.0 0.0 4.0
-12.0 0.0 0.0 34.0 2.0 4.0
-4.0 -2.0 -12.0 34.0 0.0 6.0
-2.0 -2.0 -8.0 26.0 6.0 6.0
4.0 -2.0 -8.0 22.0 12.0 6.0
8.0 0.0 -2.0 20.0 12.0 2.0
8.0 0.0 -2.0 20.0 4.0 2.0
6.0 -4.0 -2.0 20.0 2.0 2.0
6.0 -4.0 -2.0 18.0 2.0 0.0
6.0 -4.0 -2.0 18.0 0.0 -2.0
10.0 0.0 -2.0 18.0 2.0 -2.0
6.0 -4.0 -10.0 10.0 4.0 -2.0
0.0 4.0 -10.0 16.0 4.0 4.0
0.0 0.0 -8.0 14.0 4.0 4.0
4.0 0.0 -4.0 16.0 4.0 2.0
6.0 0.0 -2.0 18.0 2.0 2.0
6.0 4.0 2.0 18.0 6.0 4.0
6.0 4.0 2.0 12.0 2.0 4.0
8.0 -6.0 0.0 8.0 4.0 4.0
6.0 -6.0 -8.0 8.0 4.0 0.0
6.0 -4.0 0.0 8.0 4.0 2.0
6.0 0.0 0.0 12.0 8.0 -2.0
2.0 0.0 0.0 12.0 0.0 2.0
6.0 0.0 -6.0 12.0 -4.0 -2.0
0.0 -4.0 -6.0 10.0 -4.0 -2.0
0.0 -4.0 -8.0 8.0 0.0 -6.0
0.0 0.0 -4.0 8.0 2.0 -2.0
-2.0 0.0 -2.0 8.0 2.0 -6.0
0.0 4.0 -2.0 -4.0 10.0 0.0
-2.0 4.0 -6.0 -4.0 2.0 2.0
0.0 4.0 -6.0 2.0 2.0 2.0
0.0 2.0 -6.0 2.0 2.0 0.0
0.0 2.0 -6.0 0.0 2.0 0.0
-4.0 4.0 -2.0 -8.0 2.0 0.0
-4.0 4.0 0.0 0.0 0.0 0.0
-2.0 4.0 -2.0 -4.0 0.0 2.0
-2.0 -2.0 -4.0 -4.0 0.0 2.0
-2.0 -2.0 -4.0 -4.0 0.0 0.0
0.0 0.0 -8.0 0.0 2.0 0.0
2.0 0.0 -8.0 2.0 2.0 0.0
0.0 2.0 -4.0 2.0 8.0 10.0
0.0 8.0 2.0 4.0 8.0 0.0
0.0 8.0 -4.0 8.0 2.0 6.0
0.0 0.0 -2.0 8.0 2.0 4.0
0.0 -6.0 -2.0 12.0 2.0 4.0
-2.0 -6.0 -2.0 16.0 8.0 -6.0
4.0 0.0 -4.0 16.0 4.0 -6.0
6.0 0.0 -4.0 10.0 4.0 -6.0
6.0 4.0 -2.0 10.0 4.0 -8.0
-2.0 4.0 -2.0 10.0 4.0 -8.0
-2.0 -2.0 -4.0 8.0 0.0 -10.0
0.0 -4.0 -4.0 8.0 -4.0 0.0
2.0 -4.0 -2.0 12.0 -4.0 -6.0
2.0 0.0 0.0 12.0 -2.0 -6.0
2.0 6.0 0.0 12.0 2.0 -6.0
6.0 6.0 2.0 12.0 2.0 0.0
2.0 -2.0 2.0 12.0 2.0 0.0
2.0 -2.0 0.0 10.0 4.0 0.0
2.0 4.0 -4.0 10.0 4.0 -2.0
2.0 4.0 0.0 10.0 4.0 -4.0
6.0 4.0 -4.0 10.0 4.0 -2.0
6.0 8.0 -8.0 10.0 4.0 -2.0
6.0 8.0 -8.0 10.0 -2.0 2.0
4.0 -2.0 -4.0 10.0 4.0 2.0
6.0 -8.0 6.0 12.0 2.0 -4.0
2.0 -8.0 6.0 14.0 2.0 -4.0
2.0 -8.0 -2.0 14.0 2.0 -2.0
2.0 -6.0 -4.0 10.0 0.0 0.0
2.0 0.0 -4.0 10.0 0.0 6.0
4.0 0.0 -4.0 14.0 2.0 6.0
0.0 0.0 -2.0 14.0 2.0 6.0
6.0 2.0 -2.0 10.0 -4.0 2.0
2.0 2.0 2.0 2.0 -4.0 -4.0
6.0 -6.0 -2.0 10.0 -2.0 -4.0
2.0 -6.0 -2.0 2.0 6.0 -4.0
4.0 -6.0 -2.0 14.0 6.0 -2.0
0.0 -10.0 0.0 14.0 6.0 -2.0
-2.0 -10.0 0.0 14.0 0.0 -2.0
-2.0 -6.0 0.0 8.0 0.0 0.0
4.0 -2.0 -2.0 6.0 0.0 2.0
4.0 0.0 0.0 8.0 2.0 2.0
2.0 0.0 0.0 10.0 -6.0 -2.0
0.0 4.0 0.0 10.0 4.0 -2.0
0.0 2.0 0.0 8.0 2.0 -8.0
-2.0 4.0 2.0 8.0 4.0 -6.0
4.0 2.0 2.0 8.0 4.0 -6.0
-2.0 0.0 2.0 8.0 4.0 -2.0
0.0 0.0 -4.0 8.0 2.0 0.0
0.0 -2.0 -2.0 6.0 2.0 0.0
0.0 -2.0 -2.0 10.0 6.0 0.0
0.0 -2.0 -2.0 6.0 8.0 -4.0
-2.0 -2.0 -4.0 8.0 6.0 -4.0
-6.0 -4.0 -4.0 8.0 -2.0 -4.0
-2.0 -4.0 -4.0 8.0 -2.0 0.0
-2.0 -4.0 -4.0 8.0 0.0 -4.0
0.0 0.0 0.0 8.0 4.0 -6.0
0.0 0.0 0.0 10.0 4.0 -6.0
0.0 0.0 0.0 10.0 2.0 -4.0
2.0 -2.0 4.0 10.0 2.0 4.0
2.0 -2.0 4.0 10.0 2.0 -2.0
-2.0 -2.0 4.0 6.0 4.0 -2.0
-2.0 2.0 4.0 4.0 4.0 -2.0
-2.0 2.0 4.0 2.0 4.0 -2.0
-2.0 -4.0 2.0 2.0 6.0 -2.0
-2.0 -4.0 6.0 6.0 2.0 -2.0
0.0 -4.0 -4.0 6.0 2.0 6.0
0.0 -2.0 -4.0 6.0 2.0 6.0
0.0 4.0 -4.0 6.0 8.0 -2.0
2.0 0.0 -2.0 6.0 8.0 -4.0
4.0 4.0 -2.0 6.0 8.0 -2.0
4.0 6.0 -4.0 6.0 0.0 -2.0
2.0 6.0 -4.0 6.0 2.0 0.0
-2.0 2.0 -6.0 0.0 0.0 0.0
-2.0 0.0 -4.0 0.0 2.0 0.0
-2.0 2.0 -6.0 2.0 2.0 0.0
-2.0 -8.0 -10.0 2.0 2.0 -8.0
-2.0 6.0 -12.0 2.0 0.0 -8.0
2.0 2.0 -10.0 2.0 -6.0 -2.0
2.0 6.0 -12.0 2.0 0.0 -2.0
4.0 6.0 -10.0 2.0 -4.0 -2.0
4.0 6.0 -10.0 2.0 0.0 -2.0
4.0 6.0 -8.0 2.0 -4.0 -2.0
2.0 -4.0 -4.0 2.0 0.0 -2.0
0.0 -6.0 -4.0 -2.0 4.0 -2.0
0.0 -6.0 0.0 2.0 4.0 -2.0
-6.0 -8.0 -4.0 -2.0 0.0 -6.0
-6.0 -2.0 -4.0 2.0 -4.0 -6.0
-2.0 0.0 -4.0 2.0 -4.0 0.0
2.0 0.0 -2.0 2.0 -4.0 4.0
2.0 0.0 -2.0 0.0 -2.0 0.0
2.0 8.0 -2.0 -4.0 0.0 4.0
2.0 8.0 0.0 -4.0 2.0 -2.0
2.0 0.0 -4.0 -4.0 2.0 -4.0
-2.0 0.0 2.0 -10.0 0.0 -10.0
-2.0 0.0 4.0 -4.0 -6.0 -8.0
-4.0 0.0 4.0 -4.0 0.0 -8.0
-4.0 0.0 -2.0 -4.0 -6.0 0.0
-4.0 0.0 -2.0 -8.0 0.0 0.0
