# Target: wrist_up
# Dominant_Vision: Unknown
0.0 0.0 -8.0 -4.0 0.0 8.0
0.0 -6.0 0.0 -6.0 0.0 6.0
-4.0 -6.0 2.0 -8.0 -4.0 6.0
-4.0 -4.0 12.0 -6.0 0.0 6.0
-4.0 -2.0 2.0 -4.0 -8.0 6.0
-2.0 -4.0 0.0 -2.0 -4.0 6.0
-2.0 -6.0 0.0 -4.0 -8.0 6.0
-2.0 -6.0 -2.0 -4.0 -4.0 4.0
-2.0 -4.0 2.0 -6.0 2.0 6.0
0.0 -4.0 -6.0 -8.0 2.0 4.0
0.0 -4.0 -4.0 -8.0 -2.0 4.0
2.0 -4.0 -4.0 -8.0 -2.0 4.0
0.0 -2.0 -4.0 -2.0 -4.0 8.0
2.0 2.0 4.0 -2.0 -6.0 8.0
0.0 -2.0 -4.0 -2.0 -8.0 4.0
6.0 -4.0 4.0 -4.0 -8.0 2.0
6.0 -4.0 -4.0 -4.0 -8.0 4.0
6.0 -6.0 8.0 -4.0 -4.0 6.0
6.0 -6.0 0.0 -10.0 -4.0 6.0
4.0 -6.0 0.0 -10.0 -2.0 6.0
4.0 -6.0 0.0 -12.0 -2.0 6.0
4.0 -4.0 0.0 0.0 2.0 4.0
-8.0 0.0 0.0 -4.0 2.0 4.0
4.0 0.0 0.0 -4.0 -8.0 4.0
-4.0 0.0 2.0 -6.0 -8.0 2.0
4.0 -2.0 2.0 -6.0 -6.0 4.0
6.0 -2.0 -6.0 -8.0 -6.0 2.0
6.0 -4.0 -6.0 -6.0 -2.0 -2.0
2.0 0.0 -4.0 -6.0 -2.0 -2.0
-4.0 2.0 2.0 -4.0 -4.0 -2.0
-16.0 2.0 2.0 0.0 -4.0 2.0
-46.0 2.0 4.0 0.0 -4.0 2.0
-54.0 -6.0 4.0 -2.0 -2.0 2.0
-56.0 -2.0 0.0 -10.0 -2.0 0.0
-70.0 -2.0 -2.0 -26.0 -2.0 0.0
-80.0 0.0 -16.0 -28.0 -10.0 0.0
-92.0 0.0 -16.0 -30.0 -10.0 2.0
-100.0 0.0 -16.0 -34.0 -12.0 2.0
-100.0 -4.0 -14.0 -34.0 -14.0 0.0
-100.0 -6.0 -14.0 -40.0 -14.0 0.0
-100.0 -6.0 -16.0 -52.0 -16.0 -2.0
-100.0 -12.0 -18.0 -54.0 -16.0 0.0
-100.0 -12.0 -22.0 -58.0 -18.0 -2.0
-100.0 -12.0 -26.0 -58.0 -18.0 -4.0
-100.0 -12.0 -32.0 -72.0 -22.0 -4.0
-100.0 -10.0 -30.0 -74.0 -28.0 -8.0
-100.0 -18.0 -32.0 -74.0 -28.0 -4.0
-100.0 -18.0 -30.0 -86.0 -28.0 -10.0
-100.0 -20.0 -26.0 -90.0 -22.0 -14.0
-74.0 -20.0 -18.0 -88.0 -20.0 -16.0
-20.0 -20.0 -16.0 -88.0 -18.0 -16.0
8.0 -22.0 -16.0 -80.0 -12.0 -16.0
14.0 -30.0 -14.0 -70.0 -12.0 -14.0
76.0 -30.0 -8.0 -64.0 -12.0 -14.0
80.0 -34.0 -8.0 -64.0 -12.0 -14.0
92.0 -36.0 -8.0 -64.0 -4.0 -8.0
100.0 -36.0 -8.0 -58.0 -4.0 -8.0
100.0 -38.0 -8.0 -58.0 -4.0 -12.0
100.0 -38.0 -8.0 -58.0 -4.0 -12.0
100.0 -36.0 -10.0 -60.0 -4.0 -12.0
100.0 -34.0 -4.0 -60.0 -4.0 -12.0
100.0 -34.0 -8.0 -60.0 -6.0 -10.0
100.0 -34.0 2.0 -58.0 -6.0 -14.0
100.0 -36.0 0.0 -60.0 8.0 -18.0
100.0 -36.0 0.0 -52.0 8.0 -18.0
100.0 -40.0 0.0 -52.0 -8.0 -16.0
100.0 -40.0 -2.0 -44.0 -8.0 -14.0
100.0 -36.0 -2.0 -44.0 0.0 -14.0
100.0 -36.0 -2.0 -46.0 2.0 -14.0
100.0 -32.0 -4.0 -46.0 2.0 -16.0
100.0 -36.0 -6.0 -46.0 4.0 -16.0
100.0 -36.0 -12.0 -46.0 6.0 -18.0
96.0 -38.0 -12.0 -54.0 6.0 -18.0
92.0 -40.0 -10.0 -54.0 4.0 -22.0
92.0 -38.0 -2.0 -50.0 2.0 -18.0
88.0 -44.0 -10.0 -50.0 4.0 -18.0
96.0 -44.0 -10.0 -52.0 0.0 -18.0
96.0 -44.0 -10.0 -52.0 -2.0 -18.0
100.0 -40.0 -6.0 -46.0 -4.0 -16.0
100.0 -36.0 -2.0 -46.0 -6.0 -14.0
100.0 -36.0 -6.0 -46.0 -6.0 -16.0
100.0 -36.0 -10.0 -54.0 -4.0 -14.0
100.0 -36.0 -10.0 -56.0 -2.0 -16.0
64.0 -36.0 -16.0 -56.0 -4.0 -24.0
60.0 -36.0 -20.0 -58.0 -6.0 -24.0
4.0 -36.0 -20.0 -60.0 -12.0 -20.0
-12.0 -36.0 -22.0 -70.0 -12.0 -18.0
-62.0 -36.0 -22.0 -70.0 -16.0 -20.0
-74.0 -36.0 -34.0 -70.0 -12.0 -18.0
-100.0 -36.0 -34.0 -80.0 -14.0 -18.0
-100.0 -34.0 -44.0 -82.0 -12.0 -18.0
-100.0 -36.0 -38.0 -80.0 -12.0 -12.0
-100.0 -34.0 -38.0 -82.0 -12.0 -12.0
-100.0 -26.0 -38.0 -62.0 -14.0 -8.0
-100.0 -14.0 -32.0 -62.0 -14.0 -6.0
-100.0 -14.0 -24.0 -34.0 -8.0 -4.0
-100.0 -18.0 -24.0 -32.0 -8.0 -4.0
-100.0 -20.0 -24.0 -32.0 -6.0 -4.0
-100.0 -20.0 -34.0 -24.0 -6.0 0.0
-92.0 -12.0 -34.0 -20.0 -2.0 2.0
-90.0 -10.0 -22.0 -18.0 0.0 2.0
-62.0 -6.0 -22.0 -14.0 0.0 10.0
-50.0 -6.0 -22.0 -8.0 2.0 2.0
-40.0 -6.0 -18.0 -6.0 2.0 12.0
-40.0 -6.0 -16.0 2.0 4.0 12.0
-40.0 -6.0 -8.0 2.0 8.0 14.0
-38.0 -6.0 -8.0 4.0 8.0 14.0
-20.0 -4.0 -10.0 4.0 8.0 14.0
-14.0 -10.0 -10.0 16.0 8.0 14.0
-6.0 -8.0 -4.0 16.0 10.0 14.0
-2.0 -8.0 -4.0 16.0 10.0 12.0
2.0 -4.0 -8.0 18.0 12.0 8.0
4.0 -4.0 -8.0 20.0 10.0 6.0
4.0 -2.0 -8.0 20.0 8.0 4.0
4.0 -2.0 -10.0 20.0 8.0 6.0
4.0 -2.0 -10.0 14.0 6.0 8.0
4.0 -10.0 -8.0 20.0 8.0 8.0
0.0 -10.0 -2.0 20.0 8.0 8.0
0.0 -8.0 -2.0 26.0 8.0 6.0
0.0 -8.0 -4.0 26.0 6.0 6.0
0.0 -4.0 -10.0 22.0 4.0 2.0
0.0 -4.0 -10.0 22.0 4.0 2.0
4.0 -2.0 -12.0 14.0 4.0 6.0
4.0 -4.0 -10.0 22.0 4.0 8.0
0.0 -2.0 -4.0 12.0 4.0 6.0
0.0 2.0 -4.0 12.0 4.0 10.0
0.0 2.0 -6.0 12.0 4.0 10.0
0.0 -2.0 -6.0 20.0 4.0 10.0
0.0 -12.0 -6.0 20.0 4.0 10.0
0.0 -12.0 -12.0 14.0 4.0 8.0
0.0 -8.0 -12.0 14.0 4.0 14.0
0.0 -2.0 -4.0 8.0 4.0 14.0
-2.0 -2.0 -2.0 8.0 2.0 14.0
0.0 -2.0 -2.0 8.0 4.0 14.0
-2.0 -2.0 -2.0 6.0 8.0 2.0
-2.0 -4.0 -14.0 6.0 8.0 4.0
-2.0 -4.0 -14.0 10.0 2.0 4.0
-6.0 0.0 -10.0 10.0 0.0 4.0
-8.0 0.0 -10.0 6.0 2.0 4.0
-8.0 -2.0 -10.0 0.0 -2.0 4.0
-6.0 -4.0 -10.0 0.0 2.0 6.0
-6.0 -4.0 -12.0 -2.0 4.0 8.0
-4.0 -4.0 -16.0 2.0 4.0 8.0
-6.0 -4.0 -12.0 2.0 4.0 8.0
-4.0 -4.0 -10.0 8.0 2.0 8.0
-4.0 -6.0 -8.0 8.0 2.0 8.0
-2.0 -6.0 -8.0 -10.0 2.0 6.0
-2.0 -6.0 -8.0 -10.0 2.0 14.0
-2.0 -2.0 -8.0 -6.0 2.0 14.0
0.0 0.0 -8.0 -6.0 2.0 14.0
-4.0 0.0 -6.0 -6.0 4.0 8.0
-4.0 0.0 -8.0 -4.0 0.0 8.0
-4.0 0.0 -6.0 -4.0 4.0 6.0
2.0 0.0 -8.0 4.0 4.0 6.0
2.0 -2.0 -2.0 -4.0 6.0 6.0
4.0 -2.0 -10.0 -4.0 6.0 6.0
-4.0 -10.0 -2.0 -4.0 6.0 8.0
-2.0 -10.0 -6.0 -2.0 4.0 2.0
-6.0 -10.0 -6.0 -2.0 4.0 2.0
-2.0 -10.0 -8.0 -2.0 2.0 2.0
-6.0 -10.0 -8.0 -2.0 2.0 2.0
4.0 -10.0 -8.0 0.0 4.0 2.0
2.0 -6.0 -8.0 0.0 4.0 2.0
2.0 -4.0 -8.0 -4.0 4.0 10.0
2.0 -2.0 -2.0 -4.0 4.0 10.0
-2.0 -2.0 -2.0 -4.0 4.0 10.0
-10.0 -2.0 -12.0 -4.0 2.0 12.0
-2.0 -2.0 -14.0 -4.0 -2.0 12.0
-8.0 -2.0 -14.0 -4.0 2.0 4.0
-8.0 -4.0 -14.0 -2.0 4.0 4.0
-8.0 2.0 -10.0 0.0 6.0 10.0
-8.0 -4.0 -10.0 0.0 6.0 10.0
-6.0 0.0 -8.0 -2.0 6.0 2.0
0.0 0.0 -4.0 -2.0 4.0 2.0
0.0 0.0 2.0 0.0 4.0 2.0
-4.0 0.0 2.0 0.0 4.0 4.0
-6.0 -2.0 2.0 0.0 4.0 -2.0
-4.0 -2.0 -6.0 0.0 4.0 2.0
-4.0 -2.0 -6.0 -2.0 4.0 2.0
0.0 -2.0 -2.0 -2.0 4.0 4.0
2.0 6.0 -2.0 -2.0 4.0 6.0
2.0 2.0 -6.0 -6.0 4.0 12.0
2.0 2.0 -10.0 -6.0 -2.0 12.0
-4.0 2.0 -10.0 -6.0 -2.0 12.0
-6.0 -2.0 -10.0 -8.0 2.0 4.0
-8.0 -4.0 -10.0 -8.0 2.0 4.0
-6.0 -4.0 -8.0 0.0 0.0 4.0
-6.0 2.0 -8.0 0.0 -4.0 4.0
6.0 2.0 -8.0 -4.0 0.0 6.0
6.0 -2.0 -8.0 -4.0 2.0 6.0
6.0 -2.0 -8.0 -4.0 2.0 6.0
-4.0 -2.0 -8.0 -4.0 6.0 4.0
-4.0 0.0 -12.0 -4.0 0.0 4.0
-8.0 -6.0 -12.0 -8.0 0.0 4.0
-8.0 -8.0 -14.0 -6.0 0.0 4.0
-10.0 -8.0 -14.0 -6.0 0.0 6.0
-8.0 -6.0 -12.0 -2.0 -4.0 6.0
-4.0 -2.0 -8.0 0.0 -4.0 6.0
-4.0 4.0 -6.0 -2.0 2.0 14.0
-2.0 -2.0 -6.0 0.0 2.0 8.0
-2.0 -2.0 -14.0 -2.0 4.0 8.0
-2.0 -4.0 -14.0 -2.0 0.0 8.0
-2.0 -6.0 -14.0 -2.0 4.0 8.0
-2.0 -4.0 -14.0 -2.0 4.0 8.0
0.0 -6.0 -12.0 -4.0 4.0 14.0
0.0 -2.0 -8.0 -4.0 4.0 16.0
-2.0 -6.0 -8.0 -4.0 4.0 14.0
-4.0 -2.0 -8.0 -6.0 8.0 4.0
-4.0 0.0 -10.0 -6.0 8.0 4.0
-4.0 0.0 -10.0 -6.0 2.0 6.0
-12.0 0.0 -10.0 -2.0 -4.0 6.0
-8.0 -4.0 -4.0 -6.0 -4.0 12.0
-8.0 -6.0 -4.0 -10.0 0.0 8.0
-4.0 -6.0 -6.0 -10.0 0.0 8.0
-4.0 -6.0 -6.0 -10.0 0.0 2.0
-4.0 -2.0 -8.0 -4.0 0.0 0.0
-4.0 -2.0 -8.0 -4.0 0.0 0.0
-2.0 -2.0 -12.0 -2.0 6.0 4.0
-2.0 -2.0 -12.0 -2.0 2.0 4.0
-2.0 -12.0 -12.0 -2.0 8.0 4.0
-6.0 -6.0 -12.0 2.0 4.0 8.0
-2.0 -6.0 -12.0 2.0 4.0 8.0
-2.0 -4.0 -14.0 -4.0 -2.0 8.0
-2.0 -4.0 -12.0 -4.0 -2.0 10.0
-6.0 -10.0 -10.0 -4.0 -6.0 4.0
-6.0 -10.0 -10.0 -8.0 -6.0 6.0
-4.0 -8.0 -10.0 -10.0 -6.0 6.0
0.0 2.0 -10.0 -10.0 2.0 6.0
0.0 2.0 -8.0 -8.0 2.0 6.0
0.0 2.0 -8.0 -4.0 2.0 2.0
