# Target: wrist_up
# Dominant_Vision: Open Hand
0.0 -8.0 0.0 0.0 0.0 -8.0
0.0 -8.0 4.0 0.0 0.0 -4.0
2.0 -10.0 4.0 -2.0 -12.0 -4.0
4.0 -10.0 4.0 -6.0 -12.0 -4.0
6.0 -8.0 2.0 -8.0 -12.0 -10.0
6.0 -8.0 2.0 -6.0 -10.0 -10.0
6.0 -6.0 0.0 -6.0 -10.0 -8.0
6.0 -8.0 0.0 -6.0 -10.0 -4.0
6.0 -8.0 -4.0 -6.0 -8.0 -4.0
4.0 -8.0 -4.0 -6.0 -16.0 -6.0
4.0 -10.0 -6.0 -6.0 -14.0 -6.0
4.0 -12.0 -4.0 -6.0 -14.0 -6.0
6.0 -12.0 -4.0 -6.0 -8.0 -6.0
12.0 -2.0 2.0 -6.0 -8.0 -4.0
12.0 -2.0 2.0 -6.0 -8.0 -4.0
6.0 -6.0 0.0 -8.0 -12.0 -4.0
6.0 -6.0 -8.0 -18.0 -10.0 -2.0
0.0 0.0 0.0 -8.0 -10.0 -2.0
0.0 0.0 0.0 -6.0 -8.0 -4.0
-2.0 0.0 0.0 0.0 -4.0 -6.0
4.0 -6.0 -4.0 0.0 -8.0 -6.0
2.0 -6.0 -4.0 -14.0 -8.0 -4.0
2.0 -6.0 -4.0 -14.0 -10.0 -4.0
0.0 -4.0 -4.0 -4.0 -8.0 -6.0
0.0 -4.0 2.0 0.0 -6.0 -12.0
4.0 -8.0 0.0 -2.0 -6.0 -12.0
6.0 -8.0 0.0 -2.0 -6.0 -12.0
10.0 -8.0 0.0 -2.0 -8.0 -12.0
16.0 -8.0 2.0 -4.0 -8.0 -12.0
16.0 -8.0 2.0 -4.0 -8.0 -2.0
12.0 -8.0 2.0 -4.0 -6.0 -2.0
2.0 4.0 2.0 -4.0 -10.0 -2.0
0.0 -8.0 2.0 -4.0 -4.0 -2.0
0.0 -2.0 -2.0 -4.0 -10.0 -2.0
6.0 -8.0 -2.0 -8.0 -12.0 -8.0
6.0 -4.0 -4.0 -8.0 -12.0 -8.0
-12.0 -4.0 2.0 -8.0 -12.0 -14.0
-12.0 -4.0 -6.0 -20.0 -8.0 -14.0
-32.0 -2.0 -4.0 -20.0 -12.0 -14.0
-54.0 -2.0 -6.0 -24.0 -8.0 -20.0
-78.0 -2.0 -16.0 -26.0 -12.0 -10.0
-86.0 -4.0 -18.0 -28.0 -12.0 -16.0
-94.0 -4.0 -16.0 -36.0 -20.0 -16.0
-94.0 -4.0 -18.0 -36.0 -22.0 -20.0
-80.0 -4.0 -20.0 -52.0 -24.0 -20.0
-60.0 -14.0 -20.0 -60.0 -24.0 -20.0
2.0 -14.0 -20.0 -64.0 -24.0 -16.0
30.0 -10.0 -20.0 -64.0 -22.0 -22.0
54.0 -10.0 -14.0 -62.0 -18.0 -24.0
78.0 -4.0 -10.0 -62.0 -12.0 -28.0
100.0 -6.0 -6.0 -60.0 -12.0 -28.0
100.0 -6.0 -2.0 -52.0 -12.0 -20.0
100.0 -14.0 -2.0 -44.0 -12.0 -20.0
100.0 -14.0 -2.0 -40.0 -12.0 -20.0
100.0 -16.0 -2.0 -38.0 -6.0 -20.0
100.0 -16.0 4.0 -38.0 -6.0 -20.0
100.0 -16.0 6.0 -38.0 -6.0 -20.0
100.0 -12.0 6.0 -40.0 -8.0 -20.0
100.0 -12.0 10.0 -46.0 -2.0 -20.0
100.0 -16.0 10.0 -50.0 -10.0 -22.0
100.0 -16.0 10.0 -50.0 -10.0 -22.0
100.0 -16.0 18.0 -50.0 -10.0 -22.0
100.0 -18.0 18.0 -42.0 -4.0 -18.0
100.0 -14.0 6.0 -42.0 -4.0 -18.0
100.0 -14.0 6.0 -40.0 -10.0 -24.0
100.0 -14.0 8.0 -42.0 -10.0 -24.0
100.0 -20.0 12.0 -42.0 -8.0 -26.0
100.0 -20.0 12.0 -42.0 -8.0 -22.0
100.0 -20.0 12.0 -44.0 -10.0 -26.0
100.0 -20.0 4.0 -44.0 -12.0 -26.0
100.0 -20.0 4.0 -46.0 -14.0 -26.0
100.0 -12.0 4.0 -44.0 -14.0 -26.0
100.0 -12.0 0.0 -46.0 -14.0 -20.0
100.0 -10.0 -4.0 -44.0 -16.0 -26.0
100.0 -16.0 -6.0 -50.0 -16.0 -22.0
100.0 -12.0 -4.0 -50.0 -16.0 -22.0
98.0 -16.0 -8.0 -54.0 -18.0 -22.0
56.0 -16.0 -16.0 -58.0 -18.0 -22.0
54.0 -16.0 -20.0 -58.0 -18.0 -28.0
-22.0 -16.0 -20.0 -54.0 -18.0 -26.0
-34.0 -16.0 -20.0 -50.0 -16.0 -26.0
-82.0 -24.0 -22.0 -50.0 -16.0 -26.0
-92.0 -24.0 -32.0 -54.0 -16.0 -22.0
-100.0 -24.0 -34.0 -74.0 -18.0 -24.0
-100.0 -22.0 -34.0 -64.0 -18.0 -22.0
-100.0 -18.0 -32.0 -64.0 -18.0 -24.0
-100.0 -18.0 -30.0 -64.0 -18.0 -24.0
-100.0 -18.0 -30.0 -64.0 -20.0 -24.0
-100.0 -16.0 -26.0 -50.0 -20.0 -22.0
-100.0 -18.0 -24.0 -50.0 -20.0 -22.0
-100.0 -18.0 -24.0 -52.0 -16.0 -22.0
-100.0 -18.0 -24.0 -52.0 -14.0 -18.0
-100.0 -18.0 -28.0 -56.0 -14.0 -18.0
-100.0 -16.0 -28.0 -56.0 -14.0 -18.0
-100.0 -16.0 -26.0 -58.0 -16.0 -16.0
-100.0 -16.0 -26.0 -58.0 -16.0 -14.0
-98.0 -8.0 -30.0 -56.0 -16.0 -14.0
-94.0 -8.0 -30.0 -54.0 -16.0 -16.0
-94.0 -16.0 -26.0 -52.0 -16.0 -20.0
-98.0 -16.0 -22.0 -54.0 -20.0 -16.0
-100.0 -14.0 -26.0 -50.0 -20.0 -6.0
-100.0 -10.0 -22.0 -56.0 -18.0 -6.0
-100.0 -10.0 -32.0 -50.0 -14.0 -10.0
-100.0 -6.0 -22.0 -50.0 -14.0 -10.0
-100.0 -10.0 -32.0 -50.0 -10.0 -12.0
-100.0 -10.0 -26.0 -50.0 -16.0 -4.0
-92.0 -10.0 -26.0 -54.0 -16.0 -6.0
-90.0 -12.0 -22.0 -56.0 -16.0 -6.0
-90.0 -12.0 -22.0 -54.0 -16.0 -12.0
-88.0 -12.0 -22.0 -56.0 -10.0 -14.0
-88.0 -12.0 -18.0 -50.0 -16.0 -14.0
-88.0 -6.0 -18.0 -54.0 -10.0 -14.0
-88.0 -10.0 -20.0 -50.0 -12.0 -14.0
-80.0 -6.0 -24.0 -42.0 -12.0 -12.0
-80.0 -10.0 -20.0 -40.0 -16.0 -6.0
-70.0 -6.0 -18.0 -42.0 -16.0 -8.0
-70.0 -8.0 -18.0 -48.0 -16.0 -6.0
-70.0 -6.0 -20.0 -50.0 -14.0 -8.0
-70.0 -8.0 -20.0 -50.0 -14.0 -4.0
-56.0 -12.0 -14.0 -48.0 -18.0 -4.0
-54.0 -12.0 -14.0 -48.0 -18.0 -4.0
-54.0 -10.0 -12.0 -48.0 -14.0 -10.0
-54.0 -10.0 -12.0 -44.0 -8.0 -10.0
-52.0 -10.0 -14.0 -42.0 -14.0 -4.0
-48.0 -6.0 -20.0 -42.0 -4.0 -2.0
-52.0 -6.0 -20.0 -42.0 -6.0 -4.0
-48.0 -4.0 -20.0 -42.0 -6.0 -4.0
-48.0 -2.0 -16.0 -38.0 -12.0 -6.0
-48.0 -2.0 -16.0 -38.0 -16.0 -8.0
-48.0 -8.0 -16.0 -38.0 -16.0 -6.0
-46.0 -8.0 -12.0 -42.0 -14.0 -2.0
-46.0 0.0 -12.0 -42.0 -10.0 -2.0
-46.0 0.0 -12.0 -40.0 -10.0 -2.0
-48.0 -2.0 -12.0 -34.0 -6.0 -8.0
-48.0 -2.0 -14.0 -34.0 -12.0 -8.0
-48.0 -4.0 -12.0 -44.0 -12.0 -14.0
-48.0 -4.0 -14.0 -44.0 -16.0 -14.0
-48.0 -6.0 -10.0 -44.0 -12.0 -12.0
-50.0 -6.0 -14.0 -44.0 -12.0 -12.0
-50.0 -6.0 -10.0 -42.0 -12.0 -4.0
-56.0 -10.0 -10.0 -36.0 -18.0 -12.0
-50.0 -10.0 -10.0 -40.0 -18.0 -6.0
-50.0 -6.0 -12.0 -36.0 -14.0 -6.0
-50.0 -6.0 -12.0 -40.0 -12.0 -4.0
-50.0 -6.0 -16.0 -40.0 -14.0 -4.0
-42.0 -10.0 -14.0 -40.0 -14.0 -4.0
-42.0 -2.0 -14.0 -36.0 -14.0 -6.0
-46.0 -10.0 -14.0 -36.0 -14.0 -8.0
-46.0 -10.0 -14.0 -36.0 -8.0 -8.0
-46.0 -10.0 -20.0 -36.0 -14.0 -8.0
-44.0 -8.0 -20.0 -38.0 -12.0 -6.0
-44.0 -8.0 -16.0 -38.0 -12.0 -6.0
-44.0 -6.0 -16.0 -34.0 -8.0 -4.0
-44.0 -8.0 -16.0 -32.0 -8.0 -6.0
-36.0 -6.0 -12.0 -32.0 -10.0 -4.0
-36.0 -8.0 -12.0 -36.0 -12.0 -6.0
-38.0 -12.0 -14.0 -44.0 -12.0 0.0
-40.0 -12.0 -14.0 -44.0 -14.0 -6.0
-46.0 -10.0 -8.0 -38.0 -8.0 -8.0
-42.0 -10.0 -8.0 -36.0 -14.0 -8.0
-46.0 -12.0 -8.0 -28.0 -12.0 -4.0
-42.0 -12.0 -8.0 -28.0 -12.0 -2.0
-40.0 -6.0 -12.0 -34.0 -10.0 -2.0
-36.0 -4.0 -10.0 -34.0 -8.0 -2.0
-36.0 -6.0 -10.0 -36.0 -8.0 -4.0
-36.0 -6.0 -10.0 -28.0 -14.0 -18.0
-36.0 -6.0 -10.0 -32.0 -14.0 -4.0
-36.0 -10.0 -10.0 -32.0 -14.0 -8.0
-36.0 -10.0 -14.0 -38.0 -14.0 -8.0
-32.0 -12.0 -6.0 -38.0 -14.0 -8.0
-30.0 -6.0 -14.0 -36.0 -12.0 -10.0
-24.0 -6.0 -10.0 -32.0 -10.0 -6.0
-18.0 -6.0 -10.0 -32.0 -6.0 -6.0
-14.0 -6.0 -10.0 -30.0 -6.0 -6.0
-8.0 -6.0 -10.0 -30.0 -10.0 -6.0
-14.0 -8.0 -8.0 -32.0 -12.0 -6.0
-6.0 -10.0 -6.0 -32.0 -10.0 -8.0
-18.0 -10.0 -8.0 -28.0 -10.0 -10.0
-10.0 -10.0 -4.0 -28.0 -10.0 -8.0
-10.0 -10.0 -14.0 -28.0 -10.0 -10.0
-10.0 -10.0 -2.0 -28.0 -14.0 -8.0
-10.0 -4.0 -14.0 -28.0 -6.0 -12.0
-10.0 -4.0 -2.0 -28.0 -14.0 -12.0
-10.0 -8.0 -14.0 -28.0 -14.0 -12.0
-8.0 -8.0 -2.0 -22.0 -14.0 -12.0
-4.0 -2.0 -4.0 -22.0 -8.0 -6.0
-4.0 -2.0 -4.0 -22.0 -8.0 -6.0
-4.0 -4.0 -4.0 -26.0 -8.0 -6.0
-12.0 -4.0 -6.0 -30.0 -10.0 -6.0
-18.0 -4.0 -6.0 -30.0 -8.0 -6.0
-12.0 -2.0 -6.0 -30.0 -14.0 -6.0
-12.0 -2.0 -6.0 -26.0 -8.0 -8.0
-12.0 -2.0 -6.0 -26.0 -12.0 -16.0
-12.0 -8.0 -10.0 -26.0 -6.0 -16.0
-12.0 -16.0 -10.0 -26.0 -10.0 -16.0
-12.0 -10.0 -4.0 -20.0 -10.0 -14.0
-12.0 -12.0 -4.0 -20.0 -10.0 -14.0
-20.0 -10.0 -4.0 -18.0 -10.0 -14.0
-20.0 -8.0 -6.0 -24.0 -10.0 -6.0
-18.0 -8.0 -4.0 -18.0 -10.0 -4.0
-16.0 -8.0 -8.0 -24.0 -6.0 -6.0
-16.0 -10.0 -4.0 -22.0 -6.0 -6.0
-16.0 -8.0 -8.0 -22.0 -6.0 -6.0
-16.0 -14.0 -6.0 -22.0 -6.0 -4.0
-14.0 -8.0 -6.0 -30.0 -4.0 -4.0
-14.0 -14.0 -6.0 -30.0 -4.0 -4.0
-14.0 -8.0 -8.0 -28.0 -10.0 -12.0
-16.0 -6.0 -8.0 -28.0 -14.0 -4.0
-16.0 -4.0 -12.0 -28.0 -14.0 -8.0
-14.0 -4.0 -8.0 -28.0 -14.0 -8.0
-14.0 -10.0 -12.0 -28.0 -12.0 -8.0
-14.0 -10.0 -14.0 -22.0 -14.0 -10.0
-14.0 -10.0 -14.0 -30.0 -14.0 -10.0
-14.0 -10.0 -14.0 -30.0 -14.0 -12.0
-16.0 -10.0 -12.0 -30.0 -14.0 -10.0
-14.0 -10.0 -12.0 -20.0 -10.0 -8.0
-16.0 -12.0 -14.0 -20.0 -10.0 -8.0
-16.0 -10.0 -14.0 -20.0 -12.0 -8.0
-16.0 -12.0 -6.0 -20.0 -16.0 -8.0
-14.0 -4.0 -4.0 -20.0 -16.0 -8.0
-12.0 -12.0 -4.0 -20.0 -16.0 -14.0
-12.0 -12.0 -2.0 -32.0 -12.0 -14.0
-12.0 -12.0 -4.0 -34.0 -8.0 -16.0
-14.0 -12.0 -4.0 -34.0 -8.0 -8.0
-16.0 -8.0 -8.0 -34.0 -12.0 -12.0
-16.0 -10.0 -14.0 -34.0 -12.0 -8.0
-16.0 -10.0 -16.0 -34.0 -12.0 -10.0
-16.0 -10.0 -16.0 -34.0 -8.0 -8.0
