# Target: wrist_up
# Dominant_Vision: Open Hand
-2.0 -6.0 -2.0 4.0 4.0 0.0
-2.0 -6.0 0.0 4.0 4.0 2.0
-2.0 -6.0 -2.0 4.0 8.0 2.0
-2.0 -6.0 -2.0 4.0 4.0 -4.0
-4.0 -4.0 -2.0 2.0 2.0 -8.0
-4.0 -6.0 -2.0 2.0 2.0 -4.0
-4.0 -2.0 2.0 2.0 4.0 -8.0
-4.0 -10.0 -2.0 4.0 6.0 -2.0
-4.0 0.0 -4.0 4.0 12.0 -2.0
-6.0 -10.0 -4.0 6.0 12.0 -2.0
-2.0 -12.0 -4.0 0.0 2.0 2.0
-6.0 -12.0 -4.0 0.0 0.0 2.0
-8.0 -6.0 -2.0 0.0 0.0 2.0
-8.0 -4.0 2.0 4.0 2.0 -4.0
-10.0 -4.0 4.0 4.0 10.0 -4.0
-6.0 0.0 2.0 4.0 6.0 -2.0
-6.0 -2.0 0.0 4.0 6.0 4.0
-4.0 -2.0 -2.0 6.0 4.0 4.0
-2.0 -6.0 -4.0 8.0 4.0 4.0
0.0 -6.0 -12.0 8.0 4.0 4.0
0.0 -8.0 -12.0 8.0 10.0 -2.0
0.0 -6.0 -6.0 8.0 10.0 -2.0
2.0 -2.0 -4.0 12.0 10.0 -2.0
2.0 -2.0 -4.0 12.0 4.0 -4.0
-6.0 6.0 -4.0 -2.0 4.0 -4.0
-6.0 6.0 -4.0 -2.0 4.0 2.0
-2.0 6.0 -4.0 14.0 6.0 2.0
-2.0 -2.0 -6.0 14.0 0.0 -4.0
-2.0 -8.0 -10.0 2.0 4.0 -6.0
-2.0 -8.0 -10.0 2.0 0.0 -6.0
-8.0 -6.0 -10.0 2.0 4.0 -6.0
-2.0 -4.0 -10.0 4.0 4.0 -6.0
-2.0 -4.0 -10.0 2.0 4.0 -8.0
-2.0 -4.0 -10.0 4.0 4.0 -8.0
0.0 -2.0 -8.0 6.0 4.0 -8.0
0.0 8.0 -6.0 8.0 10.0 -8.0
0.0 -2.0 -6.0 6.0 10.0 -8.0
-2.0 -8.0 -6.0 4.0 10.0 -6.0
-2.0 -10.0 -6.0 4.0 8.0 -6.0
0.0 -8.0 2.0 8.0 8.0 -4.0
2.0 -8.0 2.0 8.0 4.0 -4.0
2.0 -2.0 4.0 6.0 4.0 -2.0
2.0 -2.0 -4.0 6.0 4.0 0.0
-4.0 -2.0 -8.0 6.0 14.0 6.0
-10.0 -2.0 -10.0 10.0 4.0 6.0
-10.0 -2.0 -14.0 6.0 12.0 6.0
-8.0 -4.0 -14.0 6.0 4.0 4.0
-6.0 -6.0 -8.0 6.0 4.0 6.0
0.0 -6.0 -6.0 2.0 4.0 4.0
0.0 -4.0 -8.0 4.0 8.0 4.0
-2.0 -4.0 2.0 4.0 8.0 4.0
-2.0 -6.0 -2.0 6.0 4.0 4.0
6.0 -6.0 2.0 8.0 4.0 -10.0
6.0 -8.0 0.0 18.0 10.0 -10.0
0.0 2.0 4.0 18.0 10.0 -10.0
-12.0 -4.0 4.0 16.0 4.0 -4.0
-12.0 -4.0 4.0 16.0 4.0 -4.0
-22.0 -4.0 -6.0 8.0 4.0 -10.0
-40.0 -16.0 -8.0 8.0 2.0 -10.0
-48.0 -12.0 -8.0 -2.0 2.0 -10.0
-48.0 -20.0 -14.0 -16.0 -6.0 -12.0
-36.0 -14.0 -20.0 -18.0 -6.0 -12.0
-16.0 -20.0 -20.0 -22.0 -6.0 -14.0
44.0 -16.0 -28.0 -32.0 0.0 -14.0
78.0 -32.0 -28.0 -32.0 -2.0 -18.0
78.0 -24.0 -10.0 -34.0 -2.0 -18.0
72.0 -32.0 -8.0 -30.0 -2.0 -26.0
72.0 -32.0 4.0 -30.0 0.0 -26.0
100.0 -38.0 4.0 -26.0 2.0 -24.0
100.0 -32.0 4.0 -26.0 10.0 -24.0
100.0 -50.0 6.0 -26.0 10.0 -24.0
100.0 -40.0 0.0 -18.0 10.0 -26.0
98.0 -42.0 2.0 -18.0 12.0 -28.0
96.0 -42.0 2.0 -20.0 6.0 -26.0
92.0 -42.0 4.0 -20.0 4.0 -16.0
88.0 -38.0 4.0 -24.0 4.0 -16.0
86.0 -34.0 12.0 -22.0 6.0 -22.0
76.0 -34.0 2.0 -22.0 10.0 -24.0
78.0 -40.0 12.0 -8.0 6.0 -22.0
78.0 -40.0 4.0 -2.0 14.0 -20.0
78.0 -40.0 12.0 -2.0 8.0 -20.0
84.0 -40.0 4.0 -2.0 14.0 -30.0
78.0 -40.0 4.0 -2.0 14.0 -30.0
82.0 -34.0 4.0 -2.0 14.0 -26.0
82.0 -34.0 6.0 -8.0 6.0 -24.0
90.0 -42.0 10.0 -10.0 6.0 -24.0
92.0 -42.0 10.0 -14.0 6.0 -24.0
92.0 -42.0 4.0 -14.0 8.0 -24.0
92.0 -40.0 4.0 -14.0 8.0 -32.0
100.0 -34.0 10.0 -16.0 10.0 -32.0
100.0 -34.0 10.0 -16.0 10.0 -32.0
100.0 -38.0 6.0 -14.0 8.0 -26.0
68.0 -40.0 -4.0 -14.0 2.0 -26.0
40.0 -40.0 -8.0 -24.0 0.0 -26.0
12.0 -40.0 -14.0 -28.0 -2.0 -26.0
-54.0 -30.0 -16.0 -44.0 -4.0 -20.0
-58.0 -28.0 -20.0 -44.0 -4.0 -26.0
-90.0 -30.0 -30.0 -52.0 -8.0 -30.0
-100.0 -32.0 -36.0 -52.0 -4.0 -30.0
-100.0 -32.0 -30.0 -52.0 -4.0 -28.0
-100.0 -36.0 -30.0 -56.0 -4.0 -22.0
-100.0 -36.0 -30.0 -44.0 -10.0 -20.0
-100.0 -34.0 -30.0 -40.0 -10.0 -20.0
-100.0 -32.0 -26.0 -40.0 -10.0 -14.0
-100.0 -32.0 -26.0 -38.0 -8.0 -12.0
-100.0 -26.0 -26.0 -36.0 -8.0 -8.0
-100.0 -18.0 -24.0 -30.0 -4.0 -12.0
-100.0 -12.0 -18.0 -28.0 -4.0 -6.0
-98.0 -12.0 -12.0 -20.0 -4.0 -2.0
-96.0 -14.0 -10.0 -10.0 -4.0 -2.0
-78.0 -14.0 -10.0 -8.0 2.0 -4.0
-74.0 -10.0 -10.0 -8.0 4.0 -4.0
-66.0 -2.0 -10.0 -4.0 6.0 2.0
-62.0 -10.0 -6.0 0.0 6.0 2.0
-46.0 -8.0 -6.0 14.0 8.0 0.0
-28.0 -10.0 -6.0 20.0 12.0 -4.0
-16.0 -12.0 -4.0 30.0 12.0 -6.0
-16.0 -12.0 6.0 30.0 8.0 -6.0
-12.0 -12.0 -4.0 28.0 6.0 -4.0
-12.0 -12.0 -4.0 28.0 6.0 -4.0
-8.0 -12.0 -6.0 28.0 6.0 -4.0
-8.0 -8.0 -4.0 20.0 0.0 -4.0
-8.0 -6.0 -6.0 20.0 0.0 2.0
-8.0 4.0 2.0 20.0 4.0 8.0
-6.0 -6.0 -6.0 20.0 12.0 8.0
-4.0 -4.0 -4.0 20.0 12.0 6.0
-4.0 -4.0 -4.0 22.0 12.0 6.0
-4.0 -4.0 2.0 22.0 12.0 6.0
-14.0 0.0 2.0 22.0 6.0 4.0
-14.0 -4.0 0.0 22.0 8.0 -8.0
-2.0 -4.0 -2.0 18.0 8.0 -8.0
-2.0 -4.0 -4.0 18.0 10.0 -2.0
-8.0 -4.0 -8.0 20.0 12.0 2.0
-10.0 -2.0 -4.0 20.0 10.0 2.0
-10.0 -2.0 0.0 20.0 8.0 2.0
-10.0 -4.0 2.0 20.0 8.0 0.0
-10.0 -4.0 2.0 20.0 8.0 0.0
-10.0 -2.0 2.0 20.0 4.0 -6.0
-10.0 -2.0 0.0 16.0 4.0 -6.0
-8.0 -2.0 -2.0 24.0 4.0 -6.0
-4.0 -2.0 -2.0 26.0 4.0 -4.0
-4.0 -4.0 -6.0 26.0 4.0 0.0
0.0 -4.0 -2.0 26.0 10.0 -2.0
0.0 -4.0 0.0 24.0 10.0 0.0
-12.0 -6.0 0.0 20.0 8.0 -2.0
-16.0 -4.0 0.0 18.0 4.0 0.0
-16.0 -6.0 -6.0 20.0 6.0 -2.0
-10.0 -4.0 -6.0 24.0 6.0 0.0
-10.0 -4.0 -6.0 24.0 6.0 0.0
-10.0 -2.0 2.0 24.0 14.0 4.0
-8.0 0.0 2.0 24.0 8.0 4.0
-8.0 -2.0 0.0 24.0 8.0 -6.0
-8.0 0.0 -6.0 24.0 8.0 -6.0
-12.0 0.0 -6.0 24.0 6.0 -4.0
-12.0 2.0 -2.0 20.0 10.0 0.0
-12.0 2.0 -2.0 20.0 14.0 4.0
-12.0 -6.0 -10.0 20.0 14.0 4.0
-4.0 -6.0 -10.0 22.0 12.0 4.0
-14.0 -6.0 2.0 22.0 6.0 4.0
-14.0 -6.0 2.0 30.0 6.0 4.0
-14.0 -4.0 -2.0 30.0 6.0 4.0
-10.0 -6.0 -2.0 30.0 6.0 4.0
-10.0 -6.0 -4.0 30.0 6.0 -4.0
-12.0 -8.0 -6.0 28.0 0.0 -4.0
-14.0 -10.0 -6.0 26.0 0.0 -4.0
-14.0 -10.0 -6.0 26.0 8.0 0.0
-8.0 -10.0 4.0 26.0 8.0 6.0
-8.0 -6.0 4.0 32.0 8.0 4.0
-8.0 -6.0 2.0 28.0 6.0 4.0
-8.0 -6.0 2.0 32.0 4.0 4.0
-10.0 -4.0 -2.0 30.0 4.0 2.0
-10.0 -4.0 -2.0 32.0 4.0 2.0
-6.0 -4.0 -10.0 30.0 4.0 0.0
-6.0 -4.0 -10.0 28.0 10.0 2.0
-4.0 -4.0 2.0 28.0 8.0 4.0
-6.0 -4.0 4.0 26.0 10.0 6.0
-2.0 -4.0 2.0 26.0 10.0 6.0
2.0 -2.0 2.0 22.0 10.0 6.0
4.0 0.0 2.0 22.0 10.0 2.0
4.0 10.0 8.0 26.0 12.0 2.0
4.0 10.0 8.0 30.0 18.0 2.0
4.0 2.0 2.0 30.0 18.0 -2.0
6.0 -4.0 0.0 30.0 8.0 -2.0
12.0 2.0 0.0 30.0 8.0 2.0
12.0 0.0 0.0 30.0 8.0 2.0
12.0 0.0 0.0 30.0 10.0 4.0
8.0 0.0 0.0 30.0 14.0 2.0
6.0 -2.0 -4.0 30.0 14.0 -8.0
6.0 -2.0 -4.0 40.0 14.0 -8.0
12.0 -6.0 0.0 40.0 12.0 -2.0
12.0 -6.0 6.0 40.0 12.0 2.0
10.0 -6.0 8.0 36.0 12.0 2.0
10.0 -4.0 8.0 36.0 12.0 0.0
16.0 -4.0 8.0 38.0 10.0 0.0
16.0 0.0 4.0 42.0 8.0 2.0
10.0 -2.0 4.0 38.0 8.0 2.0
10.0 0.0 8.0 34.0 12.0 6.0
8.0 0.0 8.0 34.0 14.0 -2.0
12.0 2.0 2.0 38.0 14.0 -2.0
14.0 2.0 2.0 44.0 16.0 -2.0
14.0 -4.0 4.0 44.0 16.0 4.0
12.0 -4.0 4.0 40.0 18.0 4.0
12.0 0.0 4.0 40.0 18.0 2.0
14.0 0.0 2.0 42.0 16.0 2.0
14.0 0.0 6.0 42.0 14.0 4.0
6.0 4.0 4.0 42.0 14.0 4.0
6.0 4.0 4.0 42.0 12.0 4.0
12.0 2.0 -8.0 46.0 8.0 4.0
12.0 -4.0 -8.0 46.0 8.0 4.0
12.0 -4.0 8.0 40.0 18.0 4.0
12.0 -4.0 8.0 40.0 18.0 -2.0
12.0 2.0 8.0 40.0 10.0 -2.0
12.0 -4.0 4.0 40.0 10.0 -2.0
8.0 -12.0 -4.0 42.0 10.0 -2.0
8.0 -12.0 0.0 42.0 10.0 -2.0
8.0 -2.0 0.0 42.0 14.0 0.0
8.0 4.0 2.0 42.0 14.0 0.0
8.0 4.0 8.0 32.0 10.0 0.0
18.0 4.0 6.0 32.0 8.0 0.0
18.0 2.0 6.0 34.0 8.0 0.0
16.0 0.0 4.0 34.0 8.0 0.0
16.0 0.0 -4.0 34.0 8.0 0.0
16.0 0.0 -4.0 38.0 6.0 6.0
12.0 -4.0 -2.0 40.0 6.0 6.0
12.0 -4.0 2.0 44.0 4.0 4.0
12.0 -6.0 2.0 44.0 4.0 4.0
8.0 -2.0 4.0 42.0 4.0 0.0
6.0 -6.0 2.0 36.0 14.0 2.0
6.0 2.0 2.0 40.0 14.0 2.0
12.0 -2.0 2.0 40.0 8.0 4.0
