# Target: wrist_up
# Dominant_Vision: Open Hand
2.0 0.0 0.0 4.0 2.0 4.0
2.0 0.0 0.0 4.0 0.0 4.0
4.0 -6.0 -2.0 10.0 0.0 6.0
4.0 -6.0 -2.0 10.0 0.0 6.0
8.0 2.0 -2.0 12.0 -4.0 6.0
8.0 2.0 -2.0 10.0 0.0 6.0
6.0 -10.0 -2.0 16.0 0.0 6.0
6.0 -10.0 0.0 12.0 2.0 6.0
6.0 -10.0 0.0 14.0 4.0 6.0
6.0 -6.0 2.0 14.0 2.0 8.0
8.0 -4.0 8.0 14.0 0.0 6.0
8.0 -4.0 8.0 20.0 0.0 6.0
8.0 -4.0 8.0 16.0 0.0 6.0
10.0 -6.0 4.0 16.0 0.0 6.0
10.0 0.0 6.0 12.0 -4.0 6.0
6.0 12.0 6.0 12.0 -4.0 6.0
6.0 12.0 6.0 12.0 -4.0 8.0
6.0 8.0 4.0 12.0 -2.0 8.0
4.0 4.0 0.0 12.0 -2.0 8.0
6.0 -4.0 4.0 16.0 0.0 4.0
6.0 2.0 8.0 16.0 0.0 8.0
6.0 -4.0 8.0 16.0 0.0 4.0
6.0 -6.0 2.0 12.0 0.0 8.0
6.0 -6.0 -2.0 12.0 4.0 12.0
6.0 -6.0 -2.0 18.0 4.0 12.0
8.0 0.0 6.0 18.0 0.0 0.0
10.0 0.0 6.0 12.0 0.0 0.0
10.0 0.0 6.0 10.0 4.0 2.0
6.0 4.0 0.0 10.0 4.0 8.0
6.0 4.0 -2.0 10.0 2.0 10.0
26.0 4.0 0.0 16.0 2.0 10.0
46.0 4.0 8.0 16.0 4.0 14.0
64.0 6.0 8.0 30.0 6.0 14.0
64.0 0.0 10.0 30.0 6.0 14.0
56.0 0.0 4.0 14.0 2.0 4.0
34.0 0.0 4.0 12.0 2.0 -2.0
-10.0 -2.0 4.0 12.0 4.0 4.0
-18.0 -2.0 0.0 12.0 4.0 -2.0
-18.0 -2.0 -8.0 0.0 4.0 -6.0
4.0 -2.0 -14.0 -20.0 -8.0 -6.0
32.0 -2.0 -14.0 -26.0 -16.0 -8.0
68.0 -2.0 -10.0 -38.0 -14.0 -10.0
92.0 -6.0 0.0 -44.0 -14.0 -10.0
100.0 -14.0 0.0 -44.0 -14.0 -10.0
100.0 -18.0 0.0 -44.0 -2.0 -12.0
100.0 -18.0 -2.0 -30.0 -2.0 -12.0
100.0 -22.0 -2.0 -28.0 -2.0 -12.0
100.0 -22.0 2.0 -26.0 -4.0 -12.0
100.0 -20.0 6.0 -22.0 -4.0 -10.0
100.0 -20.0 8.0 -22.0 -2.0 -10.0
100.0 -20.0 8.0 -22.0 -2.0 -8.0
100.0 -20.0 8.0 -24.0 -4.0 -8.0
100.0 -20.0 6.0 -28.0 -4.0 -8.0
100.0 -20.0 6.0 -34.0 -6.0 -14.0
100.0 -18.0 4.0 -34.0 -6.0 -14.0
100.0 -16.0 4.0 -34.0 -4.0 -14.0
100.0 -18.0 2.0 -34.0 -4.0 -20.0
52.0 -20.0 2.0 -38.0 -6.0 -20.0
22.0 -24.0 -6.0 -38.0 -10.0 -20.0
-28.0 -22.0 -14.0 -40.0 -10.0 -18.0
-54.0 -22.0 -24.0 -46.0 -10.0 -12.0
-68.0 -20.0 -26.0 -46.0 -14.0 -12.0
-80.0 -16.0 -24.0 -46.0 -14.0 -12.0
-80.0 -14.0 -24.0 -44.0 -14.0 -4.0
-78.0 -8.0 -20.0 -44.0 -12.0 -4.0
-74.0 -8.0 -16.0 -32.0 -22.0 4.0
-60.0 -8.0 -10.0 -22.0 -8.0 4.0
-46.0 -8.0 -8.0 -8.0 -6.0 4.0
-38.0 -14.0 2.0 -2.0 -6.0 2.0
-14.0 -4.0 10.0 4.0 -6.0 6.0
0.0 -4.0 14.0 24.0 2.0 6.0
10.0 0.0 16.0 26.0 4.0 6.0
12.0 0.0 14.0 44.0 6.0 6.0
24.0 0.0 10.0 46.0 4.0 2.0
32.0 -2.0 10.0 52.0 6.0 2.0
34.0 -12.0 10.0 50.0 6.0 4.0
54.0 -2.0 2.0 50.0 6.0 4.0
54.0 10.0 -4.0 50.0 4.0 6.0
62.0 10.0 -4.0 46.0 4.0 4.0
60.0 8.0 10.0 40.0 0.0 4.0
60.0 8.0 10.0 40.0 6.0 4.0
58.0 4.0 12.0 40.0 2.0 14.0
58.0 4.0 8.0 32.0 4.0 14.0
58.0 4.0 8.0 40.0 4.0 6.0
58.0 10.0 6.0 44.0 4.0 6.0
58.0 4.0 0.0 46.0 6.0 10.0
62.0 4.0 -2.0 46.0 2.0 12.0
64.0 4.0 -4.0 50.0 2.0 12.0
64.0 10.0 -4.0 48.0 2.0 4.0
64.0 10.0 2.0 48.0 2.0 4.0
60.0 10.0 6.0 48.0 10.0 12.0
60.0 10.0 6.0 50.0 10.0 12.0
60.0 10.0 10.0 52.0 10.0 12.0
60.0 10.0 6.0 50.0 6.0 8.0
60.0 10.0 4.0 44.0 6.0 6.0
62.0 0.0 4.0 40.0 8.0 6.0
62.0 2.0 6.0 42.0 8.0 6.0
62.0 2.0 6.0 42.0 4.0 2.0
60.0 2.0 4.0 46.0 4.0 2.0
60.0 -8.0 4.0 48.0 10.0 8.0
56.0 -8.0 8.0 48.0 10.0 8.0
56.0 4.0 8.0 46.0 10.0 4.0
56.0 4.0 10.0 44.0 10.0 4.0
58.0 4.0 4.0 44.0 10.0 8.0
58.0 2.0 4.0 40.0 10.0 8.0
58.0 4.0 -2.0 40.0 10.0 8.0
60.0 4.0 -2.0 40.0 10.0 8.0
60.0 8.0 -2.0 44.0 10.0 2.0
58.0 8.0 12.0 46.0 2.0 2.0
56.0 12.0 14.0 44.0 6.0 4.0
56.0 12.0 12.0 46.0 2.0 10.0
56.0 6.0 6.0 50.0 0.0 10.0
58.0 4.0 6.0 50.0 0.0 10.0
56.0 6.0 6.0 44.0 6.0 8.0
56.0 4.0 10.0 44.0 6.0 8.0
52.0 2.0 6.0 50.0 6.0 8.0
52.0 0.0 6.0 50.0 8.0 2.0
50.0 0.0 6.0 50.0 12.0 2.0
58.0 0.0 -2.0 50.0 12.0 12.0
56.0 6.0 -2.0 50.0 6.0 12.0
56.0 6.0 -2.0 58.0 2.0 10.0
56.0 2.0 8.0 58.0 0.0 10.0
60.0 2.0 8.0 58.0 2.0 8.0
60.0 2.0 8.0 52.0 4.0 8.0
58.0 2.0 8.0 50.0 4.0 8.0
56.0 2.0 4.0 50.0 8.0 8.0
56.0 8.0 4.0 50.0 4.0 8.0
56.0 8.0 6.0 48.0 2.0 6.0
54.0 2.0 6.0 50.0 2.0 4.0
54.0 2.0 4.0 50.0 2.0 4.0
60.0 8.0 4.0 50.0 6.0 6.0
64.0 8.0 12.0 52.0 8.0 10.0
60.0 0.0 12.0 46.0 12.0 10.0
52.0 -2.0 10.0 46.0 12.0 2.0
52.0 -2.0 10.0 46.0 8.0 2.0
56.0 2.0 12.0 50.0 4.0 2.0
56.0 4.0 12.0 50.0 8.0 8.0
56.0 4.0 12.0 50.0 4.0 4.0
56.0 4.0 2.0 50.0 8.0 4.0
56.0 4.0 0.0 46.0 4.0 4.0
56.0 4.0 0.0 46.0 12.0 4.0
54.0 4.0 4.0 46.0 4.0 4.0
56.0 4.0 8.0 46.0 6.0 4.0
58.0 4.0 8.0 42.0 6.0 6.0
62.0 2.0 6.0 42.0 6.0 4.0
62.0 2.0 6.0 46.0 0.0 0.0
58.0 2.0 6.0 46.0 0.0 0.0
54.0 0.0 6.0 48.0 6.0 8.0
54.0 0.0 8.0 46.0 8.0 14.0
54.0 0.0 4.0 46.0 6.0 8.0
54.0 6.0 12.0 40.0 -2.0 10.0
58.0 6.0 8.0 38.0 -2.0 6.0
58.0 6.0 8.0 38.0 8.0 8.0
60.0 8.0 6.0 48.0 8.0 0.0
60.0 6.0 6.0 48.0 6.0 8.0
60.0 6.0 8.0 40.0 6.0 0.0
60.0 6.0 12.0 40.0 4.0 0.0
60.0 2.0 12.0 50.0 6.0 0.0
58.0 2.0 12.0 50.0 2.0 8.0
54.0 0.0 10.0 42.0 6.0 8.0
58.0 0.0 8.0 42.0 4.0 8.0
58.0 0.0 10.0 40.0 4.0 4.0
58.0 0.0 8.0 44.0 2.0 6.0
60.0 0.0 6.0 44.0 2.0 4.0
58.0 0.0 6.0 44.0 0.0 4.0
58.0 0.0 8.0 42.0 2.0 4.0
58.0 0.0 12.0 42.0 0.0 8.0
58.0 0.0 8.0 44.0 0.0 8.0
58.0 0.0 2.0 44.0 0.0 0.0
58.0 0.0 -2.0 42.0 2.0 0.0
58.0 8.0 2.0 42.0 2.0 0.0
56.0 8.0 -2.0 44.0 6.0 12.0
56.0 8.0 6.0 48.0 0.0 12.0
56.0 0.0 6.0 44.0 6.0 12.0
56.0 4.0 10.0 44.0 4.0 12.0
62.0 2.0 10.0 44.0 6.0 12.0
56.0 4.0 6.0 40.0 4.0 6.0
56.0 2.0 4.0 46.0 8.0 2.0
56.0 2.0 4.0 42.0 2.0 4.0
56.0 2.0 6.0 42.0 2.0 4.0
56.0 2.0 8.0 38.0 2.0 8.0
54.0 2.0 6.0 38.0 2.0 10.0
58.0 2.0 10.0 42.0 4.0 8.0
54.0 8.0 16.0 50.0 4.0 12.0
60.0 8.0 16.0 42.0 4.0 8.0
54.0 2.0 8.0 40.0 6.0 8.0
54.0 2.0 8.0 40.0 6.0 8.0
46.0 0.0 8.0 40.0 2.0 8.0
46.0 0.0 4.0 38.0 -2.0 8.0
46.0 -2.0 4.0 36.0 -4.0 8.0
44.0 -10.0 8.0 38.0 -4.0 2.0
50.0 -10.0 8.0 40.0 0.0 2.0
54.0 2.0 10.0 40.0 0.0 4.0
54.0 4.0 12.0 42.0 0.0 8.0
52.0 4.0 12.0 38.0 2.0 4.0
52.0 4.0 10.0 38.0 4.0 4.0
52.0 4.0 0.0 38.0 10.0 4.0
48.0 -4.0 0.0 42.0 4.0 8.0
48.0 4.0 -2.0 42.0 6.0 8.0
48.0 8.0 12.0 42.0 4.0 6.0
48.0 10.0 4.0 44.0 6.0 6.0
52.0 10.0 4.0 44.0 6.0 6.0
52.0 10.0 4.0 32.0 6.0 6.0
52.0 8.0 8.0 32.0 6.0 6.0
52.0 4.0 8.0 40.0 6.0 0.0
52.0 0.0 2.0 40.0 6.0 2.0
52.0 4.0 2.0 42.0 8.0 2.0
52.0 8.0 2.0 36.0 -2.0 8.0
52.0 8.0 4.0 36.0 -2.0 8.0
52.0 8.0 4.0 36.0 -2.0 8.0
48.0 6.0 6.0 44.0 -2.0 2.0
52.0 4.0 6.0 44.0 4.0 4.0
54.0 2.0 6.0 44.0 4.0 4.0
54.0 2.0 8.0 46.0 4.0 4.0
54.0 2.0 8.0 46.0 4.0 8.0
50.0 4.0 14.0 42.0 2.0 8.0
48.0 4.0 16.0 42.0 2.0 8.0
48.0 6.0 16.0 44.0 4.0 8.0
48.0 4.0 12.0 44.0 4.0 6.0
50.0 -2.0 10.0 46.0 0.0 6.0
54.0 -2.0 12.0 46.0 0.0 6.0
54.0 0.0 10.0 46.0 0.0 4.0
54.0 2.0 6.0 46.0 2.0 6.0
54.0 8.0 4.0 46.0 2.0 6.0
54.0 8.0 2.0 46.0 12.0 6.0
54.0 2.0 2.0 42.0 12.0 6.0
48.0 2.0 2.0 36.0 4.0 6.0
48.0 2.0 2.0 42.0 -4.0 6.0
54.0 12.0 2.0 46.0 4.0 10.0
