# Target: wrist_up
# Dominant_Vision: Open Hand
0.0 0.0 0.0 0.0 0.0 0.0
2.0 0.0 0.0 6.0 -2.0 0.0
2.0 0.0 4.0 6.0 -4.0 -2.0
2.0 -6.0 4.0 4.0 -2.0 0.0
2.0 0.0 -8.0 0.0 0.0 0.0
2.0 -6.0 -8.0 0.0 0.0 0.0
2.0 2.0 0.0 -2.0 0.0 4.0
0.0 -6.0 0.0 0.0 -2.0 4.0
0.0 -2.0 -8.0 0.0 -6.0 8.0
8.0 -6.0 -8.0 2.0 -6.0 8.0
10.0 -4.0 -8.0 2.0 -6.0 4.0
8.0 -4.0 -4.0 4.0 -4.0 2.0
8.0 -4.0 -4.0 4.0 -4.0 0.0
6.0 -2.0 -4.0 4.0 -2.0 -4.0
6.0 -2.0 -4.0 4.0 -2.0 -4.0
6.0 2.0 -4.0 4.0 0.0 2.0
4.0 -2.0 2.0 4.0 0.0 2.0
4.0 -2.0 4.0 4.0 0.0 6.0
-2.0 -4.0 4.0 4.0 0.0 4.0
4.0 -12.0 -6.0 0.0 0.0 4.0
-4.0 -4.0 -6.0 0.0 0.0 4.0
8.0 -10.0 0.0 10.0 0.0 0.0
6.0 -2.0 0.0 10.0 -4.0 4.0
8.0 4.0 0.0 6.0 0.0 2.0
26.0 4.0 0.0 6.0 -2.0 4.0
26.0 8.0 -2.0 6.0 -2.0 2.0
18.0 4.0 -4.0 0.0 -4.0 -6.0
-2.0 2.0 -2.0 0.0 -4.0 -6.0
-32.0 2.0 0.0 -2.0 -8.0 -6.0
-32.0 0.0 0.0 -2.0 -8.0 -6.0
-28.0 2.0 -2.0 -16.0 -10.0 -6.0
-22.0 4.0 -6.0 -16.0 -10.0 -8.0
2.0 4.0 -6.0 -18.0 -10.0 -10.0
40.0 0.0 -6.0 -40.0 -10.0 -10.0
100.0 0.0 0.0 -48.0 -10.0 -10.0
100.0 -2.0 2.0 -48.0 -10.0 -8.0
100.0 0.0 10.0 -48.0 -10.0 -10.0
100.0 -4.0 16.0 -44.0 -6.0 -10.0
100.0 -6.0 18.0 -28.0 -6.0 -10.0
100.0 -8.0 16.0 -26.0 0.0 -10.0
100.0 -8.0 6.0 -10.0 2.0 -10.0
100.0 -6.0 4.0 -10.0 0.0 -8.0
100.0 -6.0 4.0 -12.0 2.0 -8.0
100.0 -8.0 2.0 -12.0 -2.0 -8.0
100.0 -16.0 2.0 -10.0 -2.0 -10.0
100.0 -10.0 6.0 -10.0 -4.0 -14.0
100.0 -14.0 16.0 -24.0 -4.0 -14.0
90.0 -12.0 6.0 -28.0 -4.0 -16.0
90.0 -12.0 6.0 -24.0 -4.0 -14.0
90.0 -12.0 6.0 -22.0 -8.0 -14.0
92.0 -12.0 12.0 -18.0 -8.0 -8.0
94.0 -12.0 12.0 -10.0 -2.0 -14.0
94.0 -20.0 12.0 -10.0 0.0 -8.0
94.0 -16.0 6.0 -20.0 0.0 -18.0
84.0 -16.0 6.0 -22.0 -2.0 -20.0
84.0 -14.0 8.0 -22.0 -2.0 -20.0
88.0 -14.0 10.0 -22.0 -2.0 -14.0
88.0 -18.0 8.0 -22.0 -2.0 -10.0
88.0 -18.0 4.0 -22.0 -2.0 -6.0
86.0 -22.0 4.0 -20.0 -2.0 -6.0
86.0 -12.0 4.0 -26.0 -2.0 -6.0
100.0 -14.0 6.0 -22.0 0.0 -10.0
100.0 -14.0 8.0 -22.0 -6.0 -14.0
100.0 -16.0 8.0 -22.0 -8.0 -12.0
100.0 -16.0 8.0 -18.0 -8.0 -12.0
100.0 -16.0 0.0 -24.0 -6.0 -12.0
100.0 -16.0 -8.0 -24.0 -6.0 -14.0
96.0 -12.0 -8.0 -26.0 -8.0 -16.0
76.0 -14.0 -8.0 -26.0 -8.0 -16.0
44.0 -14.0 -10.0 -32.0 -8.0 -20.0
24.0 -14.0 -14.0 -42.0 -8.0 -14.0
-24.0 -16.0 -18.0 -48.0 -8.0 -20.0
-30.0 -16.0 -26.0 -48.0 -8.0 -14.0
-48.0 -16.0 -26.0 -48.0 -8.0 -14.0
-74.0 -18.0 -30.0 -50.0 -8.0 -14.0
-80.0 -14.0 -30.0 -50.0 -12.0 -16.0
-80.0 -10.0 -32.0 -50.0 -16.0 -16.0
-80.0 -10.0 -34.0 -42.0 -16.0 -16.0
-80.0 -10.0 -34.0 -40.0 -10.0 -8.0
-84.0 -8.0 -26.0 -36.0 -6.0 -8.0
-84.0 -8.0 -18.0 -38.0 -10.0 -8.0
-80.0 -8.0 -18.0 -28.0 -6.0 -2.0
-66.0 -4.0 -18.0 -38.0 -6.0 -2.0
-64.0 -4.0 -12.0 -20.0 -6.0 -2.0
-38.0 -6.0 -8.0 -20.0 -8.0 -2.0
-28.0 -6.0 -8.0 -8.0 -8.0 -2.0
-28.0 -4.0 -8.0 -8.0 -4.0 -2.0
-28.0 0.0 -8.0 -4.0 0.0 -2.0
-22.0 6.0 -6.0 0.0 0.0 2.0
-18.0 6.0 -4.0 0.0 6.0 2.0
-18.0 2.0 -4.0 -2.0 4.0 -2.0
-18.0 2.0 -6.0 -6.0 4.0 -2.0
-18.0 -4.0 -12.0 -12.0 4.0 0.0
-12.0 -8.0 -14.0 -12.0 0.0 2.0
0.0 -8.0 -18.0 -8.0 -2.0 8.0
4.0 -2.0 -14.0 -2.0 -4.0 2.0
4.0 2.0 -8.0 2.0 -4.0 8.0
4.0 2.0 -6.0 2.0 -4.0 -2.0
4.0 2.0 -6.0 4.0 0.0 14.0
4.0 2.0 -8.0 0.0 0.0 -2.0
4.0 0.0 -8.0 6.0 2.0 -2.0
8.0 2.0 -2.0 6.0 0.0 -2.0
12.0 0.0 -2.0 8.0 0.0 4.0
12.0 2.0 -6.0 8.0 0.0 4.0
16.0 0.0 -6.0 4.0 -2.0 4.0
10.0 2.0 -6.0 4.0 -4.0 2.0
10.0 0.0 -6.0 2.0 -4.0 2.0
10.0 -2.0 -6.0 0.0 -4.0 2.0
4.0 -4.0 -12.0 -2.0 -10.0 -2.0
10.0 -4.0 -12.0 0.0 0.0 2.0
10.0 -4.0 -12.0 0.0 -2.0 -2.0
10.0 -2.0 -8.0 4.0 -2.0 2.0
10.0 -4.0 -8.0 4.0 -2.0 -10.0
4.0 -4.0 -8.0 -2.0 4.0 2.0
0.0 -4.0 -8.0 -2.0 4.0 2.0
0.0 -4.0 -8.0 -4.0 0.0 2.0
4.0 -4.0 -8.0 0.0 0.0 10.0
6.0 -4.0 -8.0 0.0 0.0 0.0
10.0 0.0 -12.0 4.0 -2.0 -2.0
10.0 0.0 -12.0 4.0 -2.0 -2.0
10.0 6.0 -2.0 0.0 -2.0 2.0
8.0 -4.0 -2.0 0.0 -2.0 8.0
8.0 -4.0 -2.0 0.0 -2.0 8.0
6.0 -4.0 -10.0 4.0 -2.0 4.0
6.0 0.0 -10.0 0.0 -2.0 4.0
8.0 0.0 -10.0 0.0 -2.0 4.0
8.0 0.0 0.0 0.0 -2.0 4.0
8.0 -2.0 2.0 0.0 0.0 4.0
6.0 0.0 2.0 2.0 0.0 8.0
4.0 -6.0 0.0 0.0 -2.0 8.0
4.0 2.0 -6.0 0.0 -4.0 6.0
10.0 -8.0 -6.0 0.0 -4.0 6.0
12.0 4.0 -6.0 0.0 -4.0 0.0
12.0 -2.0 -8.0 -2.0 -2.0 2.0
8.0 -2.0 -6.0 4.0 -6.0 2.0
8.0 -2.0 -2.0 -2.0 -2.0 4.0
8.0 -2.0 -2.0 -2.0 -4.0 4.0
14.0 -2.0 0.0 -2.0 -4.0 -2.0
14.0 -4.0 2.0 0.0 -6.0 -2.0
6.0 -4.0 4.0 0.0 -6.0 -2.0
6.0 -6.0 4.0 2.0 -4.0 0.0
-2.0 -4.0 4.0 0.0 -4.0 0.0
-2.0 -4.0 -6.0 0.0 -4.0 4.0
10.0 0.0 -6.0 -6.0 2.0 12.0
10.0 0.0 -6.0 -6.0 2.0 6.0
10.0 -6.0 -4.0 2.0 -2.0 12.0
6.0 -6.0 -6.0 2.0 -2.0 6.0
6.0 -6.0 2.0 2.0 2.0 -4.0
10.0 0.0 -6.0 2.0 2.0 -4.0
10.0 -4.0 0.0 2.0 4.0 -4.0
4.0 0.0 -4.0 0.0 4.0 0.0
4.0 -4.0 -2.0 0.0 0.0 0.0
6.0 -2.0 -2.0 0.0 0.0 0.0
10.0 -4.0 -2.0 0.0 -2.0 -4.0
20.0 -2.0 0.0 0.0 -2.0 2.0
20.0 -2.0 0.0 -2.0 -2.0 -4.0
20.0 2.0 0.0 -2.0 -2.0 2.0
22.0 2.0 -2.0 2.0 -2.0 4.0
22.0 -8.0 8.0 2.0 -2.0 4.0
22.0 -8.0 -8.0 0.0 2.0 4.0
20.0 -10.0 -2.0 0.0 0.0 4.0
20.0 -6.0 -2.0 0.0 2.0 -2.0
20.0 -6.0 -2.0 0.0 2.0 -2.0
20.0 -4.0 -2.0 0.0 2.0 -2.0
20.0 -4.0 -2.0 -8.0 2.0 -2.0
20.0 0.0 -2.0 -10.0 4.0 -6.0
20.0 0.0 4.0 -10.0 4.0 -6.0
20.0 0.0 4.0 0.0 4.0 -4.0
16.0 0.0 4.0 0.0 -6.0 -2.0
10.0 0.0 -4.0 4.0 -6.0 2.0
10.0 0.0 -10.0 0.0 -8.0 4.0
20.0 -2.0 -12.0 -2.0 -6.0 4.0
20.0 2.0 -10.0 -8.0 -6.0 4.0
20.0 -4.0 -4.0 -2.0 -2.0 2.0
18.0 -2.0 0.0 0.0 4.0 10.0
16.0 -2.0 0.0 0.0 2.0 2.0
16.0 0.0 4.0 -2.0 2.0 0.0
22.0 0.0 0.0 -2.0 2.0 -4.0
22.0 -2.0 2.0 -2.0 -4.0 0.0
20.0 -4.0 0.0 -2.0 -2.0 -4.0
20.0 -2.0 0.0 -6.0 -2.0 -2.0
20.0 6.0 0.0 -2.0 2.0 -2.0
20.0 6.0 4.0 -10.0 6.0 2.0
24.0 0.0 8.0 -6.0 6.0 2.0
20.0 -4.0 4.0 -6.0 2.0 8.0
20.0 -4.0 2.0 0.0 0.0 8.0
20.0 -6.0 2.0 0.0 -6.0 8.0
18.0 2.0 4.0 0.0 -10.0 -2.0
20.0 0.0 4.0 -2.0 -6.0 -2.0
18.0 0.0 2.0 0.0 -2.0 -4.0
16.0 0.0 0.0 -2.0 -2.0 -6.0
16.0 -2.0 -10.0 -2.0 4.0 -6.0
16.0 -2.0 0.0 -2.0 -2.0 6.0
20.0 4.0 4.0 -2.0 -2.0 6.0
16.0 4.0 4.0 0.0 -2.0 6.0
20.0 -8.0 4.0 0.0 2.0 4.0
18.0 -8.0 4.0 0.0 4.0 6.0
20.0 -2.0 4.0 2.0 2.0 2.0
18.0 0.0 4.0 0.0 4.0 2.0
18.0 0.0 2.0 0.0 -2.0 -2.0
18.0 2.0 -2.0 -2.0 -2.0 -2.0
18.0 2.0 2.0 -4.0 -2.0 0.0
22.0 0.0 2.0 -6.0 -2.0 0.0
22.0 0.0 2.0 -4.0 0.0 0.0
26.0 -4.0 2.0 0.0 -2.0 0.0
26.0 2.0 2.0 0.0 0.0 2.0
18.0 2.0 -6.0 0.0 0.0 4.0
18.0 6.0 -6.0 2.0 0.0 4.0
20.0 2.0 -6.0 -2.0 0.0 4.0
20.0 -2.0 4.0 -2.0 -2.0 4.0
14.0 -2.0 4.0 -2.0 2.0 4.0
14.0 0.0 4.0 0.0 -8.0 4.0
14.0 0.0 -2.0 0.0 2.0 4.0
14.0 0.0 -2.0 0.0 -2.0 -6.0
16.0 0.0 2.0 0.0 -2.0 4.0
14.0 0.0 8.0 -2.0 -2.0 -2.0
16.0 0.0 2.0 -2.0 -2.0 2.0
18.0 4.0 0.0 -2.0 0.0 0.0
22.0 4.0 0.0 0.0 -2.0 2.0
22.0 4.0 0.0 2.0 2.0 6.0
20.0 2.0 0.0 2.0 4.0 6.0
18.0 2.0 -2.0 2.0 6.0 4.0
14.0 0.0 -2.0 0.0 4.0 4.0
14.0 -4.0 -2.0 0.0 2.0 4.0
14.0 -4.0 -6.0 -4.0 2.0 -2.0
14.0 -4.0 -2.0 -2.0 -2.0 -6.0
16.0 -2.0 -2.0 -2.0 -2.0 -6.0
16.0 -2.0 -2.0 -2.0 -2.0 -2.0
14.0 2.0 -2.0 2.0 -2.0 6.0
14.0 2.0 -8.0 2.0 -2.0 6.0
20.0 2.0 -8.0 2.0 -2.0 6.0
