# Target: wrist_up
# Dominant_Vision: Open Hand
0.0 12.0 0.0 -12.0 -2.0 0.0
0.0 8.0 0.0 -8.0 -2.0 4.0
-4.0 8.0 -6.0 -8.0 -2.0 4.0
-6.0 8.0 -12.0 -8.0 -6.0 6.0
-8.0 8.0 -6.0 -12.0 -4.0 2.0
-10.0 8.0 -2.0 -12.0 -4.0 -4.0
-8.0 12.0 0.0 -12.0 -4.0 -4.0
-10.0 12.0 0.0 -6.0 -2.0 -2.0
0.0 12.0 0.0 -6.0 -2.0 -2.0
-4.0 12.0 0.0 -6.0 -2.0 -2.0
0.0 12.0 2.0 -8.0 -8.0 -2.0
-4.0 10.0 -2.0 -4.0 -10.0 2.0
-8.0 10.0 2.0 -8.0 -10.0 2.0
-8.0 16.0 2.0 -6.0 -10.0 6.0
-8.0 16.0 2.0 -14.0 -6.0 6.0
-4.0 10.0 -6.0 -12.0 -6.0 6.0
-4.0 8.0 -6.0 -14.0 -8.0 4.0
-4.0 4.0 -2.0 -12.0 -8.0 4.0
-4.0 4.0 4.0 -14.0 -8.0 4.0
-4.0 4.0 -2.0 -12.0 -8.0 4.0
0.0 8.0 -2.0 -12.0 -8.0 4.0
0.0 2.0 -10.0 -10.0 -8.0 2.0
-2.0 10.0 -10.0 -4.0 -8.0 2.0
-6.0 8.0 -2.0 -10.0 -8.0 2.0
-4.0 8.0 -2.0 -16.0 -4.0 6.0
-6.0 8.0 0.0 -16.0 -4.0 10.0
-8.0 10.0 0.0 -8.0 -4.0 10.0
-8.0 10.0 0.0 -8.0 -8.0 10.0
-12.0 10.0 -2.0 -14.0 -10.0 8.0
-8.0 10.0 -2.0 -14.0 -10.0 4.0
-8.0 10.0 0.0 -14.0 -2.0 4.0
8.0 12.0 0.0 -14.0 -2.0 4.0
10.0 10.0 6.0 -2.0 -4.0 4.0
10.0 10.0 2.0 4.0 -4.0 2.0
10.0 10.0 2.0 10.0 -6.0 2.0
-2.0 6.0 2.0 10.0 -8.0 6.0
-6.0 8.0 -2.0 -10.0 -14.0 6.0
-18.0 8.0 -2.0 -16.0 -12.0 -2.0
-28.0 8.0 -4.0 -10.0 -12.0 -2.0
-42.0 12.0 -8.0 -12.0 -12.0 0.0
-60.0 12.0 -8.0 -12.0 -18.0 0.0
-92.0 2.0 -10.0 -16.0 -18.0 -2.0
-100.0 -4.0 -14.0 -16.0 -18.0 -2.0
-100.0 -4.0 -14.0 -14.0 -26.0 -12.0
-100.0 -4.0 -14.0 62.0 -26.0 -12.0
-100.0 -14.0 -14.0 84.0 -30.0 -24.0
-100.0 -16.0 -14.0 84.0 -30.0 -24.0
-74.0 -16.0 -2.0 62.0 -30.0 -24.0
-46.0 -16.0 -2.0 56.0 -26.0 -20.0
28.0 -30.0 -6.0 28.0 -26.0 -24.0
72.0 -36.0 -6.0 -4.0 -18.0 -16.0
100.0 -54.0 -4.0 -4.0 -4.0 -14.0
100.0 -54.0 -4.0 6.0 -4.0 -14.0
100.0 -48.0 -2.0 10.0 -10.0 -18.0
100.0 -48.0 6.0 24.0 -10.0 -18.0
100.0 -58.0 6.0 28.0 -6.0 -12.0
100.0 -58.0 2.0 46.0 -6.0 -12.0
100.0 -62.0 2.0 48.0 -6.0 -14.0
100.0 -62.0 20.0 50.0 4.0 -16.0
100.0 -62.0 22.0 52.0 4.0 -18.0
100.0 -64.0 30.0 52.0 -10.0 -16.0
100.0 -66.0 30.0 52.0 -10.0 -18.0
100.0 -70.0 30.0 46.0 0.0 -16.0
100.0 -70.0 30.0 52.0 2.0 -16.0
100.0 -64.0 30.0 50.0 2.0 -16.0
100.0 -62.0 28.0 52.0 -2.0 -16.0
100.0 -60.0 28.0 50.0 -6.0 -22.0
100.0 -60.0 26.0 36.0 -6.0 -22.0
100.0 -60.0 26.0 36.0 -8.0 -22.0
100.0 -66.0 26.0 36.0 -10.0 -20.0
100.0 -54.0 22.0 36.0 -12.0 -22.0
100.0 -60.0 18.0 34.0 -10.0 -20.0
100.0 -60.0 20.0 30.0 -12.0 -20.0
100.0 -60.0 16.0 28.0 -8.0 -20.0
100.0 -58.0 10.0 26.0 -10.0 -30.0
100.0 -58.0 10.0 24.0 -8.0 -30.0
100.0 -62.0 10.0 24.0 -8.0 -22.0
100.0 -70.0 8.0 20.0 -8.0 -18.0
100.0 -70.0 8.0 8.0 -8.0 -18.0
100.0 -62.0 -4.0 -6.0 -8.0 -18.0
100.0 -58.0 -8.0 -14.0 -8.0 -20.0
16.0 -62.0 -10.0 -34.0 -24.0 -30.0
-20.0 -48.0 -16.0 -34.0 -24.0 -30.0
-62.0 -58.0 -24.0 -50.0 -24.0 -30.0
-74.0 -58.0 -28.0 -56.0 -24.0 -30.0
-100.0 -58.0 -30.0 -66.0 -28.0 -26.0
-100.0 -58.0 -40.0 -66.0 -28.0 -30.0
-100.0 -48.0 -40.0 -64.0 -28.0 -24.0
-100.0 -48.0 -36.0 -58.0 -28.0 -24.0
-100.0 -40.0 -36.0 -58.0 -28.0 -18.0
-100.0 -34.0 -30.0 -62.0 -28.0 -16.0
-100.0 -34.0 -30.0 -68.0 -28.0 -16.0
-100.0 -34.0 -30.0 -70.0 -18.0 -16.0
-100.0 -34.0 -26.0 -68.0 -18.0 -10.0
-100.0 -32.0 -28.0 -60.0 -16.0 -10.0
-100.0 -20.0 -22.0 -54.0 -16.0 -10.0
-100.0 -20.0 -16.0 -48.0 -16.0 -4.0
-100.0 -20.0 -8.0 -42.0 -16.0 -2.0
-100.0 -20.0 -4.0 -40.0 -12.0 -2.0
-94.0 -16.0 -4.0 -34.0 -12.0 -2.0
-90.0 -16.0 -12.0 -34.0 -12.0 -2.0
-76.0 -16.0 -12.0 -30.0 -14.0 4.0
-64.0 -10.0 -12.0 -30.0 -14.0 8.0
-40.0 -10.0 -12.0 -22.0 -14.0 8.0
-38.0 -10.0 -12.0 -20.0 -4.0 6.0
-10.0 -10.0 -12.0 -22.0 -4.0 0.0
-10.0 -8.0 -8.0 -18.0 -4.0 4.0
-10.0 -6.0 -2.0 -18.0 -12.0 0.0
-6.0 -4.0 6.0 -18.0 -14.0 0.0
-6.0 -4.0 8.0 -20.0 -14.0 0.0
-8.0 -4.0 8.0 -20.0 -10.0 6.0
-8.0 -4.0 -2.0 -24.0 -8.0 6.0
-6.0 -2.0 -10.0 -18.0 -8.0 4.0
-6.0 0.0 -14.0 -20.0 -4.0 4.0
-12.0 0.0 -10.0 -20.0 -4.0 4.0
-12.0 -2.0 -10.0 -20.0 -6.0 6.0
-12.0 -4.0 -8.0 -14.0 -16.0 2.0
-14.0 -4.0 -8.0 -14.0 -12.0 6.0
-14.0 -4.0 0.0 -20.0 -16.0 -6.0
-10.0 -4.0 0.0 -20.0 -12.0 0.0
-10.0 -4.0 2.0 -18.0 -8.0 0.0
-10.0 -4.0 0.0 -18.0 -8.0 2.0
-10.0 -6.0 -10.0 -18.0 -8.0 4.0
-10.0 -14.0 -10.0 -16.0 -10.0 4.0
-14.0 -14.0 0.0 -14.0 -8.0 2.0
-14.0 -14.0 0.0 -14.0 -8.0 2.0
-12.0 -6.0 -2.0 -8.0 -6.0 2.0
-10.0 -2.0 -4.0 -8.0 -4.0 -4.0
-10.0 -6.0 -4.0 -4.0 -4.0 -8.0
-10.0 -2.0 -4.0 -4.0 -8.0 -8.0
-12.0 0.0 -2.0 -12.0 -16.0 0.0
-12.0 0.0 -2.0 -12.0 -16.0 6.0
-10.0 -4.0 -2.0 -12.0 -16.0 4.0
-8.0 -6.0 -2.0 -10.0 -14.0 4.0
-8.0 -6.0 -2.0 -10.0 -12.0 2.0
-12.0 -6.0 -6.0 -10.0 -10.0 2.0
-12.0 -6.0 -6.0 -14.0 -8.0 2.0
-12.0 -2.0 -6.0 -14.0 -8.0 4.0
-10.0 -2.0 -6.0 -8.0 -16.0 4.0
-8.0 -2.0 -8.0 -8.0 -16.0 0.0
-8.0 -2.0 -10.0 -14.0 -14.0 0.0
-14.0 0.0 -8.0 -14.0 -8.0 2.0
-14.0 0.0 0.0 -12.0 -6.0 4.0
-8.0 -6.0 0.0 -8.0 -6.0 4.0
-8.0 -6.0 0.0 -8.0 -4.0 4.0
-8.0 0.0 2.0 -12.0 -8.0 2.0
-8.0 0.0 2.0 -12.0 -8.0 4.0
-6.0 0.0 2.0 -2.0 -8.0 -6.0
-6.0 -4.0 -2.0 0.0 -4.0 2.0
-6.0 -4.0 -2.0 0.0 -4.0 2.0
-6.0 -14.0 -4.0 -6.0 -6.0 2.0
-4.0 -14.0 -2.0 -12.0 -6.0 4.0
-4.0 -10.0 0.0 -12.0 -6.0 2.0
-4.0 0.0 0.0 -10.0 -10.0 2.0
-2.0 -10.0 6.0 -10.0 -4.0 2.0
-2.0 2.0 4.0 -4.0 -4.0 2.0
-6.0 -10.0 4.0 -4.0 -4.0 0.0
-6.0 0.0 2.0 -4.0 -4.0 0.0
-6.0 -14.0 0.0 -14.0 -6.0 2.0
-8.0 -14.0 -2.0 -6.0 -8.0 2.0
-10.0 -14.0 -2.0 -6.0 -8.0 0.0
-10.0 -10.0 2.0 -2.0 -8.0 0.0
-12.0 -10.0 2.0 -2.0 -6.0 0.0
-2.0 -8.0 -4.0 -4.0 -6.0 0.0
-2.0 -4.0 -4.0 -10.0 -6.0 0.0
-2.0 -4.0 0.0 -12.0 -8.0 0.0
-8.0 -4.0 4.0 -12.0 -8.0 -2.0
-10.0 -10.0 4.0 -12.0 -6.0 -2.0
-16.0 -10.0 4.0 -8.0 -2.0 2.0
-16.0 -6.0 4.0 -6.0 -2.0 2.0
-10.0 0.0 0.0 -6.0 -6.0 -8.0
-10.0 0.0 0.0 -6.0 -6.0 -8.0
-8.0 -6.0 2.0 -6.0 -6.0 -10.0
-8.0 -6.0 2.0 -8.0 -4.0 -2.0
-12.0 -6.0 0.0 -8.0 -4.0 -2.0
-12.0 -4.0 -8.0 -8.0 -4.0 4.0
-10.0 -6.0 -8.0 -4.0 -6.0 4.0
-10.0 -6.0 2.0 -4.0 -6.0 2.0
-10.0 -6.0 2.0 -4.0 -10.0 2.0
-10.0 -6.0 2.0 -8.0 -10.0 2.0
-10.0 -6.0 2.0 0.0 -8.0 4.0
-4.0 -6.0 2.0 -8.0 -8.0 4.0
-4.0 -12.0 2.0 -8.0 -12.0 4.0
-4.0 -6.0 -4.0 -12.0 -12.0 8.0
-4.0 -8.0 -4.0 -8.0 -6.0 2.0
-4.0 -6.0 -4.0 -4.0 -6.0 4.0
-10.0 -2.0 -6.0 0.0 -6.0 4.0
-10.0 0.0 -6.0 0.0 -8.0 4.0
-2.0 0.0 -6.0 0.0 -6.0 2.0
4.0 -6.0 -10.0 0.0 -6.0 2.0
2.0 -6.0 -10.0 0.0 -6.0 2.0
4.0 -2.0 4.0 0.0 -6.0 6.0
2.0 -2.0 4.0 -2.0 -8.0 -2.0
2.0 -8.0 8.0 -2.0 -8.0 -2.0
2.0 -8.0 0.0 -2.0 -8.0 -2.0
2.0 2.0 -2.0 -6.0 -8.0 2.0
2.0 2.0 -2.0 -6.0 -8.0 6.0
2.0 -4.0 -2.0 -12.0 -4.0 6.0
-2.0 -4.0 4.0 -12.0 -4.0 4.0
2.0 -4.0 -2.0 -6.0 -10.0 4.0
8.0 -4.0 -2.0 -4.0 -10.0 4.0
8.0 -14.0 -2.0 -4.0 -8.0 2.0
0.0 -6.0 0.0 -4.0 -4.0 -2.0
-2.0 -6.0 0.0 -20.0 -4.0 2.0
-2.0 -6.0 0.0 -2.0 -4.0 -2.0
4.0 -6.0 2.0 -4.0 -6.0 2.0
4.0 -8.0 2.0 0.0 -6.0 8.0
-2.0 -6.0 6.0 -4.0 -6.0 8.0
-2.0 -4.0 6.0 0.0 -6.0 6.0
2.0 -4.0 0.0 -8.0 -6.0 6.0
2.0 -8.0 0.0 -8.0 -6.0 4.0
2.0 -8.0 0.0 -8.0 -6.0 4.0
0.0 -8.0 -2.0 -6.0 -2.0 4.0
-2.0 -8.0 0.0 -6.0 -2.0 -2.0
0.0 -8.0 2.0 -8.0 -16.0 -2.0
4.0 -8.0 2.0 -10.0 -16.0 -2.0
4.0 -6.0 0.0 -8.0 -12.0 0.0
2.0 -6.0 0.0 -10.0 -12.0 0.0
2.0 -4.0 4.0 -4.0 -12.0 4.0
2.0 -4.0 4.0 -6.0 -12.0 4.0
2.0 -4.0 2.0 -4.0 -2.0 4.0
2.0 -6.0 -6.0 -4.0 -8.0 4.0
-4.0 -6.0 2.0 -4.0 -6.0 4.0
-4.0 -8.0 -6.0 -6.0 -8.0 -4.0
-2.0 -8.0 2.0 -6.0 -14.0 2.0
6.0 -8.0 2.0 -4.0 -14.0 2.0
2.0 -10.0 2.0 -4.0 -10.0 2.0
2.0 -10.0 2.0 -16.0 -8.0 8.0
