# Target: wrist_up
# Dominant_Vision: Open Hand
-2.0 -4.0 0.0 -10.0 -4.0 2.0
-4.0 -10.0 0.0 0.0 -4.0 0.0
-4.0 -16.0 -2.0 0.0 -6.0 -6.0
-4.0 -16.0 -2.0 2.0 -6.0 -6.0
-2.0 -14.0 6.0 2.0 0.0 -6.0
-2.0 -14.0 6.0 0.0 2.0 -2.0
-2.0 -14.0 2.0 -2.0 4.0 -6.0
-2.0 -18.0 0.0 -8.0 4.0 -4.0
-2.0 -14.0 0.0 -2.0 -2.0 -4.0
-8.0 -12.0 0.0 -2.0 -8.0 -4.0
-16.0 -12.0 -6.0 -2.0 -8.0 -8.0
-10.0 -12.0 -6.0 4.0 -8.0 -8.0
-10.0 -14.0 2.0 4.0 -12.0 -6.0
-10.0 -14.0 2.0 4.0 -12.0 -2.0
-12.0 -14.0 2.0 -4.0 -8.0 -2.0
-12.0 -20.0 -2.0 -4.0 -8.0 -6.0
-10.0 -14.0 0.0 -4.0 -8.0 -8.0
-10.0 -14.0 0.0 2.0 -2.0 -6.0
-8.0 -14.0 2.0 2.0 0.0 -4.0
-10.0 -18.0 2.0 -2.0 0.0 -2.0
-12.0 -18.0 -4.0 -2.0 -2.0 0.0
-14.0 -12.0 -4.0 2.0 -4.0 0.0
-14.0 -12.0 -4.0 6.0 -10.0 -2.0
-6.0 -14.0 4.0 6.0 -10.0 -6.0
-4.0 -18.0 4.0 2.0 -10.0 -10.0
-4.0 -18.0 -4.0 0.0 -4.0 -6.0
-4.0 -20.0 -4.0 2.0 -4.0 -10.0
-2.0 -20.0 2.0 2.0 0.0 0.0
16.0 -14.0 6.0 10.0 -4.0 -2.0
42.0 -14.0 6.0 10.0 6.0 -2.0
50.0 -12.0 4.0 12.0 0.0 -6.0
50.0 -12.0 0.0 10.0 2.0 -6.0
50.0 -12.0 0.0 12.0 0.0 -6.0
50.0 -22.0 6.0 10.0 -6.0 -16.0
24.0 -26.0 6.0 4.0 -8.0 -16.0
24.0 -22.0 -8.0 -2.0 -8.0 -16.0
48.0 -20.0 -8.0 -8.0 -8.0 -18.0
60.0 -20.0 -8.0 -18.0 -10.0 -22.0
72.0 -22.0 -8.0 -18.0 -16.0 -22.0
86.0 -26.0 -8.0 -26.0 -10.0 -22.0
100.0 -32.0 -8.0 -26.0 -10.0 -24.0
100.0 -32.0 -2.0 -26.0 -10.0 -24.0
100.0 -34.0 -2.0 -28.0 -10.0 -22.0
100.0 -38.0 2.0 -28.0 -10.0 -22.0
100.0 -38.0 4.0 -28.0 -6.0 -28.0
100.0 -40.0 4.0 -28.0 -2.0 -28.0
100.0 -44.0 2.0 -24.0 -2.0 -28.0
100.0 -48.0 -2.0 -24.0 -2.0 -20.0
100.0 -48.0 -2.0 -24.0 -2.0 -20.0
100.0 -50.0 10.0 -24.0 0.0 -20.0
100.0 -52.0 10.0 -28.0 0.0 -24.0
98.0 -52.0 10.0 -28.0 0.0 -24.0
86.0 -52.0 12.0 -30.0 -4.0 -24.0
80.0 -52.0 12.0 -34.0 -4.0 -20.0
74.0 -52.0 12.0 -30.0 -2.0 -28.0
58.0 -52.0 6.0 -34.0 -2.0 -20.0
52.0 -52.0 6.0 -30.0 -2.0 -22.0
52.0 -52.0 6.0 -38.0 -2.0 -22.0
50.0 -52.0 6.0 -30.0 -6.0 -22.0
60.0 -52.0 12.0 -28.0 -2.0 -22.0
56.0 -46.0 12.0 -24.0 -6.0 -30.0
56.0 -46.0 12.0 -24.0 -8.0 -36.0
52.0 -46.0 10.0 -28.0 -8.0 -36.0
44.0 -52.0 10.0 -30.0 -4.0 -22.0
38.0 -52.0 8.0 -28.0 -2.0 -22.0
38.0 -50.0 8.0 -28.0 -2.0 -22.0
38.0 -48.0 8.0 -24.0 -4.0 -24.0
34.0 -50.0 14.0 -24.0 -4.0 -22.0
38.0 -52.0 14.0 -24.0 0.0 -24.0
36.0 -56.0 14.0 -26.0 2.0 -28.0
38.0 -52.0 12.0 -28.0 4.0 -28.0
44.0 -56.0 10.0 -30.0 4.0 -26.0
44.0 -56.0 10.0 -30.0 2.0 -24.0
42.0 -56.0 10.0 -26.0 -4.0 -24.0
42.0 -48.0 10.0 -22.0 0.0 -24.0
42.0 -48.0 10.0 -22.0 0.0 -24.0
42.0 -48.0 4.0 -28.0 0.0 -24.0
42.0 -52.0 4.0 -28.0 -6.0 -24.0
38.0 -52.0 6.0 -28.0 -6.0 -24.0
36.0 -40.0 12.0 -36.0 -4.0 -24.0
36.0 -40.0 12.0 -36.0 -4.0 -26.0
36.0 -44.0 12.0 -32.0 -8.0 -26.0
36.0 -50.0 14.0 -32.0 -8.0 -26.0
34.0 -52.0 12.0 -34.0 -8.0 -24.0
42.0 -56.0 12.0 -34.0 -4.0 -24.0
44.0 -56.0 0.0 -34.0 -2.0 -16.0
48.0 -56.0 0.0 -32.0 -4.0 -16.0
48.0 -56.0 2.0 -24.0 -2.0 -22.0
48.0 -48.0 2.0 -24.0 -8.0 -24.0
62.0 -48.0 2.0 -24.0 -2.0 -24.0
64.0 -48.0 0.0 -20.0 -2.0 -30.0
84.0 -46.0 0.0 -20.0 -2.0 -30.0
98.0 -48.0 0.0 -38.0 -8.0 -28.0
98.0 -46.0 -2.0 -38.0 -12.0 -28.0
80.0 -48.0 -4.0 -28.0 -12.0 -24.0
60.0 -48.0 -4.0 -28.0 -12.0 -22.0
48.0 -50.0 -12.0 -34.0 -12.0 -22.0
-16.0 -48.0 -20.0 -44.0 -16.0 -24.0
-26.0 -48.0 -22.0 -56.0 -16.0 -24.0
-44.0 -48.0 -24.0 -56.0 -16.0 -22.0
-56.0 -44.0 -26.0 -58.0 -14.0 -22.0
-78.0 -48.0 -24.0 -50.0 -12.0 -22.0
-92.0 -48.0 -30.0 -48.0 -12.0 -20.0
-100.0 -48.0 -20.0 -46.0 -12.0 -22.0
-100.0 -48.0 -32.0 -48.0 -12.0 -22.0
-100.0 -34.0 -20.0 -46.0 -12.0 -22.0
-100.0 -32.0 -30.0 -52.0 -10.0 -14.0
-100.0 -32.0 -30.0 -44.0 -12.0 -10.0
-100.0 -36.0 -30.0 -36.0 -8.0 -8.0
-100.0 -36.0 -22.0 -36.0 -8.0 -4.0
-100.0 -26.0 -20.0 -32.0 -4.0 -4.0
-100.0 -24.0 -18.0 -24.0 4.0 -8.0
-100.0 -20.0 -16.0 -24.0 4.0 -8.0
-100.0 -20.0 -6.0 -24.0 -6.0 -8.0
-100.0 -24.0 -6.0 -24.0 -10.0 -4.0
-80.0 -24.0 -6.0 -18.0 -10.0 -4.0
-78.0 -22.0 -6.0 -14.0 0.0 -2.0
-68.0 -18.0 -4.0 -8.0 0.0 -2.0
-50.0 -20.0 -4.0 -4.0 -4.0 -2.0
-34.0 -18.0 -2.0 -4.0 -4.0 -2.0
-34.0 -12.0 -4.0 4.0 -4.0 -2.0
-34.0 -12.0 -2.0 4.0 0.0 0.0
-26.0 -14.0 0.0 2.0 0.0 0.0
-20.0 -18.0 2.0 -8.0 0.0 0.0
-10.0 -24.0 0.0 2.0 0.0 0.0
-10.0 -24.0 -4.0 2.0 2.0 -2.0
-12.0 -20.0 -12.0 8.0 2.0 -2.0
-12.0 -20.0 -12.0 8.0 2.0 -2.0
-12.0 -20.0 -12.0 6.0 2.0 -2.0
-12.0 -20.0 -12.0 6.0 0.0 2.0
-12.0 -14.0 -12.0 6.0 0.0 0.0
-14.0 -14.0 -12.0 6.0 0.0 0.0
-16.0 -14.0 -12.0 6.0 0.0 0.0
-16.0 -16.0 -12.0 0.0 -2.0 -4.0
-16.0 -14.0 -12.0 2.0 -2.0 0.0
-16.0 -16.0 -8.0 0.0 -2.0 -4.0
-16.0 -18.0 -6.0 -2.0 -2.0 0.0
-22.0 -24.0 -8.0 -2.0 2.0 -4.0
-16.0 -24.0 -6.0 4.0 -6.0 -4.0
-16.0 -24.0 -6.0 10.0 -2.0 -4.0
-14.0 -24.0 -4.0 6.0 -2.0 4.0
-12.0 -18.0 -6.0 6.0 -2.0 4.0
-14.0 -20.0 -8.0 4.0 -2.0 4.0
-16.0 -20.0 -8.0 0.0 -4.0 4.0
-20.0 -20.0 -4.0 0.0 0.0 -8.0
-18.0 -20.0 -4.0 -2.0 -6.0 -8.0
-18.0 -26.0 -4.0 -2.0 0.0 -4.0
-18.0 -26.0 -4.0 8.0 0.0 2.0
-16.0 -16.0 -6.0 8.0 0.0 4.0
-16.0 -16.0 -6.0 6.0 0.0 2.0
-20.0 -14.0 -2.0 -4.0 -2.0 -2.0
-20.0 -18.0 -2.0 -4.0 -4.0 -2.0
-14.0 -16.0 0.0 -2.0 -4.0 -4.0
-14.0 -18.0 0.0 4.0 -4.0 -2.0
-22.0 -16.0 0.0 4.0 -4.0 -4.0
-22.0 -22.0 0.0 4.0 0.0 -2.0
-22.0 -16.0 0.0 0.0 -2.0 -4.0
-18.0 -12.0 0.0 0.0 0.0 -4.0
-18.0 -12.0 -2.0 0.0 -2.0 -4.0
-14.0 -20.0 -2.0 6.0 -2.0 -4.0
-22.0 -20.0 -4.0 6.0 -2.0 0.0
-18.0 -14.0 -10.0 4.0 -4.0 0.0
-22.0 -14.0 -10.0 2.0 -4.0 0.0
-22.0 -16.0 0.0 2.0 -4.0 0.0
-22.0 -16.0 2.0 2.0 -4.0 0.0
-22.0 -22.0 2.0 4.0 -2.0 -6.0
-18.0 -16.0 2.0 0.0 -4.0 4.0
-20.0 -16.0 -4.0 2.0 -4.0 -4.0
-20.0 -16.0 0.0 0.0 -6.0 -2.0
-24.0 -16.0 -10.0 2.0 -6.0 -4.0
-24.0 -14.0 0.0 -4.0 -4.0 -2.0
-18.0 -12.0 -4.0 4.0 -4.0 0.0
-18.0 -14.0 0.0 6.0 -4.0 2.0
-18.0 -16.0 -2.0 6.0 -4.0 2.0
-22.0 -16.0 -2.0 6.0 -4.0 2.0
-22.0 -16.0 -2.0 0.0 0.0 -14.0
-22.0 -16.0 -2.0 8.0 0.0 -14.0
-22.0 -12.0 2.0 4.0 0.0 -14.0
-22.0 -18.0 2.0 4.0 0.0 -4.0
-22.0 -20.0 -10.0 2.0 -10.0 -4.0
-22.0 -20.0 -10.0 0.0 0.0 2.0
-20.0 -16.0 -4.0 2.0 -10.0 -10.0
-20.0 -16.0 -4.0 4.0 -4.0 -8.0
-20.0 -16.0 0.0 4.0 -4.0 -8.0
-20.0 -18.0 0.0 2.0 2.0 -2.0
-14.0 -16.0 0.0 2.0 2.0 -2.0
-14.0 -18.0 0.0 2.0 2.0 -2.0
-16.0 -18.0 -4.0 4.0 0.0 -2.0
-16.0 -18.0 -4.0 4.0 -4.0 -2.0
-16.0 -16.0 -4.0 6.0 -4.0 2.0
-14.0 -14.0 -6.0 6.0 2.0 2.0
-14.0 -14.0 -4.0 -4.0 2.0 4.0
-12.0 -14.0 -6.0 -4.0 6.0 -2.0
-14.0 -14.0 -2.0 0.0 8.0 4.0
-14.0 -20.0 -2.0 12.0 6.0 4.0
-18.0 -20.0 -2.0 6.0 8.0 4.0
-20.0 -20.0 0.0 6.0 -4.0 0.0
-24.0 -14.0 2.0 2.0 -4.0 -2.0
-24.0 -14.0 2.0 2.0 -4.0 0.0
-24.0 -18.0 2.0 2.0 -4.0 0.0
-18.0 -18.0 0.0 2.0 6.0 4.0
-18.0 -18.0 -4.0 0.0 6.0 4.0
-18.0 -12.0 -4.0 0.0 6.0 4.0
-18.0 -16.0 -2.0 2.0 0.0 2.0
-22.0 -16.0 -2.0 2.0 0.0 2.0
-22.0 -16.0 -6.0 6.0 0.0 4.0
-14.0 -12.0 -6.0 6.0 0.0 4.0
-14.0 -12.0 -6.0 2.0 0.0 4.0
-18.0 -18.0 0.0 2.0 0.0 4.0
-20.0 -20.0 4.0 14.0 6.0 -2.0
-18.0 -20.0 4.0 14.0 6.0 -2.0
-20.0 -16.0 -4.0 -4.0 -6.0 -2.0
-14.0 -16.0 -6.0 -4.0 -6.0 -4.0
-16.0 -20.0 -6.0 0.0 -6.0 -4.0
-16.0 -20.0 -6.0 0.0 2.0 -6.0
-18.0 -18.0 4.0 4.0 2.0 -6.0
-24.0 -14.0 4.0 0.0 -2.0 -4.0
-20.0 -14.0 -10.0 -2.0 -4.0 -4.0
-20.0 -18.0 -10.0 -4.0 -4.0 -4.0
-16.0 -20.0 0.0 -2.0 -4.0 -4.0
-12.0 -18.0 0.0 4.0 -2.0 -2.0
-12.0 -16.0 0.0 14.0 -2.0 0.0
-16.0 -16.0 0.0 10.0 -2.0 0.0
-16.0 -16.0 0.0 10.0 0.0 0.0
-18.0 -16.0 2.0 10.0 0.0 0.0
-18.0 -18.0 2.0 0.0 0.0 0.0
-18.0 -18.0 2.0 2.0 2.0 0.0
-18.0 -22.0 2.0 2.0 2.0 -4.0
-18.0 -20.0 2.0 2.0 2.0 -6.0
