# Target: wrist_up
# Dominant_Vision: Open Hand
0.0 0.0 -4.0 4.0 0.0 4.0
4.0 0.0 -6.0 0.0 -2.0 4.0
6.0 -2.0 -6.0 4.0 -2.0 8.0
4.0 -2.0 -6.0 2.0 -2.0 8.0
4.0 -2.0 -4.0 4.0 4.0 6.0
4.0 -2.0 -4.0 12.0 -6.0 6.0
8.0 -2.0 -4.0 12.0 -4.0 6.0
8.0 2.0 -4.0 8.0 -10.0 10.0
10.0 4.0 -2.0 6.0 -4.0 8.0
10.0 4.0 -2.0 6.0 -4.0 8.0
10.0 4.0 -2.0 10.0 -4.0 8.0
10.0 0.0 -2.0 10.0 -2.0 8.0
8.0 0.0 2.0 10.0 -4.0 6.0
8.0 4.0 2.0 8.0 -6.0 4.0
6.0 4.0 2.0 4.0 -6.0 6.0
6.0 4.0 2.0 4.0 -4.0 6.0
6.0 4.0 -4.0 14.0 -4.0 6.0
8.0 4.0 -4.0 14.0 -2.0 8.0
8.0 2.0 -2.0 12.0 2.0 8.0
6.0 2.0 -2.0 10.0 2.0 8.0
6.0 0.0 -4.0 10.0 2.0 6.0
6.0 0.0 -6.0 10.0 2.0 6.0
6.0 0.0 -4.0 10.0 2.0 8.0
4.0 4.0 -6.0 4.0 2.0 8.0
4.0 4.0 -8.0 4.0 2.0 8.0
4.0 4.0 -8.0 4.0 0.0 6.0
-4.0 2.0 -4.0 6.0 0.0 6.0
-4.0 4.0 -4.0 12.0 -4.0 6.0
10.0 2.0 -2.0 12.0 -6.0 2.0
10.0 0.0 -2.0 12.0 -6.0 6.0
6.0 0.0 -2.0 14.0 2.0 4.0
6.0 0.0 -2.0 14.0 4.0 4.0
10.0 -4.0 -2.0 10.0 6.0 0.0
10.0 -4.0 -4.0 8.0 4.0 0.0
12.0 -4.0 -2.0 8.0 2.0 4.0
8.0 -4.0 -4.0 8.0 -2.0 8.0
8.0 -4.0 -2.0 2.0 -6.0 8.0
8.0 0.0 -2.0 2.0 -2.0 8.0
8.0 4.0 -2.0 2.0 -6.0 6.0
8.0 4.0 -4.0 2.0 -2.0 2.0
10.0 4.0 -4.0 4.0 -4.0 2.0
10.0 4.0 -4.0 14.0 0.0 4.0
4.0 0.0 -4.0 14.0 -4.0 6.0
4.0 2.0 -6.0 14.0 0.0 6.0
0.0 -2.0 -8.0 8.0 -2.0 8.0
4.0 2.0 -8.0 0.0 -2.0 8.0
2.0 -2.0 -8.0 0.0 -4.0 4.0
2.0 -2.0 -10.0 6.0 -6.0 4.0
2.0 -2.0 -10.0 6.0 -6.0 0.0
-2.0 -2.0 -2.0 6.0 -6.0 6.0
8.0 4.0 -2.0 8.0 -2.0 6.0
6.0 4.0 -2.0 8.0 -6.0 8.0
6.0 4.0 -6.0 8.0 -2.0 8.0
6.0 6.0 -8.0 6.0 0.0 6.0
0.0 6.0 -8.0 8.0 0.0 6.0
0.0 6.0 -10.0 6.0 6.0 6.0
0.0 4.0 -10.0 12.0 4.0 6.0
6.0 4.0 -6.0 10.0 4.0 0.0
8.0 0.0 -4.0 10.0 -2.0 0.0
8.0 0.0 -4.0 10.0 -2.0 6.0
6.0 2.0 -4.0 16.0 -2.0 6.0
6.0 2.0 -4.0 16.0 0.0 4.0
8.0 -2.0 -6.0 16.0 -4.0 4.0
8.0 -2.0 -6.0 16.0 -4.0 4.0
6.0 -2.0 -6.0 10.0 -4.0 4.0
6.0 -2.0 -6.0 10.0 -4.0 6.0
6.0 -2.0 -6.0 12.0 -6.0 6.0
6.0 0.0 -6.0 12.0 -8.0 10.0
14.0 0.0 -10.0 8.0 -8.0 8.0
6.0 12.0 -2.0 8.0 -4.0 8.0
20.0 12.0 -4.0 8.0 -4.0 4.0
26.0 0.0 -4.0 8.0 0.0 2.0
28.0 0.0 -4.0 12.0 -6.0 4.0
28.0 4.0 -4.0 8.0 -2.0 4.0
26.0 4.0 -2.0 8.0 -6.0 10.0
22.0 2.0 0.0 8.0 -8.0 10.0
16.0 2.0 0.0 8.0 -8.0 4.0
-8.0 2.0 -10.0 12.0 -8.0 2.0
-10.0 2.0 -10.0 8.0 -4.0 0.0
-10.0 2.0 -10.0 0.0 -6.0 -4.0
-10.0 0.0 -12.0 -4.0 -6.0 -4.0
-28.0 -2.0 -10.0 -12.0 -12.0 -6.0
-34.0 -4.0 -12.0 -20.0 -12.0 -6.0
-44.0 -4.0 -14.0 -20.0 -14.0 0.0
-34.0 -2.0 -16.0 -20.0 -14.0 0.0
-34.0 -2.0 -22.0 -22.0 -14.0 -2.0
-32.0 -6.0 -24.0 -32.0 -22.0 -4.0
-18.0 -6.0 -24.0 -38.0 -14.0 -8.0
-4.0 -12.0 -26.0 -46.0 -14.0 -12.0
12.0 -12.0 -20.0 -50.0 -14.0 -16.0
42.0 -18.0 -20.0 -52.0 -16.0 -16.0
50.0 -18.0 -12.0 -52.0 -18.0 -16.0
54.0 -18.0 -12.0 -50.0 -16.0 -16.0
68.0 -20.0 -12.0 -38.0 -10.0 -16.0
72.0 -20.0 -14.0 -36.0 -10.0 -18.0
84.0 -20.0 -12.0 -36.0 -14.0 -18.0
94.0 -18.0 -14.0 -38.0 -14.0 -10.0
94.0 -14.0 -14.0 -38.0 -14.0 -10.0
94.0 -14.0 -14.0 -38.0 -14.0 -12.0
94.0 -14.0 -10.0 -36.0 -16.0 -14.0
94.0 -16.0 -4.0 -44.0 -18.0 -14.0
100.0 -18.0 0.0 -44.0 -18.0 -10.0
100.0 -18.0 0.0 -44.0 -10.0 -10.0
100.0 -18.0 -10.0 -44.0 -10.0 -10.0
100.0 -22.0 -12.0 -44.0 -12.0 -16.0
100.0 -22.0 -10.0 -44.0 -12.0 -16.0
100.0 -14.0 -12.0 -44.0 -18.0 -18.0
100.0 -12.0 -14.0 -46.0 -18.0 -18.0
100.0 -12.0 -14.0 -46.0 -18.0 -18.0
100.0 -16.0 -14.0 -50.0 -14.0 -14.0
100.0 -16.0 -14.0 -50.0 -14.0 -14.0
64.0 -14.0 -14.0 -50.0 -14.0 -14.0
46.0 -12.0 -18.0 -52.0 -14.0 -22.0
36.0 -12.0 -18.0 -52.0 -14.0 -22.0
22.0 -12.0 -30.0 -58.0 -16.0 -20.0
10.0 -20.0 -30.0 -58.0 -18.0 -18.0
8.0 -22.0 -30.0 -48.0 -18.0 -18.0
-12.0 -22.0 -22.0 -48.0 -20.0 -18.0
-28.0 -20.0 -30.0 -50.0 -20.0 -18.0
-42.0 -20.0 -26.0 -54.0 -20.0 -14.0
-50.0 -12.0 -30.0 -54.0 -20.0 -18.0
-82.0 -12.0 -36.0 -54.0 -20.0 -12.0
-84.0 -20.0 -38.0 -54.0 -22.0 -12.0
-100.0 -20.0 -40.0 -50.0 -22.0 -12.0
-100.0 -18.0 -40.0 -54.0 -20.0 -12.0
-100.0 -16.0 -38.0 -50.0 -20.0 -10.0
-100.0 -10.0 -38.0 -50.0 -22.0 -10.0
-100.0 -8.0 -48.0 -50.0 -22.0 -6.0
-100.0 -8.0 -48.0 -46.0 -18.0 -4.0
-100.0 -8.0 -32.0 -46.0 -16.0 -4.0
-100.0 -4.0 -30.0 -44.0 -18.0 -4.0
-100.0 -4.0 -24.0 -38.0 -14.0 -2.0
-100.0 -4.0 -28.0 -40.0 -12.0 4.0
-100.0 -4.0 -28.0 -38.0 -12.0 4.0
-80.0 -4.0 -30.0 -38.0 -14.0 4.0
-70.0 -4.0 -30.0 -28.0 -18.0 4.0
-62.0 -2.0 -20.0 -26.0 -16.0 4.0
-60.0 2.0 -18.0 -26.0 -16.0 6.0
-40.0 2.0 -14.0 -6.0 -12.0 6.0
-38.0 -4.0 -18.0 -6.0 -6.0 8.0
-38.0 -6.0 -10.0 -12.0 -6.0 4.0
-32.0 -6.0 -10.0 -12.0 -6.0 10.0
-26.0 -4.0 -10.0 -8.0 -6.0 6.0
-22.0 0.0 -12.0 -6.0 -6.0 6.0
-22.0 2.0 -16.0 -6.0 -2.0 6.0
-22.0 6.0 -14.0 -2.0 -6.0 6.0
-22.0 6.0 -18.0 -2.0 -4.0 0.0
-20.0 4.0 -18.0 -10.0 -6.0 4.0
-12.0 4.0 -18.0 -10.0 -4.0 4.0
-10.0 4.0 -16.0 -10.0 -4.0 4.0
-10.0 -4.0 -16.0 -12.0 -4.0 4.0
-16.0 -4.0 -16.0 -12.0 0.0 4.0
-18.0 4.0 -16.0 -12.0 -2.0 2.0
-16.0 4.0 -14.0 -4.0 -2.0 2.0
-12.0 2.0 -14.0 -4.0 -6.0 2.0
-12.0 2.0 -14.0 -8.0 -10.0 6.0
-12.0 2.0 -10.0 -12.0 -10.0 6.0
-12.0 2.0 -16.0 -8.0 -4.0 4.0
-10.0 0.0 -18.0 -10.0 -4.0 -2.0
-8.0 0.0 -18.0 -10.0 -8.0 0.0
-8.0 -6.0 -18.0 -10.0 -8.0 0.0
-12.0 -2.0 -16.0 -10.0 -10.0 2.0
-12.0 -2.0 -12.0 -10.0 -10.0 2.0
-12.0 -2.0 -16.0 -6.0 -10.0 8.0
-12.0 0.0 -14.0 -14.0 -12.0 8.0
-12.0 0.0 -14.0 -6.0 -10.0 6.0
-16.0 2.0 -12.0 -6.0 -10.0 6.0
-16.0 2.0 -10.0 -6.0 -8.0 8.0
-12.0 8.0 -12.0 -10.0 -6.0 8.0
-12.0 4.0 -12.0 -12.0 -8.0 2.0
-10.0 4.0 -12.0 -10.0 -12.0 2.0
-6.0 4.0 -14.0 -12.0 -12.0 6.0
-6.0 4.0 -12.0 -12.0 -8.0 8.0
-10.0 0.0 -12.0 -12.0 -8.0 8.0
-12.0 -6.0 -10.0 -12.0 -12.0 8.0
-16.0 0.0 -10.0 -12.0 -12.0 4.0
-16.0 -6.0 -10.0 -12.0 -2.0 4.0
-14.0 -6.0 -12.0 -12.0 -2.0 2.0
-10.0 -8.0 -12.0 -22.0 -2.0 0.0
-10.0 -8.0 -12.0 -22.0 -8.0 2.0
-10.0 -6.0 -10.0 -12.0 -2.0 8.0
-12.0 -4.0 -12.0 -10.0 -8.0 8.0
-12.0 2.0 -12.0 -12.0 -8.0 8.0
-14.0 2.0 -12.0 -10.0 -8.0 -6.0
-14.0 2.0 -16.0 -4.0 -10.0 8.0
-28.0 2.0 -6.0 -4.0 -12.0 4.0
-14.0 2.0 -10.0 -6.0 -12.0 4.0
-16.0 0.0 -10.0 -8.0 -12.0 4.0
-14.0 0.0 -18.0 -6.0 -4.0 2.0
-14.0 0.0 -20.0 -8.0 -2.0 -4.0
-14.0 -2.0 -18.0 0.0 -4.0 -4.0
-14.0 -2.0 -18.0 0.0 -2.0 8.0
-14.0 -2.0 -16.0 0.0 -4.0 8.0
-14.0 -4.0 -18.0 -4.0 -2.0 8.0
-14.0 -6.0 -16.0 -14.0 -4.0 8.0
-14.0 -4.0 -16.0 -14.0 -6.0 6.0
-10.0 -4.0 -12.0 -14.0 -6.0 2.0
-10.0 -4.0 -12.0 -2.0 -8.0 0.0
-6.0 6.0 -12.0 -10.0 -8.0 0.0
-20.0 0.0 -12.0 -8.0 -8.0 6.0
-12.0 4.0 -12.0 -8.0 -8.0 6.0
-20.0 0.0 -18.0 -8.0 -6.0 4.0
-12.0 -2.0 -10.0 -10.0 -6.0 4.0
-10.0 -8.0 -10.0 -10.0 -4.0 4.0
-10.0 -2.0 -10.0 -4.0 -2.0 4.0
-6.0 -2.0 -16.0 -4.0 -2.0 8.0
-12.0 -2.0 -18.0 -4.0 -6.0 6.0
-8.0 -4.0 -18.0 -4.0 -6.0 6.0
-8.0 -4.0 -12.0 -4.0 -4.0 4.0
-6.0 -6.0 -8.0 -4.0 -4.0 4.0
-2.0 -6.0 -8.0 -4.0 -8.0 4.0
-2.0 -6.0 -14.0 -10.0 -10.0 4.0
-10.0 0.0 -14.0 -14.0 -8.0 4.0
-10.0 0.0 -14.0 -14.0 -4.0 4.0
-4.0 0.0 -10.0 -12.0 -2.0 4.0
-2.0 -4.0 -14.0 -8.0 -2.0 4.0
0.0 -4.0 -10.0 -6.0 -2.0 4.0
6.0 0.0 -8.0 -2.0 -4.0 4.0
6.0 0.0 -8.0 -2.0 -2.0 4.0
6.0 -2.0 -8.0 -8.0 -2.0 6.0
8.0 -2.0 -10.0 -8.0 -2.0 8.0
8.0 -4.0 -16.0 0.0 -4.0 10.0
8.0 -4.0 -16.0 0.0 -4.0 8.0
8.0 -6.0 -16.0 4.0 -4.0 10.0
8.0 -8.0 -16.0 6.0 -4.0 8.0
14.0 -6.0 -6.0 6.0 -4.0 6.0
10.0 -8.0 -8.0 6.0 -4.0 6.0
