# Target: wrist_up
# Dominant_Vision: Open Hand
0.0 4.0 0.0 0.0 0.0 0.0
0.0 4.0 -2.0 -10.0 0.0 0.0
2.0 10.0 -4.0 -10.0 0.0 0.0
4.0 10.0 -4.0 -10.0 4.0 -4.0
4.0 8.0 -2.0 -10.0 2.0 -4.0
4.0 4.0 -2.0 -8.0 2.0 4.0
10.0 2.0 4.0 -8.0 2.0 4.0
8.0 2.0 -8.0 -2.0 2.0 4.0
8.0 2.0 -4.0 -8.0 2.0 6.0
8.0 2.0 -4.0 -4.0 2.0 6.0
8.0 2.0 0.0 -4.0 4.0 6.0
14.0 2.0 0.0 -2.0 4.0 4.0
22.0 10.0 -4.0 -2.0 4.0 4.0
22.0 8.0 -4.0 0.0 6.0 4.0
32.0 8.0 4.0 2.0 12.0 4.0
40.0 6.0 4.0 6.0 12.0 -2.0
40.0 6.0 0.0 18.0 10.0 -2.0
46.0 6.0 0.0 18.0 6.0 -2.0
46.0 6.0 4.0 14.0 6.0 0.0
44.0 6.0 4.0 6.0 6.0 0.0
6.0 -4.0 4.0 4.0 2.0 -8.0
6.0 -12.0 -6.0 -10.0 4.0 -8.0
44.0 -12.0 -12.0 -22.0 2.0 -8.0
100.0 -8.0 -12.0 -46.0 -2.0 -10.0
100.0 -8.0 -8.0 -66.0 -6.0 -20.0
100.0 -18.0 -6.0 -72.0 -8.0 -20.0
78.0 -18.0 6.0 -76.0 -8.0 -22.0
64.0 -14.0 6.0 -72.0 -8.0 -22.0
64.0 -14.0 4.0 -70.0 -8.0 -22.0
62.0 -6.0 0.0 -56.0 -8.0 -22.0
62.0 -14.0 -10.0 -44.0 -4.0 -20.0
70.0 -16.0 -10.0 -42.0 2.0 -20.0
70.0 -18.0 -10.0 -42.0 2.0 -20.0
46.0 -18.0 -4.0 -48.0 -2.0 -18.0
38.0 -14.0 -4.0 -48.0 -2.0 -18.0
28.0 -12.0 -4.0 -48.0 -2.0 -18.0
12.0 -12.0 -2.0 -42.0 -2.0 -18.0
6.0 -16.0 6.0 -40.0 -2.0 -18.0
4.0 -18.0 6.0 -40.0 2.0 -18.0
-6.0 -16.0 -6.0 -46.0 4.0 -16.0
-8.0 -10.0 -8.0 -46.0 4.0 -16.0
-16.0 -10.0 -6.0 -46.0 6.0 -16.0
-16.0 -14.0 -10.0 -44.0 0.0 -14.0
-18.0 -18.0 -10.0 -40.0 4.0 -12.0
-20.0 -20.0 -12.0 -40.0 0.0 -12.0
-44.0 -18.0 -12.0 -40.0 2.0 -12.0
-44.0 -18.0 -12.0 -38.0 2.0 -12.0
-46.0 -12.0 -8.0 -36.0 6.0 -12.0
-46.0 -16.0 -8.0 -32.0 6.0 -14.0
-44.0 -16.0 -4.0 -32.0 6.0 -14.0
-38.0 -16.0 -2.0 -28.0 6.0 -14.0
-38.0 -18.0 -2.0 -22.0 6.0 -10.0
-38.0 -14.0 -12.0 -22.0 -2.0 -8.0
-46.0 -12.0 -12.0 -26.0 6.0 -8.0
-46.0 -12.0 -8.0 -30.0 10.0 -8.0
-46.0 -12.0 -8.0 -28.0 10.0 -10.0
-46.0 -18.0 -6.0 -28.0 2.0 -10.0
-46.0 -12.0 -6.0 -24.0 2.0 -16.0
-46.0 -18.0 -10.0 -24.0 8.0 -8.0
-42.0 -16.0 -10.0 -28.0 10.0 -8.0
-40.0 -16.0 -8.0 -28.0 10.0 -6.0
-40.0 -16.0 -8.0 -40.0 6.0 -8.0
-44.0 -14.0 -8.0 -32.0 6.0 -6.0
-48.0 -18.0 -8.0 -32.0 6.0 -12.0
-48.0 -18.0 -8.0 -32.0 4.0 -6.0
-48.0 -18.0 -6.0 -32.0 4.0 -10.0
-42.0 -12.0 -6.0 -34.0 4.0 -8.0
-42.0 -12.0 -6.0 -34.0 4.0 -10.0
-46.0 -12.0 -6.0 -34.0 6.0 -12.0
-46.0 -16.0 -2.0 -32.0 8.0 -12.0
-44.0 -12.0 -8.0 -32.0 8.0 -10.0
-32.0 -22.0 -2.0 -32.0 2.0 -10.0
-32.0 -20.0 -6.0 -32.0 2.0 -10.0
-32.0 -20.0 -2.0 -32.0 8.0 -6.0
-32.0 -20.0 -6.0 -30.0 8.0 -6.0
-28.0 -16.0 -6.0 -30.0 8.0 -16.0
-22.0 -16.0 -6.0 -34.0 4.0 -18.0
-14.0 -16.0 -10.0 -38.0 4.0 -18.0
0.0 -20.0 -8.0 -38.0 4.0 -18.0
18.0 -16.0 -8.0 -38.0 6.0 -14.0
20.0 -16.0 -8.0 -40.0 6.0 -14.0
24.0 -16.0 -8.0 -40.0 0.0 -12.0
30.0 -18.0 -12.0 -40.0 0.0 -12.0
24.0 -20.0 -18.0 -46.0 2.0 -20.0
14.0 -20.0 -22.0 -46.0 2.0 -20.0
-34.0 -20.0 -18.0 -46.0 -2.0 -16.0
-42.0 -18.0 -24.0 -52.0 -2.0 -16.0
-84.0 -20.0 -34.0 -56.0 -2.0 -18.0
-100.0 -18.0 -34.0 -56.0 2.0 -18.0
-100.0 -20.0 -34.0 -52.0 -2.0 -16.0
-100.0 -20.0 -32.0 -50.0 -2.0 -14.0
-100.0 -20.0 -28.0 -48.0 -2.0 -14.0
-100.0 -10.0 -28.0 -48.0 0.0 -12.0
-100.0 -8.0 -26.0 -42.0 0.0 -8.0
-100.0 -10.0 -28.0 -42.0 0.0 -2.0
-100.0 -6.0 -26.0 -40.0 2.0 0.0
-100.0 0.0 -24.0 -36.0 2.0 2.0
-90.0 0.0 -22.0 -28.0 0.0 6.0
-90.0 10.0 -14.0 -16.0 0.0 2.0
-86.0 -4.0 -12.0 4.0 6.0 6.0
-76.0 10.0 -8.0 4.0 6.0 0.0
-72.0 2.0 -8.0 6.0 6.0 10.0
-64.0 4.0 -8.0 0.0 4.0 10.0
-58.0 4.0 -2.0 10.0 4.0 12.0
-46.0 10.0 -4.0 10.0 4.0 18.0
-32.0 12.0 -4.0 14.0 10.0 18.0
-26.0 16.0 -4.0 20.0 10.0 12.0
-10.0 12.0 4.0 24.0 10.0 12.0
-10.0 12.0 4.0 24.0 16.0 12.0
-16.0 10.0 4.0 24.0 16.0 6.0
-16.0 10.0 4.0 24.0 16.0 2.0
-14.0 12.0 6.0 32.0 16.0 6.0
-8.0 20.0 -6.0 32.0 14.0 8.0
-8.0 20.0 -8.0 30.0 12.0 12.0
-8.0 18.0 -8.0 28.0 12.0 8.0
-6.0 16.0 0.0 28.0 12.0 12.0
-16.0 16.0 0.0 24.0 12.0 6.0
-16.0 14.0 -14.0 24.0 10.0 14.0
-16.0 18.0 -14.0 24.0 10.0 6.0
-16.0 12.0 -12.0 32.0 12.0 14.0
-14.0 12.0 -4.0 32.0 12.0 6.0
-4.0 12.0 -12.0 32.0 10.0 10.0
-4.0 10.0 -6.0 34.0 8.0 6.0
-4.0 22.0 -6.0 28.0 8.0 6.0
-8.0 20.0 -6.0 32.0 8.0 6.0
-14.0 20.0 -10.0 20.0 8.0 0.0
-14.0 12.0 -10.0 26.0 6.0 6.0
-14.0 12.0 -6.0 20.0 6.0 4.0
-14.0 12.0 -6.0 26.0 4.0 6.0
-14.0 14.0 -14.0 26.0 8.0 6.0
-18.0 14.0 -14.0 30.0 8.0 8.0
-14.0 14.0 -10.0 28.0 10.0 6.0
-14.0 14.0 -10.0 28.0 12.0 8.0
-14.0 8.0 -12.0 24.0 12.0 12.0
-10.0 10.0 -12.0 24.0 12.0 12.0
-14.0 10.0 -12.0 24.0 2.0 4.0
-12.0 12.0 -8.0 24.0 2.0 4.0
-14.0 12.0 -8.0 22.0 2.0 8.0
-12.0 12.0 -8.0 18.0 10.0 8.0
-12.0 14.0 -6.0 16.0 8.0 6.0
-12.0 14.0 -8.0 16.0 14.0 6.0
-16.0 14.0 -6.0 18.0 8.0 2.0
-16.0 12.0 -8.0 26.0 4.0 2.0
-18.0 12.0 -2.0 28.0 4.0 4.0
-18.0 12.0 -10.0 28.0 6.0 6.0
-16.0 16.0 -8.0 18.0 6.0 6.0
-14.0 10.0 -8.0 18.0 8.0 6.0
-10.0 16.0 -4.0 18.0 6.0 4.0
-6.0 10.0 -2.0 18.0 10.0 4.0
-8.0 12.0 -2.0 20.0 6.0 4.0
-8.0 12.0 -4.0 20.0 10.0 6.0
-14.0 12.0 -4.0 20.0 10.0 4.0
-14.0 12.0 -8.0 16.0 10.0 2.0
-14.0 6.0 -6.0 16.0 6.0 2.0
-14.0 12.0 -8.0 16.0 2.0 2.0
-14.0 14.0 -6.0 16.0 2.0 2.0
-14.0 14.0 -8.0 16.0 0.0 2.0
-14.0 16.0 -10.0 14.0 0.0 10.0
-12.0 10.0 -10.0 14.0 0.0 2.0
-12.0 12.0 0.0 14.0 6.0 8.0
-12.0 10.0 0.0 22.0 8.0 8.0
-8.0 12.0 -6.0 18.0 10.0 8.0
-8.0 14.0 -10.0 18.0 12.0 8.0
-12.0 14.0 -10.0 16.0 12.0 12.0
-16.0 10.0 -6.0 16.0 8.0 12.0
-20.0 8.0 -6.0 16.0 8.0 2.0
-22.0 8.0 -8.0 16.0 8.0 2.0
-20.0 8.0 -8.0 16.0 -2.0 4.0
-16.0 10.0 -6.0 16.0 -2.0 4.0
-16.0 6.0 -6.0 14.0 6.0 -2.0
-16.0 2.0 -6.0 12.0 6.0 -2.0
-16.0 2.0 -8.0 8.0 6.0 4.0
-12.0 8.0 -6.0 8.0 0.0 12.0
-12.0 8.0 -8.0 12.0 -2.0 4.0
-20.0 14.0 -2.0 12.0 0.0 0.0
-20.0 12.0 -2.0 12.0 2.0 0.0
-12.0 12.0 -2.0 4.0 2.0 4.0
-12.0 8.0 -2.0 6.0 -2.0 4.0
-10.0 -2.0 -2.0 6.0 -2.0 4.0
-10.0 -2.0 -6.0 6.0 2.0 0.0
-14.0 6.0 -8.0 8.0 8.0 0.0
-16.0 6.0 -8.0 10.0 8.0 0.0
-14.0 6.0 -4.0 8.0 6.0 6.0
-16.0 6.0 -2.0 8.0 2.0 6.0
-8.0 8.0 0.0 8.0 6.0 6.0
-12.0 10.0 -2.0 8.0 6.0 4.0
-12.0 10.0 -6.0 16.0 10.0 4.0
-12.0 8.0 -8.0 16.0 10.0 4.0
-16.0 2.0 -8.0 12.0 8.0 4.0
-16.0 8.0 -12.0 12.0 8.0 4.0
-16.0 12.0 -4.0 10.0 6.0 6.0
-10.0 12.0 -4.0 12.0 6.0 6.0
-10.0 16.0 -4.0 12.0 4.0 10.0
-8.0 0.0 -6.0 16.0 4.0 6.0
-10.0 8.0 -6.0 16.0 8.0 10.0
-12.0 8.0 -6.0 16.0 8.0 8.0
-12.0 8.0 -4.0 14.0 6.0 8.0
-12.0 10.0 -4.0 8.0 6.0 6.0
-8.0 16.0 -4.0 8.0 6.0 6.0
-18.0 16.0 -2.0 10.0 6.0 6.0
-6.0 14.0 -4.0 10.0 6.0 10.0
-16.0 6.0 -4.0 10.0 4.0 4.0
-12.0 6.0 -10.0 16.0 4.0 10.0
-12.0 4.0 -10.0 16.0 4.0 2.0
-8.0 6.0 -2.0 18.0 4.0 12.0
-8.0 6.0 -2.0 18.0 4.0 6.0
-12.0 6.0 -2.0 14.0 4.0 6.0
-14.0 14.0 -2.0 4.0 4.0 6.0
-14.0 8.0 -4.0 14.0 6.0 6.0
-4.0 14.0 -4.0 6.0 6.0 2.0
-4.0 8.0 -4.0 6.0 6.0 0.0
-12.0 16.0 -4.0 6.0 2.0 0.0
-12.0 18.0 -2.0 6.0 2.0 4.0
-12.0 18.0 -2.0 12.0 6.0 4.0
-14.0 18.0 -2.0 12.0 6.0 10.0
-14.0 14.0 0.0 12.0 2.0 0.0
-12.0 16.0 0.0 14.0 2.0 6.0
-12.0 14.0 0.0 8.0 6.0 6.0
-18.0 14.0 0.0 8.0 8.0 6.0
-20.0 10.0 0.0 8.0 8.0 6.0
-20.0 10.0 -6.0 14.0 8.0 10.0
-18.0 10.0 -6.0 14.0 8.0 10.0
-6.0 6.0 -6.0 6.0 2.0 4.0
-18.0 6.0 -6.0 6.0 6.0 2.0
-14.0 6.0 -4.0 6.0 6.0 2.0
-14.0 10.0 -4.0 10.0 6.0 2.0
-12.0 12.0 -4.0 6.0 2.0 8.0
-10.0 12.0 -8.0 10.0 -4.0 6.0
-8.0 12.0 -8.0 6.0 -4.0 6.0
-10.0 16.0 -10.0 10.0 6.0 4.0
