# Target: open_hand
# Dominant_Vision: Open Hand
0.0 4.0 0.0 -6.0 10.0 8.0
-2.0 0.0 0.0 -6.0 10.0 6.0
-2.0 6.0 2.0 -10.0 12.0 10.0
-2.0 2.0 8.0 -12.0 12.0 6.0
0.0 2.0 8.0 -12.0 12.0 10.0
-2.0 -4.0 12.0 -12.0 10.0 16.0
-2.0 -6.0 14.0 -12.0 10.0 16.0
-2.0 -6.0 14.0 -8.0 10.0 14.0
0.0 0.0 14.0 -8.0 14.0 14.0
6.0 4.0 10.0 -18.0 8.0 12.0
0.0 4.0 10.0 -18.0 8.0 12.0
-2.0 4.0 2.0 -14.0 8.0 12.0
-2.0 4.0 2.0 -10.0 8.0 12.0
-8.0 4.0 8.0 -10.0 8.0 10.0
-2.0 6.0 12.0 -18.0 8.0 10.0
0.0 2.0 12.0 -18.0 6.0 8.0
0.0 2.0 4.0 -12.0 6.0 8.0
-4.0 -2.0 4.0 -12.0 6.0 8.0
-6.0 -2.0 6.0 -12.0 6.0 12.0
-6.0 -6.0 6.0 -12.0 8.0 8.0
0.0 -4.0 -2.0 -12.0 10.0 14.0
0.0 -4.0 -2.0 -10.0 10.0 6.0
-2.0 -2.0 -2.0 -12.0 10.0 0.0
-2.0 -2.0 4.0 -16.0 16.0 0.0
-2.0 -2.0 8.0 -16.0 10.0 10.0
-2.0 -8.0 8.0 -16.0 10.0 10.0
-2.0 -8.0 4.0 -14.0 10.0 10.0
-2.0 -2.0 4.0 -14.0 4.0 10.0
-4.0 4.0 10.0 -8.0 6.0 8.0
-6.0 -2.0 10.0 -8.0 6.0 8.0
-6.0 4.0 10.0 -10.0 6.0 8.0
-6.0 4.0 12.0 -16.0 12.0 10.0
-2.0 4.0 12.0 -10.0 18.0 10.0
8.0 4.0 6.0 -10.0 18.0 8.0
8.0 8.0 6.0 0.0 14.0 8.0
8.0 8.0 6.0 2.0 14.0 10.0
8.0 6.0 6.0 6.0 14.0 12.0
8.0 6.0 6.0 12.0 16.0 10.0
10.0 6.0 8.0 12.0 16.0 14.0
14.0 4.0 6.0 22.0 22.0 14.0
18.0 4.0 12.0 56.0 22.0 14.0
24.0 8.0 12.0 82.0 22.0 16.0
26.0 8.0 16.0 100.0 38.0 16.0
30.0 8.0 20.0 100.0 38.0 20.0
38.0 8.0 24.0 100.0 38.0 20.0
54.0 8.0 20.0 100.0 40.0 14.0
58.0 8.0 22.0 100.0 40.0 12.0
66.0 14.0 18.0 100.0 40.0 12.0
72.0 14.0 20.0 100.0 48.0 18.0
74.0 14.0 20.0 100.0 54.0 18.0
84.0 14.0 30.0 100.0 54.0 18.0
98.0 14.0 30.0 100.0 54.0 22.0
100.0 14.0 32.0 100.0 56.0 22.0
100.0 12.0 36.0 100.0 54.0 22.0
100.0 6.0 36.0 100.0 56.0 20.0
100.0 6.0 28.0 100.0 60.0 22.0
100.0 14.0 24.0 100.0 64.0 22.0
100.0 14.0 22.0 100.0 62.0 22.0
100.0 14.0 22.0 100.0 62.0 24.0
100.0 14.0 22.0 100.0 62.0 22.0
100.0 14.0 28.0 100.0 58.0 22.0
100.0 12.0 28.0 100.0 54.0 20.0
100.0 12.0 26.0 100.0 50.0 18.0
100.0 20.0 26.0 100.0 50.0 18.0
100.0 20.0 28.0 100.0 48.0 18.0
100.0 18.0 28.0 100.0 44.0 16.0
100.0 18.0 28.0 100.0 36.0 14.0
100.0 18.0 28.0 100.0 44.0 14.0
100.0 18.0 32.0 100.0 44.0 14.0
100.0 10.0 32.0 100.0 46.0 14.0
100.0 10.0 30.0 100.0 46.0 14.0
100.0 10.0 30.0 100.0 40.0 16.0
100.0 12.0 34.0 100.0 36.0 12.0
100.0 12.0 34.0 100.0 36.0 16.0
100.0 8.0 28.0 100.0 34.0 12.0
100.0 8.0 26.0 100.0 32.0 18.0
100.0 4.0 22.0 100.0 28.0 12.0
100.0 6.0 22.0 100.0 22.0 12.0
98.0 4.0 28.0 100.0 20.0 8.0
92.0 4.0 28.0 100.0 16.0 12.0
82.0 -4.0 30.0 96.0 16.0 12.0
90.0 -4.0 26.0 72.0 20.0 16.0
84.0 -4.0 26.0 72.0 20.0 16.0
84.0 4.0 20.0 60.0 20.0 16.0
84.0 4.0 20.0 56.0 18.0 14.0
84.0 0.0 22.0 46.0 20.0 16.0
84.0 -4.0 22.0 44.0 20.0 14.0
82.0 -4.0 22.0 36.0 20.0 16.0
78.0 -6.0 18.0 34.0 20.0 14.0
82.0 -4.0 18.0 34.0 14.0 14.0
74.0 2.0 18.0 34.0 14.0 8.0
48.0 2.0 24.0 36.0 16.0 8.0
46.0 4.0 26.0 36.0 16.0 8.0
46.0 -2.0 26.0 36.0 16.0 10.0
42.0 4.0 24.0 36.0 10.0 10.0
42.0 0.0 16.0 10.0 10.0 10.0
40.0 4.0 16.0 10.0 6.0 8.0
40.0 6.0 8.0 2.0 4.0 6.0
38.0 6.0 16.0 10.0 4.0 8.0
34.0 6.0 6.0 6.0 10.0 6.0
34.0 4.0 18.0 8.0 10.0 2.0
34.0 2.0 16.0 8.0 16.0 2.0
34.0 2.0 18.0 12.0 12.0 12.0
12.0 4.0 16.0 12.0 12.0 14.0
10.0 4.0 16.0 10.0 12.0 12.0
10.0 2.0 16.0 10.0 12.0 12.0
10.0 2.0 16.0 10.0 12.0 12.0
10.0 2.0 16.0 10.0 8.0 8.0
12.0 -2.0 16.0 6.0 6.0 8.0
10.0 -4.0 16.0 6.0 6.0 8.0
10.0 -4.0 18.0 6.0 8.0 10.0
10.0 -4.0 18.0 10.0 10.0 10.0
10.0 -6.0 14.0 10.0 14.0 8.0
6.0 -6.0 14.0 10.0 14.0 8.0
8.0 -4.0 14.0 2.0 14.0 8.0
6.0 -4.0 10.0 4.0 14.0 14.0
8.0 -4.0 10.0 2.0 12.0 8.0
14.0 0.0 10.0 4.0 10.0 8.0
14.0 0.0 12.0 2.0 10.0 8.0
10.0 -4.0 12.0 2.0 10.0 8.0
10.0 -4.0 12.0 2.0 10.0 8.0
6.0 0.0 14.0 8.0 14.0 14.0
14.0 0.0 14.0 8.0 14.0 14.0
10.0 -6.0 12.0 6.0 14.0 2.0
12.0 -8.0 12.0 2.0 16.0 2.0
10.0 -8.0 14.0 2.0 8.0 12.0
12.0 -2.0 18.0 6.0 14.0 14.0
4.0 -2.0 18.0 6.0 8.0 14.0
14.0 -2.0 18.0 6.0 8.0 10.0
10.0 -4.0 16.0 0.0 8.0 8.0
14.0 2.0 12.0 4.0 12.0 10.0
10.0 4.0 8.0 2.0 12.0 16.0
6.0 4.0 8.0 2.0 10.0 16.0
6.0 2.0 16.0 0.0 4.0 12.0
10.0 -2.0 16.0 0.0 4.0 12.0
10.0 -2.0 8.0 0.0 12.0 12.0
4.0 0.0 8.0 -6.0 12.0 12.0
2.0 0.0 10.0 -6.0 6.0 12.0
4.0 -4.0 10.0 -2.0 6.0 12.0
4.0 -4.0 10.0 -2.0 6.0 10.0
4.0 -2.0 18.0 -12.0 6.0 8.0
6.0 6.0 18.0 -12.0 8.0 8.0
10.0 -2.0 18.0 0.0 10.0 8.0
10.0 -6.0 16.0 0.0 16.0 6.0
6.0 -6.0 14.0 0.0 16.0 4.0
6.0 -4.0 14.0 0.0 14.0 -4.0
6.0 -2.0 18.0 0.0 10.0 4.0
4.0 2.0 18.0 -4.0 8.0 4.0
4.0 2.0 14.0 -4.0 8.0 12.0
16.0 2.0 10.0 -6.0 10.0 6.0
16.0 2.0 4.0 -8.0 10.0 8.0
4.0 4.0 4.0 -8.0 8.0 6.0
4.0 4.0 6.0 -6.0 8.0 8.0
6.0 4.0 10.0 -6.0 12.0 8.0
8.0 -2.0 10.0 -4.0 12.0 12.0
8.0 -2.0 10.0 -10.0 12.0 8.0
8.0 -2.0 14.0 -4.0 12.0 12.0
4.0 -2.0 16.0 0.0 12.0 12.0
4.0 -4.0 18.0 0.0 18.0 14.0
14.0 -4.0 16.0 2.0 18.0 14.0
14.0 -2.0 16.0 0.0 22.0 14.0
6.0 -2.0 14.0 0.0 6.0 10.0
4.0 -2.0 10.0 0.0 16.0 10.0
2.0 -6.0 10.0 -2.0 10.0 10.0
2.0 -8.0 10.0 -2.0 16.0 10.0
2.0 -10.0 10.0 -12.0 10.0 14.0
0.0 -14.0 10.0 -2.0 14.0 12.0
2.0 -14.0 10.0 -12.0 12.0 14.0
0.0 -2.0 12.0 -2.0 12.0 12.0
0.0 -2.0 10.0 -14.0 12.0 8.0
0.0 -2.0 12.0 -6.0 10.0 8.0
0.0 -2.0 8.0 -12.0 10.0 14.0
2.0 -2.0 12.0 -6.0 8.0 14.0
2.0 -2.0 12.0 -6.0 6.0 6.0
4.0 2.0 12.0 -6.0 6.0 6.0
4.0 -2.0 8.0 -6.0 10.0 12.0
4.0 -4.0 8.0 -6.0 10.0 14.0
0.0 -8.0 8.0 -8.0 8.0 14.0
-4.0 -8.0 14.0 -8.0 6.0 14.0
-4.0 -8.0 14.0 -6.0 6.0 14.0
2.0 -6.0 14.0 -4.0 8.0 10.0
2.0 -4.0 8.0 -4.0 8.0 14.0
2.0 -4.0 8.0 -6.0 6.0 10.0
2.0 -10.0 16.0 -14.0 6.0 10.0
4.0 -10.0 16.0 -6.0 6.0 10.0
2.0 -6.0 12.0 -12.0 4.0 12.0
4.0 -6.0 8.0 -12.0 4.0 12.0
4.0 -6.0 12.0 -12.0 4.0 8.0
4.0 -2.0 10.0 -10.0 6.0 4.0
6.0 2.0 14.0 0.0 6.0 4.0
6.0 -2.0 14.0 -10.0 14.0 4.0
6.0 2.0 14.0 -12.0 14.0 8.0
4.0 4.0 14.0 -12.0 12.0 12.0
4.0 4.0 14.0 -10.0 12.0 14.0
4.0 -2.0 12.0 -10.0 12.0 14.0
-2.0 -2.0 12.0 -10.0 16.0 14.0
-2.0 4.0 12.0 -6.0 10.0 14.0
10.0 4.0 10.0 -6.0 10.0 8.0
10.0 4.0 6.0 -6.0 10.0 8.0
2.0 0.0 6.0 -10.0 4.0 6.0
-2.0 0.0 18.0 2.0 10.0 6.0
-2.0 -2.0 18.0 0.0 8.0 6.0
0.0 -2.0 18.0 0.0 8.0 12.0
6.0 -2.0 18.0 -10.0 6.0 12.0
6.0 -2.0 18.0 -12.0 6.0 10.0
6.0 0.0 16.0 -12.0 12.0 8.0
6.0 0.0 16.0 -12.0 12.0 6.0
6.0 4.0 10.0 -4.0 6.0 6.0
10.0 10.0 10.0 -4.0 6.0 6.0
10.0 10.0 10.0 -6.0 6.0 10.0
6.0 0.0 10.0 -6.0 8.0 10.0
6.0 0.0 14.0 -6.0 8.0 8.0
6.0 -6.0 16.0 -12.0 10.0 8.0
6.0 -8.0 18.0 -12.0 12.0 8.0
6.0 -8.0 18.0 -12.0 14.0 12.0
6.0 -6.0 10.0 -4.0 14.0 10.0
4.0 0.0 10.0 -4.0 12.0 12.0
0.0 2.0 10.0 -6.0 10.0 18.0
0.0 2.0 18.0 -10.0 10.0 18.0
2.0 2.0 6.0 -8.0 8.0 18.0
8.0 0.0 4.0 -10.0 6.0 16.0
8.0 0.0 4.0 -14.0 4.0 10.0
10.0 0.0 14.0 -14.0 4.0 10.0
10.0 -6.0 14.0 -14.0 10.0 10.0
10.0 -10.0 14.0 -12.0 10.0 4.0
12.0 -6.0 14.0 -14.0 6.0 4.0
8.0 -4.0 14.0 -12.0 6.0 6.0
8.0 -2.0 12.0 -12.0 6.0 10.0
8.0 -2.0 10.0 -12.0 8.0 8.0
