# Target: open_hand
# Dominant_Vision: Open Hand
0.0 0.0 -4.0 0.0 0.0 0.0
2.0 4.0 0.0 0.0 0.0 2.0
2.0 6.0 0.0 -2.0 -6.0 2.0
2.0 6.0 0.0 -6.0 -6.0 10.0
2.0 8.0 -2.0 -2.0 -6.0 2.0
2.0 8.0 -4.0 -2.0 -4.0 2.0
2.0 6.0 -2.0 -2.0 -4.0 2.0
0.0 6.0 4.0 -2.0 0.0 2.0
0.0 6.0 4.0 -4.0 0.0 8.0
0.0 4.0 8.0 -4.0 0.0 8.0
2.0 -4.0 2.0 -4.0 0.0 4.0
2.0 -4.0 -2.0 -4.0 0.0 4.0
2.0 0.0 -2.0 -4.0 0.0 4.0
2.0 2.0 -2.0 -2.0 0.0 8.0
-2.0 8.0 8.0 -2.0 -4.0 8.0
0.0 4.0 2.0 2.0 -6.0 4.0
0.0 4.0 2.0 -2.0 -4.0 -2.0
0.0 2.0 2.0 -6.0 -2.0 -4.0
2.0 2.0 2.0 -6.0 -2.0 -4.0
0.0 2.0 2.0 -2.0 -2.0 -4.0
2.0 2.0 2.0 -2.0 -4.0 4.0
2.0 -2.0 0.0 -2.0 -4.0 6.0
4.0 -2.0 -2.0 -6.0 -4.0 4.0
2.0 -2.0 -4.0 -12.0 -8.0 4.0
0.0 0.0 -4.0 -12.0 -2.0 -2.0
-4.0 -4.0 -4.0 -8.0 -2.0 -2.0
-4.0 0.0 -6.0 -8.0 -2.0 -2.0
-2.0 2.0 -6.0 -2.0 -2.0 0.0
0.0 2.0 -2.0 -8.0 -2.0 6.0
0.0 -4.0 4.0 -2.0 -2.0 6.0
0.0 -8.0 4.0 -2.0 4.0 6.0
6.0 -8.0 0.0 4.0 2.0 6.0
2.0 -4.0 0.0 6.0 4.0 6.0
6.0 4.0 -2.0 8.0 2.0 6.0
16.0 4.0 0.0 8.0 -6.0 6.0
16.0 6.0 -2.0 16.0 -6.0 0.0
20.0 6.0 0.0 26.0 -2.0 0.0
38.0 12.0 0.0 28.0 2.0 2.0
48.0 12.0 2.0 50.0 4.0 12.0
60.0 18.0 6.0 56.0 12.0 2.0
60.0 18.0 6.0 72.0 16.0 6.0
60.0 6.0 0.0 86.0 16.0 6.0
56.0 6.0 0.0 100.0 16.0 14.0
56.0 18.0 0.0 100.0 16.0 14.0
80.0 18.0 4.0 100.0 16.0 14.0
88.0 24.0 8.0 100.0 26.0 22.0
100.0 24.0 8.0 100.0 26.0 22.0
100.0 24.0 8.0 100.0 26.0 22.0
100.0 22.0 10.0 100.0 26.0 16.0
100.0 22.0 12.0 100.0 34.0 18.0
100.0 28.0 12.0 100.0 34.0 18.0
100.0 30.0 20.0 100.0 38.0 20.0
100.0 28.0 20.0 100.0 38.0 20.0
100.0 26.0 18.0 100.0 44.0 20.0
100.0 26.0 18.0 100.0 48.0 14.0
100.0 30.0 24.0 100.0 48.0 14.0
100.0 32.0 30.0 100.0 56.0 16.0
100.0 30.0 30.0 100.0 58.0 16.0
100.0 26.0 30.0 100.0 58.0 20.0
100.0 26.0 28.0 100.0 54.0 16.0
100.0 30.0 28.0 100.0 54.0 12.0
100.0 30.0 26.0 100.0 54.0 8.0
100.0 30.0 26.0 100.0 50.0 4.0
100.0 28.0 38.0 100.0 48.0 4.0
100.0 24.0 38.0 100.0 50.0 8.0
100.0 24.0 34.0 100.0 52.0 8.0
100.0 24.0 28.0 100.0 58.0 8.0
100.0 28.0 34.0 100.0 58.0 8.0
100.0 28.0 30.0 100.0 54.0 10.0
100.0 28.0 30.0 100.0 52.0 10.0
100.0 24.0 30.0 100.0 46.0 12.0
100.0 10.0 34.0 100.0 42.0 10.0
100.0 10.0 34.0 100.0 42.0 10.0
100.0 24.0 28.0 100.0 42.0 10.0
100.0 24.0 28.0 100.0 40.0 6.0
100.0 22.0 28.0 100.0 36.0 6.0
100.0 12.0 22.0 100.0 24.0 6.0
100.0 12.0 20.0 100.0 18.0 6.0
100.0 12.0 14.0 100.0 12.0 6.0
100.0 10.0 14.0 100.0 12.0 6.0
100.0 8.0 8.0 100.0 6.0 6.0
100.0 6.0 16.0 100.0 0.0 6.0
100.0 6.0 18.0 100.0 0.0 6.0
100.0 6.0 18.0 98.0 0.0 6.0
100.0 6.0 14.0 80.0 6.0 6.0
100.0 0.0 8.0 76.0 6.0 8.0
100.0 0.0 8.0 76.0 8.0 8.0
100.0 0.0 10.0 72.0 6.0 8.0
100.0 0.0 10.0 62.0 2.0 4.0
100.0 0.0 4.0 56.0 2.0 4.0
100.0 6.0 4.0 56.0 2.0 -2.0
100.0 0.0 12.0 56.0 4.0 -2.0
100.0 -8.0 14.0 54.0 4.0 0.0
100.0 -8.0 16.0 54.0 4.0 2.0
100.0 -8.0 16.0 50.0 4.0 2.0
100.0 10.0 10.0 50.0 8.0 2.0
100.0 -2.0 8.0 50.0 8.0 4.0
100.0 -2.0 10.0 50.0 4.0 8.0
100.0 -2.0 10.0 50.0 4.0 8.0
100.0 10.0 10.0 48.0 8.0 6.0
100.0 10.0 10.0 48.0 8.0 2.0
96.0 -2.0 10.0 50.0 8.0 6.0
96.0 -2.0 10.0 52.0 8.0 8.0
98.0 -2.0 16.0 52.0 8.0 8.0
98.0 -2.0 8.0 48.0 8.0 4.0
94.0 4.0 8.0 46.0 0.0 4.0
94.0 6.0 8.0 46.0 -2.0 4.0
92.0 6.0 10.0 46.0 -2.0 6.0
92.0 4.0 12.0 50.0 4.0 4.0
88.0 0.0 10.0 50.0 6.0 -2.0
88.0 -4.0 12.0 48.0 6.0 -2.0
90.0 -6.0 12.0 48.0 8.0 4.0
90.0 -4.0 12.0 48.0 8.0 4.0
76.0 2.0 12.0 44.0 8.0 0.0
60.0 2.0 6.0 42.0 6.0 0.0
60.0 2.0 6.0 40.0 4.0 0.0
58.0 0.0 6.0 38.0 6.0 -2.0
58.0 0.0 8.0 18.0 6.0 -2.0
58.0 0.0 8.0 18.0 6.0 -4.0
58.0 0.0 4.0 18.0 0.0 2.0
62.0 -2.0 4.0 18.0 0.0 4.0
62.0 0.0 8.0 18.0 -2.0 6.0
56.0 -2.0 8.0 10.0 0.0 4.0
50.0 -6.0 6.0 10.0 -4.0 2.0
56.0 -6.0 6.0 12.0 2.0 0.0
56.0 -2.0 6.0 22.0 2.0 0.0
56.0 0.0 6.0 18.0 2.0 0.0
56.0 2.0 6.0 18.0 2.0 0.0
56.0 0.0 -2.0 18.0 0.0 4.0
56.0 -2.0 0.0 10.0 0.0 4.0
56.0 -2.0 0.0 10.0 0.0 0.0
56.0 -2.0 6.0 12.0 0.0 0.0
54.0 -8.0 10.0 16.0 0.0 -4.0
60.0 -2.0 10.0 16.0 4.0 2.0
58.0 -6.0 10.0 14.0 4.0 -4.0
60.0 -2.0 10.0 14.0 4.0 -2.0
58.0 0.0 10.0 14.0 4.0 -2.0
60.0 0.0 6.0 16.0 8.0 4.0
60.0 0.0 6.0 18.0 4.0 4.0
60.0 -2.0 8.0 24.0 4.0 4.0
58.0 0.0 8.0 20.0 4.0 2.0
54.0 -2.0 0.0 20.0 4.0 -4.0
54.0 -4.0 0.0 16.0 6.0 -4.0
56.0 -4.0 12.0 16.0 2.0 -2.0
60.0 -4.0 14.0 18.0 0.0 0.0
56.0 -6.0 14.0 18.0 -2.0 4.0
56.0 -6.0 10.0 24.0 0.0 0.0
56.0 -6.0 8.0 16.0 0.0 2.0
56.0 -4.0 6.0 16.0 8.0 2.0
56.0 -4.0 6.0 16.0 8.0 4.0
56.0 -2.0 0.0 16.0 2.0 4.0
62.0 0.0 6.0 18.0 2.0 4.0
62.0 -2.0 6.0 18.0 2.0 2.0
52.0 -2.0 6.0 20.0 -2.0 -2.0
52.0 -2.0 10.0 18.0 -2.0 -2.0
52.0 0.0 8.0 18.0 -6.0 0.0
54.0 0.0 10.0 12.0 0.0 0.0
54.0 -2.0 8.0 12.0 -4.0 0.0
54.0 -2.0 8.0 12.0 0.0 0.0
52.0 -2.0 2.0 18.0 0.0 0.0
48.0 2.0 2.0 18.0 0.0 0.0
48.0 2.0 16.0 18.0 -6.0 8.0
48.0 2.0 16.0 16.0 -8.0 8.0
48.0 0.0 6.0 16.0 -6.0 8.0
48.0 0.0 6.0 26.0 -2.0 8.0
56.0 2.0 6.0 26.0 0.0 10.0
56.0 4.0 4.0 24.0 0.0 8.0
56.0 6.0 4.0 22.0 6.0 -2.0
56.0 6.0 4.0 20.0 2.0 -2.0
58.0 0.0 4.0 20.0 2.0 -2.0
58.0 -2.0 4.0 20.0 2.0 2.0
58.0 0.0 4.0 20.0 -2.0 2.0
50.0 -4.0 10.0 10.0 0.0 8.0
50.0 -4.0 10.0 10.0 -2.0 8.0
52.0 -4.0 10.0 14.0 -2.0 2.0
60.0 0.0 10.0 14.0 -2.0 0.0
60.0 0.0 10.0 14.0 0.0 0.0
52.0 0.0 10.0 16.0 0.0 -2.0
52.0 -4.0 6.0 22.0 0.0 -2.0
52.0 -4.0 6.0 22.0 0.0 6.0
52.0 2.0 6.0 22.0 0.0 6.0
52.0 2.0 6.0 22.0 -2.0 2.0
52.0 2.0 8.0 18.0 -2.0 2.0
52.0 -8.0 12.0 10.0 0.0 2.0
52.0 2.0 16.0 10.0 4.0 2.0
52.0 -2.0 16.0 24.0 4.0 0.0
52.0 -2.0 10.0 24.0 4.0 0.0
50.0 -2.0 10.0 16.0 4.0 0.0
58.0 4.0 4.0 16.0 4.0 6.0
56.0 4.0 6.0 16.0 4.0 8.0
56.0 -4.0 6.0 14.0 0.0 6.0
54.0 -4.0 6.0 14.0 0.0 8.0
50.0 2.0 8.0 16.0 6.0 6.0
54.0 4.0 10.0 20.0 6.0 6.0
52.0 2.0 10.0 20.0 2.0 6.0
58.0 2.0 10.0 16.0 2.0 2.0
58.0 -2.0 8.0 16.0 4.0 4.0
60.0 -2.0 8.0 16.0 4.0 4.0
60.0 -2.0 8.0 12.0 4.0 4.0
62.0 -4.0 8.0 16.0 4.0 4.0
62.0 -4.0 10.0 14.0 4.0 4.0
62.0 4.0 10.0 16.0 2.0 2.0
62.0 4.0 10.0 16.0 4.0 2.0
52.0 2.0 6.0 16.0 2.0 2.0
50.0 2.0 6.0 18.0 4.0 4.0
50.0 6.0 6.0 18.0 -2.0 8.0
62.0 6.0 10.0 18.0 4.0 4.0
62.0 0.0 10.0 14.0 -2.0 2.0
66.0 -2.0 10.0 18.0 -4.0 2.0
60.0 -4.0 8.0 14.0 -4.0 2.0
66.0 -4.0 4.0 18.0 -4.0 4.0
66.0 -4.0 4.0 14.0 0.0 0.0
66.0 2.0 8.0 10.0 0.0 4.0
66.0 4.0 12.0 6.0 0.0 -2.0
64.0 2.0 8.0 10.0 4.0 0.0
64.0 0.0 12.0 12.0 4.0 0.0
62.0 -2.0 6.0 12.0 6.0 2.0
60.0 0.0 12.0 14.0 6.0 2.0
62.0 6.0 8.0 12.0 6.0 6.0
60.0 6.0 10.0 14.0 4.0 4.0
64.0 8.0 8.0 10.0 0.0 4.0
62.0 0.0 10.0 18.0 2.0 4.0
64.0 0.0 10.0 10.0 0.0 2.0
62.0 0.0 12.0 16.0 0.0 2.0
62.0 -2.0 10.0 16.0 0.0 -4.0
62.0 -2.0 10.0 16.0 -2.0 -4.0
62.0 0.0 8.0 14.0 -2.0 6.0
60.0 4.0 8.0 14.0 -2.0 6.0
62.0 6.0 10.0 14.0 2.0 2.0
60.0 6.0 16.0 16.0 2.0 0.0
60.0 4.0 10.0 14.0 2.0 2.0
60.0 4.0 6.0 14.0 4.0 10.0
62.0 2.0 6.0 14.0 2.0 10.0
64.0 2.0 6.0 16.0 0.0 8.0
64.0 -2.0 6.0 16.0 0.0 -2.0
58.0 -2.0 10.0 20.0 0.0 0.0
58.0 4.0 10.0 20.0 0.0 0.0
