# Target: open_hand
# Dominant_Vision: Open Hand
0.0 0.0 2.0 4.0 0.0 0.0
0.0 6.0 0.0 4.0 0.0 0.0
-4.0 6.0 2.0 4.0 -6.0 4.0
-4.0 6.0 2.0 4.0 -6.0 2.0
0.0 8.0 2.0 6.0 0.0 4.0
0.0 8.0 -8.0 8.0 0.0 4.0
0.0 8.0 -8.0 10.0 2.0 6.0
-2.0 6.0 -6.0 10.0 0.0 6.0
-2.0 6.0 -2.0 -4.0 0.0 6.0
-4.0 4.0 -2.0 -4.0 0.0 -2.0
-4.0 6.0 -2.0 -4.0 -2.0 -2.0
-4.0 0.0 4.0 2.0 -6.0 -2.0
-10.0 4.0 4.0 10.0 -6.0 2.0
-8.0 4.0 4.0 10.0 -6.0 2.0
-8.0 10.0 2.0 6.0 -4.0 2.0
-8.0 10.0 2.0 2.0 0.0 4.0
-8.0 10.0 2.0 -2.0 0.0 4.0
-8.0 10.0 2.0 2.0 -10.0 0.0
-8.0 8.0 2.0 6.0 -10.0 0.0
2.0 6.0 0.0 6.0 -8.0 0.0
10.0 4.0 2.0 6.0 -4.0 2.0
16.0 4.0 0.0 12.0 -4.0 0.0
24.0 0.0 -6.0 12.0 -2.0 4.0
24.0 0.0 -6.0 10.0 -2.0 0.0
34.0 0.0 4.0 10.0 0.0 6.0
38.0 2.0 8.0 2.0 0.0 2.0
44.0 2.0 8.0 10.0 0.0 6.0
46.0 8.0 8.0 12.0 -4.0 2.0
56.0 8.0 8.0 18.0 -4.0 4.0
74.0 8.0 6.0 20.0 -4.0 4.0
76.0 10.0 8.0 28.0 4.0 4.0
82.0 14.0 8.0 28.0 4.0 4.0
96.0 16.0 10.0 42.0 4.0 4.0
100.0 16.0 14.0 48.0 2.0 4.0
100.0 18.0 14.0 48.0 2.0 4.0
100.0 18.0 10.0 76.0 24.0 4.0
100.0 18.0 10.0 100.0 32.0 6.0
100.0 18.0 10.0 100.0 36.0 6.0
100.0 16.0 10.0 100.0 38.0 6.0
100.0 14.0 10.0 100.0 40.0 12.0
100.0 12.0 10.0 100.0 38.0 12.0
100.0 12.0 16.0 100.0 42.0 12.0
100.0 20.0 16.0 100.0 56.0 12.0
100.0 26.0 16.0 100.0 56.0 8.0
100.0 26.0 16.0 100.0 64.0 8.0
100.0 26.0 16.0 100.0 64.0 8.0
100.0 24.0 18.0 100.0 74.0 12.0
100.0 22.0 22.0 100.0 74.0 12.0
100.0 22.0 24.0 100.0 78.0 14.0
100.0 22.0 26.0 100.0 78.0 12.0
100.0 20.0 26.0 100.0 78.0 14.0
100.0 20.0 22.0 100.0 86.0 12.0
100.0 24.0 22.0 100.0 88.0 12.0
100.0 24.0 22.0 100.0 88.0 10.0
100.0 24.0 22.0 100.0 80.0 10.0
100.0 26.0 22.0 100.0 80.0 10.0
100.0 28.0 24.0 100.0 76.0 10.0
100.0 26.0 24.0 100.0 70.0 6.0
100.0 26.0 24.0 100.0 74.0 6.0
100.0 24.0 24.0 100.0 74.0 4.0
100.0 26.0 16.0 100.0 74.0 4.0
100.0 24.0 28.0 100.0 68.0 4.0
100.0 28.0 22.0 100.0 62.0 0.0
100.0 28.0 24.0 100.0 60.0 0.0
100.0 28.0 24.0 100.0 58.0 6.0
100.0 28.0 30.0 100.0 54.0 6.0
100.0 28.0 30.0 100.0 50.0 2.0
100.0 28.0 22.0 100.0 48.0 2.0
100.0 24.0 20.0 100.0 46.0 2.0
100.0 24.0 20.0 100.0 44.0 -4.0
100.0 26.0 16.0 100.0 34.0 -4.0
100.0 26.0 18.0 100.0 34.0 -2.0
100.0 26.0 12.0 100.0 30.0 0.0
100.0 12.0 18.0 100.0 22.0 4.0
100.0 20.0 24.0 100.0 18.0 4.0
100.0 20.0 24.0 100.0 16.0 4.0
100.0 20.0 22.0 100.0 12.0 2.0
100.0 20.0 20.0 100.0 8.0 2.0
100.0 10.0 20.0 100.0 8.0 2.0
100.0 10.0 16.0 98.0 8.0 10.0
100.0 18.0 16.0 94.0 8.0 10.0
100.0 18.0 16.0 94.0 4.0 6.0
100.0 20.0 18.0 82.0 2.0 2.0
100.0 22.0 16.0 68.0 2.0 2.0
100.0 20.0 14.0 64.0 2.0 2.0
100.0 18.0 14.0 60.0 0.0 -2.0
100.0 18.0 14.0 58.0 0.0 -4.0
100.0 20.0 16.0 58.0 -2.0 -2.0
100.0 20.0 10.0 60.0 0.0 0.0
96.0 10.0 16.0 60.0 -2.0 2.0
92.0 10.0 16.0 50.0 2.0 0.0
92.0 10.0 16.0 50.0 -4.0 -2.0
92.0 16.0 16.0 50.0 -4.0 -6.0
84.0 18.0 8.0 50.0 -8.0 -2.0
82.0 18.0 14.0 44.0 -8.0 -6.0
78.0 12.0 12.0 44.0 -8.0 6.0
72.0 12.0 12.0 40.0 2.0 -6.0
64.0 12.0 8.0 40.0 -8.0 0.0
60.0 14.0 8.0 38.0 -8.0 0.0
56.0 10.0 16.0 40.0 -8.0 4.0
44.0 8.0 16.0 34.0 -8.0 4.0
42.0 8.0 10.0 34.0 -4.0 6.0
38.0 12.0 10.0 32.0 -4.0 2.0
22.0 12.0 18.0 26.0 -4.0 0.0
22.0 10.0 18.0 26.0 -4.0 0.0
12.0 10.0 18.0 26.0 -6.0 4.0
10.0 12.0 12.0 24.0 -6.0 4.0
6.0 12.0 18.0 14.0 -8.0 4.0
4.0 12.0 12.0 14.0 -8.0 2.0
0.0 10.0 20.0 18.0 -8.0 4.0
-8.0 10.0 10.0 18.0 -10.0 2.0
-10.0 10.0 10.0 16.0 -10.0 -2.0
-10.0 8.0 4.0 14.0 -6.0 -2.0
-10.0 8.0 4.0 14.0 -4.0 2.0
-12.0 12.0 2.0 16.0 -4.0 2.0
-14.0 14.0 10.0 16.0 -6.0 4.0
-14.0 12.0 12.0 16.0 -10.0 4.0
-16.0 10.0 12.0 10.0 -10.0 2.0
-16.0 8.0 8.0 16.0 -10.0 0.0
-22.0 8.0 8.0 12.0 -8.0 0.0
-22.0 8.0 6.0 14.0 -8.0 0.0
-22.0 8.0 12.0 12.0 -6.0 0.0
-32.0 6.0 12.0 12.0 -6.0 0.0
-32.0 14.0 12.0 10.0 -8.0 0.0
-32.0 6.0 8.0 12.0 -8.0 -4.0
-30.0 10.0 8.0 12.0 -4.0 0.0
-30.0 10.0 10.0 16.0 -4.0 4.0
-32.0 10.0 12.0 14.0 -8.0 4.0
-32.0 12.0 10.0 16.0 -8.0 2.0
-32.0 12.0 12.0 14.0 -4.0 2.0
-36.0 12.0 12.0 12.0 2.0 2.0
-36.0 12.0 12.0 6.0 2.0 -4.0
-38.0 10.0 10.0 6.0 -2.0 4.0
-36.0 10.0 10.0 8.0 -14.0 4.0
-32.0 10.0 12.0 12.0 -2.0 6.0
-32.0 14.0 12.0 12.0 -8.0 4.0
-32.0 10.0 8.0 12.0 -2.0 4.0
-38.0 12.0 8.0 2.0 -6.0 4.0
-38.0 6.0 8.0 14.0 -2.0 -2.0
-40.0 12.0 8.0 8.0 -2.0 2.0
-34.0 6.0 8.0 16.0 -2.0 2.0
-40.0 14.0 10.0 8.0 -4.0 2.0
-36.0 6.0 8.0 6.0 -4.0 2.0
-42.0 10.0 8.0 6.0 -4.0 2.0
-40.0 10.0 8.0 6.0 -4.0 2.0
-40.0 10.0 14.0 12.0 -4.0 2.0
-36.0 12.0 14.0 12.0 -4.0 -2.0
-28.0 8.0 10.0 8.0 -2.0 -2.0
-28.0 8.0 10.0 8.0 -4.0 -6.0
-34.0 8.0 12.0 8.0 -4.0 -6.0
-34.0 8.0 12.0 4.0 -4.0 -6.0
-34.0 10.0 14.0 4.0 -6.0 4.0
-40.0 10.0 4.0 8.0 -6.0 4.0
-40.0 12.0 8.0 8.0 -10.0 2.0
-38.0 12.0 4.0 8.0 -10.0 2.0
-36.0 10.0 6.0 8.0 -10.0 8.0
-36.0 10.0 2.0 8.0 -10.0 8.0
-36.0 8.0 2.0 10.0 -4.0 8.0
-36.0 8.0 2.0 8.0 -6.0 2.0
-42.0 6.0 6.0 4.0 -6.0 4.0
-34.0 8.0 6.0 4.0 -6.0 4.0
-32.0 16.0 4.0 0.0 -6.0 6.0
-32.0 16.0 4.0 0.0 -10.0 6.0
-34.0 16.0 8.0 -2.0 -10.0 6.0
-36.0 10.0 10.0 0.0 -2.0 4.0
-46.0 10.0 8.0 0.0 -2.0 4.0
-48.0 10.0 10.0 2.0 -8.0 2.0
-46.0 10.0 10.0 2.0 -8.0 2.0
-42.0 4.0 10.0 8.0 -8.0 2.0
-42.0 4.0 8.0 12.0 -6.0 6.0
-44.0 0.0 8.0 12.0 -10.0 6.0
-44.0 8.0 2.0 10.0 -8.0 4.0
-52.0 4.0 10.0 6.0 -8.0 0.0
-42.0 8.0 8.0 6.0 -8.0 4.0
-42.0 10.0 10.0 8.0 -8.0 0.0
-40.0 12.0 8.0 8.0 -12.0 2.0
-38.0 12.0 4.0 2.0 -6.0 0.0
-38.0 14.0 4.0 2.0 -8.0 0.0
-38.0 12.0 8.0 2.0 -6.0 0.0
-38.0 14.0 8.0 2.0 -6.0 0.0
-38.0 8.0 10.0 2.0 -6.0 2.0
-38.0 6.0 10.0 6.0 -6.0 2.0
-38.0 6.0 10.0 6.0 -6.0 2.0
-40.0 8.0 10.0 12.0 -6.0 12.0
-40.0 12.0 10.0 10.0 -2.0 0.0
-40.0 12.0 10.0 10.0 -2.0 8.0
-46.0 18.0 4.0 10.0 -2.0 4.0
-46.0 18.0 10.0 8.0 -6.0 4.0
-36.0 12.0 12.0 8.0 -6.0 2.0
-34.0 10.0 12.0 4.0 -6.0 0.0
-36.0 12.0 6.0 0.0 -6.0 2.0
-44.0 16.0 6.0 0.0 0.0 0.0
-44.0 16.0 2.0 4.0 0.0 6.0
-44.0 18.0 8.0 4.0 0.0 0.0
-42.0 16.0 2.0 4.0 0.0 0.0
-42.0 16.0 6.0 6.0 -2.0 0.0
-38.0 10.0 6.0 6.0 -2.0 8.0
-38.0 10.0 8.0 6.0 -8.0 8.0
-40.0 18.0 8.0 6.0 -8.0 2.0
-40.0 18.0 8.0 12.0 -8.0 2.0
-38.0 12.0 12.0 12.0 -4.0 4.0
-38.0 12.0 12.0 12.0 -4.0 4.0
-46.0 14.0 10.0 14.0 -4.0 2.0
-46.0 14.0 10.0 14.0 -4.0 2.0
-38.0 14.0 12.0 12.0 0.0 2.0
-38.0 12.0 12.0 12.0 4.0 4.0
-40.0 12.0 14.0 8.0 4.0 2.0
-44.0 12.0 14.0 6.0 0.0 4.0
-44.0 12.0 12.0 0.0 -4.0 -2.0
-38.0 14.0 12.0 -4.0 -6.0 6.0
-38.0 14.0 14.0 -4.0 -8.0 6.0
-44.0 10.0 20.0 12.0 -8.0 6.0
-44.0 10.0 14.0 12.0 2.0 6.0
-40.0 8.0 10.0 6.0 2.0 2.0
-38.0 8.0 4.0 6.0 -4.0 2.0
-38.0 8.0 10.0 0.0 -6.0 2.0
-38.0 16.0 16.0 0.0 -4.0 6.0
-38.0 16.0 16.0 0.0 -6.0 6.0
-38.0 12.0 12.0 0.0 -6.0 6.0
-38.0 12.0 12.0 6.0 -6.0 2.0
-38.0 14.0 14.0 6.0 -2.0 4.0
-40.0 14.0 14.0 6.0 -2.0 2.0
-38.0 14.0 12.0 4.0 -8.0 4.0
-38.0 14.0 8.0 4.0 -8.0 8.0
-38.0 14.0 4.0 10.0 -4.0 8.0
-52.0 12.0 4.0 10.0 -4.0 6.0
-52.0 12.0 4.0 6.0 -2.0 6.0
-38.0 12.0 8.0 4.0 -8.0 6.0
