# Target: open_hand
# Dominant_Vision: Open Hand
0.0 -2.0 10.0 0.0 0.0 6.0
-4.0 -4.0 10.0 0.0 8.0 4.0
-4.0 -4.0 12.0 6.0 8.0 4.0
0.0 -2.0 12.0 6.0 0.0 4.0
0.0 4.0 12.0 8.0 -4.0 4.0
-4.0 4.0 12.0 8.0 0.0 6.0
-8.0 4.0 12.0 0.0 -2.0 6.0
-6.0 0.0 12.0 -2.0 -2.0 2.0
-6.0 2.0 12.0 0.0 -2.0 2.0
-6.0 -2.0 12.0 2.0 -2.0 6.0
-2.0 0.0 12.0 2.0 2.0 6.0
-10.0 0.0 18.0 2.0 2.0 6.0
-12.0 0.0 18.0 0.0 2.0 6.0
-12.0 -4.0 12.0 2.0 2.0 0.0
-6.0 -4.0 12.0 -2.0 -6.0 -6.0
-6.0 -4.0 12.0 6.0 -6.0 -6.0
-6.0 0.0 12.0 -2.0 -4.0 -2.0
-6.0 2.0 14.0 6.0 -4.0 0.0
0.0 6.0 14.0 2.0 4.0 0.0
0.0 6.0 10.0 10.0 -4.0 -2.0
2.0 6.0 2.0 4.0 -4.0 -2.0
2.0 6.0 2.0 4.0 -4.0 -2.0
2.0 6.0 2.0 4.0 0.0 4.0
-6.0 6.0 6.0 4.0 0.0 4.0
-10.0 6.0 2.0 4.0 -6.0 4.0
-12.0 -4.0 2.0 0.0 -8.0 6.0
-12.0 6.0 2.0 6.0 -8.0 6.0
-12.0 -8.0 10.0 14.0 -6.0 2.0
-6.0 6.0 14.0 16.0 -2.0 2.0
-4.0 6.0 10.0 16.0 2.0 2.0
-2.0 10.0 12.0 8.0 4.0 10.0
4.0 10.0 8.0 8.0 2.0 10.0
6.0 10.0 12.0 18.0 4.0 6.0
6.0 10.0 8.0 20.0 -2.0 6.0
16.0 10.0 10.0 36.0 -2.0 6.0
16.0 10.0 10.0 40.0 -2.0 -4.0
16.0 10.0 10.0 72.0 4.0 -4.0
32.0 10.0 12.0 84.0 4.0 8.0
34.0 10.0 10.0 100.0 -8.0 12.0
66.0 8.0 12.0 100.0 -8.0 12.0
84.0 8.0 20.0 100.0 6.0 12.0
100.0 16.0 20.0 100.0 18.0 14.0
100.0 24.0 20.0 100.0 20.0 14.0
100.0 24.0 30.0 100.0 20.0 14.0
100.0 22.0 34.0 100.0 24.0 12.0
100.0 22.0 36.0 100.0 38.0 10.0
100.0 24.0 36.0 100.0 48.0 10.0
100.0 24.0 30.0 100.0 48.0 10.0
100.0 24.0 30.0 100.0 50.0 12.0
100.0 22.0 30.0 100.0 50.0 6.0
100.0 34.0 38.0 100.0 56.0 22.0
100.0 28.0 34.0 100.0 64.0 4.0
100.0 28.0 38.0 100.0 66.0 18.0
100.0 28.0 44.0 100.0 70.0 8.0
100.0 26.0 44.0 100.0 74.0 18.0
100.0 34.0 46.0 100.0 72.0 16.0
100.0 34.0 46.0 100.0 72.0 18.0
100.0 34.0 46.0 100.0 72.0 16.0
100.0 30.0 48.0 100.0 76.0 20.0
100.0 30.0 48.0 100.0 76.0 18.0
100.0 28.0 56.0 100.0 76.0 22.0
100.0 28.0 58.0 100.0 74.0 22.0
100.0 30.0 60.0 100.0 74.0 22.0
100.0 30.0 62.0 100.0 72.0 22.0
100.0 28.0 62.0 100.0 66.0 28.0
100.0 28.0 56.0 100.0 64.0 28.0
100.0 26.0 56.0 100.0 64.0 24.0
100.0 28.0 56.0 100.0 66.0 16.0
100.0 26.0 58.0 100.0 68.0 16.0
100.0 28.0 60.0 100.0 68.0 18.0
100.0 28.0 60.0 100.0 68.0 20.0
100.0 28.0 68.0 100.0 58.0 20.0
100.0 32.0 56.0 100.0 72.0 14.0
100.0 18.0 60.0 100.0 68.0 14.0
100.0 28.0 60.0 100.0 68.0 18.0
100.0 26.0 60.0 100.0 66.0 20.0
100.0 26.0 62.0 100.0 64.0 20.0
100.0 26.0 56.0 100.0 62.0 14.0
100.0 26.0 56.0 100.0 60.0 14.0
100.0 26.0 56.0 100.0 58.0 14.0
100.0 26.0 58.0 100.0 52.0 10.0
100.0 20.0 58.0 100.0 48.0 4.0
100.0 8.0 56.0 100.0 44.0 4.0
100.0 8.0 54.0 100.0 26.0 4.0
100.0 6.0 42.0 100.0 18.0 8.0
100.0 6.0 36.0 100.0 18.0 8.0
100.0 0.0 28.0 100.0 12.0 0.0
100.0 0.0 28.0 100.0 10.0 0.0
100.0 -4.0 28.0 100.0 8.0 0.0
100.0 6.0 18.0 100.0 2.0 0.0
100.0 0.0 18.0 100.0 2.0 2.0
100.0 0.0 20.0 100.0 4.0 8.0
100.0 -4.0 20.0 100.0 6.0 8.0
98.0 -4.0 16.0 100.0 6.0 8.0
92.0 2.0 16.0 100.0 6.0 4.0
82.0 2.0 16.0 100.0 6.0 8.0
60.0 2.0 16.0 100.0 6.0 8.0
58.0 2.0 16.0 100.0 6.0 10.0
54.0 2.0 18.0 100.0 6.0 10.0
56.0 4.0 18.0 86.0 8.0 10.0
56.0 6.0 14.0 84.0 8.0 10.0
56.0 6.0 14.0 80.0 4.0 10.0
56.0 2.0 16.0 72.0 4.0 4.0
52.0 2.0 20.0 72.0 4.0 2.0
52.0 2.0 20.0 68.0 2.0 0.0
52.0 2.0 20.0 68.0 2.0 0.0
52.0 2.0 20.0 62.0 2.0 4.0
50.0 -4.0 20.0 70.0 2.0 4.0
52.0 2.0 20.0 66.0 2.0 4.0
50.0 2.0 18.0 68.0 2.0 4.0
52.0 2.0 18.0 66.0 4.0 0.0
50.0 -6.0 20.0 60.0 4.0 0.0
52.0 -6.0 22.0 54.0 4.0 0.0
50.0 -4.0 22.0 48.0 2.0 2.0
50.0 6.0 14.0 48.0 0.0 4.0
50.0 6.0 14.0 52.0 0.0 4.0
50.0 0.0 14.0 54.0 2.0 4.0
56.0 -2.0 12.0 52.0 4.0 8.0
48.0 -2.0 12.0 52.0 6.0 2.0
48.0 0.0 14.0 48.0 4.0 2.0
48.0 0.0 14.0 48.0 -2.0 2.0
48.0 -8.0 12.0 56.0 -2.0 4.0
38.0 -8.0 12.0 56.0 2.0 4.0
46.0 -6.0 18.0 48.0 2.0 4.0
44.0 2.0 18.0 40.0 2.0 2.0
46.0 2.0 18.0 40.0 2.0 2.0
44.0 2.0 18.0 40.0 -6.0 2.0
48.0 2.0 18.0 40.0 -4.0 -2.0
44.0 4.0 8.0 36.0 -6.0 8.0
40.0 4.0 8.0 36.0 -4.0 -2.0
40.0 8.0 12.0 36.0 0.0 6.0
40.0 -2.0 18.0 34.0 2.0 6.0
44.0 10.0 18.0 34.0 2.0 6.0
44.0 4.0 20.0 32.0 -6.0 2.0
40.0 4.0 12.0 32.0 -6.0 2.0
32.0 2.0 12.0 32.0 0.0 0.0
4.0 2.0 12.0 38.0 0.0 6.0
4.0 2.0 20.0 26.0 0.0 6.0
2.0 2.0 22.0 26.0 -2.0 8.0
2.0 -2.0 20.0 24.0 4.0 8.0
2.0 -2.0 16.0 24.0 4.0 6.0
-4.0 4.0 14.0 28.0 4.0 6.0
-4.0 4.0 14.0 36.0 2.0 6.0
2.0 4.0 14.0 36.0 2.0 2.0
2.0 6.0 12.0 36.0 2.0 2.0
2.0 6.0 12.0 32.0 -2.0 -8.0
6.0 6.0 16.0 22.0 -4.0 -12.0
6.0 0.0 20.0 32.0 -4.0 -12.0
6.0 0.0 20.0 34.0 -2.0 -2.0
2.0 0.0 16.0 34.0 0.0 -2.0
0.0 2.0 14.0 24.0 0.0 -2.0
0.0 2.0 12.0 22.0 2.0 -2.0
0.0 -2.0 12.0 24.0 2.0 4.0
-2.0 -8.0 12.0 28.0 0.0 4.0
-2.0 -8.0 16.0 30.0 0.0 6.0
4.0 0.0 18.0 38.0 2.0 0.0
4.0 2.0 18.0 38.0 2.0 -2.0
4.0 2.0 14.0 32.0 -2.0 -2.0
8.0 2.0 14.0 28.0 -4.0 -2.0
8.0 2.0 22.0 20.0 -2.0 -2.0
6.0 2.0 22.0 22.0 0.0 2.0
6.0 0.0 24.0 22.0 0.0 6.0
2.0 -2.0 20.0 28.0 0.0 6.0
2.0 -2.0 14.0 28.0 2.0 6.0
2.0 2.0 14.0 24.0 2.0 8.0
2.0 2.0 12.0 24.0 2.0 8.0
2.0 2.0 14.0 30.0 4.0 2.0
-2.0 0.0 14.0 32.0 4.0 2.0
-2.0 0.0 16.0 30.0 0.0 2.0
0.0 0.0 16.0 28.0 0.0 6.0
0.0 2.0 14.0 28.0 0.0 6.0
0.0 2.0 12.0 28.0 2.0 6.0
4.0 2.0 14.0 28.0 2.0 10.0
4.0 0.0 16.0 28.0 2.0 6.0
2.0 -2.0 16.0 24.0 -2.0 6.0
2.0 -6.0 14.0 24.0 -4.0 2.0
2.0 -6.0 14.0 24.0 -4.0 2.0
4.0 -4.0 14.0 24.0 -2.0 2.0
4.0 -4.0 14.0 24.0 0.0 2.0
4.0 -4.0 14.0 26.0 -2.0 -2.0
4.0 -2.0 8.0 26.0 -6.0 -4.0
4.0 2.0 8.0 26.0 -6.0 -4.0
6.0 2.0 16.0 26.0 -6.0 -6.0
6.0 -2.0 20.0 28.0 6.0 -4.0
4.0 -4.0 22.0 38.0 6.0 -4.0
0.0 -2.0 22.0 38.0 4.0 0.0
0.0 4.0 20.0 34.0 0.0 0.0
8.0 4.0 20.0 28.0 0.0 -4.0
8.0 4.0 16.0 34.0 0.0 -4.0
6.0 2.0 18.0 30.0 0.0 -4.0
4.0 8.0 16.0 34.0 0.0 2.0
4.0 0.0 16.0 30.0 2.0 0.0
4.0 0.0 14.0 34.0 -2.0 2.0
0.0 0.0 14.0 28.0 -2.0 0.0
4.0 -4.0 14.0 28.0 -6.0 -4.0
0.0 2.0 8.0 24.0 -6.0 -4.0
4.0 -6.0 12.0 24.0 0.0 0.0
0.0 2.0 12.0 28.0 2.0 4.0
-2.0 -2.0 16.0 30.0 2.0 4.0
-2.0 -2.0 16.0 30.0 4.0 4.0
0.0 -4.0 16.0 30.0 4.0 4.0
2.0 -4.0 14.0 30.0 4.0 4.0
4.0 0.0 12.0 30.0 4.0 -2.0
4.0 0.0 12.0 26.0 4.0 -2.0
4.0 0.0 12.0 26.0 4.0 -2.0
-2.0 0.0 20.0 22.0 4.0 4.0
6.0 6.0 20.0 26.0 0.0 4.0
-2.0 6.0 10.0 26.0 0.0 4.0
6.0 -2.0 10.0 30.0 2.0 6.0
2.0 -2.0 10.0 30.0 6.0 4.0
2.0 -2.0 10.0 24.0 6.0 6.0
2.0 -2.0 10.0 24.0 4.0 4.0
6.0 -4.0 12.0 22.0 2.0 2.0
8.0 -4.0 12.0 26.0 2.0 2.0
8.0 0.0 14.0 26.0 0.0 -2.0
4.0 2.0 14.0 28.0 2.0 -2.0
4.0 4.0 16.0 30.0 2.0 -2.0
6.0 4.0 18.0 30.0 2.0 -2.0
6.0 4.0 16.0 30.0 2.0 -6.0
2.0 8.0 20.0 30.0 4.0 -6.0
0.0 8.0 20.0 30.0 4.0 -6.0
0.0 8.0 20.0 28.0 4.0 -2.0
4.0 6.0 20.0 28.0 0.0 -2.0
4.0 -4.0 12.0 30.0 -6.0 -2.0
2.0 6.0 12.0 30.0 -6.0 -2.0
2.0 4.0 14.0 20.0 2.0 4.0
6.0 4.0 16.0 20.0 2.0 -2.0
6.0 2.0 14.0 28.0 0.0 4.0
6.0 2.0 12.0 30.0 0.0 2.0
0.0 4.0 6.0 28.0 2.0 2.0
0.0 4.0 12.0 30.0 2.0 -2.0
2.0 2.0 16.0 28.0 2.0 -2.0
2.0 -2.0 16.0 30.0 0.0 -4.0
0.0 -2.0 14.0 26.0 0.0 -4.0
0.0 -2.0 14.0 30.0 0.0 2.0
4.0 4.0 16.0 26.0 2.0 2.0
4.0 4.0 16.0 30.0 2.0 2.0
4.0 0.0 16.0 22.0 2.0 2.0
0.0 0.0 16.0 24.0 2.0 2.0
6.0 6.0 16.0 18.0 2.0 0.0
0.0 6.0 18.0 24.0 2.0 -2.0
2.0 6.0 14.0 30.0 4.0 -2.0
