# Target: open_hand
# Dominant_Vision: Open Hand
0.0 0.0 -4.0 -2.0 -4.0 -12.0
-6.0 0.0 -4.0 0.0 -6.0 -12.0
-6.0 0.0 -10.0 -2.0 -10.0 -12.0
-4.0 0.0 -10.0 -4.0 -10.0 -16.0
-2.0 0.0 -10.0 -4.0 -10.0 -16.0
4.0 0.0 4.0 0.0 -6.0 -14.0
4.0 2.0 2.0 0.0 -4.0 -10.0
8.0 4.0 2.0 0.0 -4.0 -8.0
6.0 4.0 -4.0 -6.0 -4.0 -8.0
8.0 -2.0 -4.0 -6.0 -4.0 -8.0
6.0 -2.0 -8.0 -6.0 -2.0 -8.0
8.0 0.0 -4.0 -6.0 -4.0 -14.0
6.0 0.0 -2.0 -6.0 -4.0 -14.0
0.0 4.0 2.0 -12.0 -4.0 -14.0
0.0 4.0 2.0 -12.0 -4.0 -10.0
10.0 4.0 4.0 -8.0 -4.0 -10.0
10.0 0.0 -2.0 -8.0 -2.0 -10.0
10.0 0.0 0.0 0.0 -4.0 -10.0
12.0 10.0 -2.0 -2.0 -4.0 -10.0
6.0 10.0 -4.0 0.0 -4.0 -10.0
14.0 8.0 -4.0 -2.0 -4.0 -10.0
12.0 4.0 -2.0 -2.0 -2.0 -12.0
12.0 4.0 -2.0 -2.0 -2.0 -12.0
8.0 0.0 -2.0 -2.0 2.0 -14.0
8.0 0.0 -2.0 -2.0 2.0 -14.0
8.0 -4.0 2.0 -2.0 4.0 -12.0
8.0 0.0 2.0 0.0 2.0 -12.0
8.0 4.0 2.0 2.0 4.0 -10.0
14.0 4.0 2.0 2.0 4.0 -18.0
20.0 -2.0 2.0 -2.0 4.0 -12.0
20.0 -2.0 -2.0 -2.0 0.0 -12.0
28.0 -6.0 -2.0 6.0 -2.0 -12.0
46.0 0.0 2.0 8.0 0.0 -10.0
80.0 0.0 2.0 30.0 2.0 -10.0
98.0 8.0 2.0 48.0 2.0 -10.0
100.0 12.0 0.0 62.0 2.0 -10.0
100.0 12.0 4.0 72.0 2.0 -10.0
100.0 12.0 4.0 90.0 10.0 -10.0
100.0 20.0 10.0 100.0 10.0 -4.0
100.0 20.0 12.0 100.0 12.0 -8.0
100.0 14.0 24.0 100.0 18.0 -4.0
100.0 14.0 24.0 100.0 20.0 0.0
100.0 14.0 24.0 100.0 22.0 6.0
100.0 14.0 16.0 100.0 22.0 6.0
100.0 14.0 16.0 100.0 28.0 -2.0
100.0 18.0 16.0 100.0 28.0 -2.0
100.0 20.0 16.0 100.0 26.0 -2.0
100.0 22.0 30.0 100.0 22.0 -2.0
100.0 22.0 30.0 100.0 22.0 -2.0
100.0 22.0 26.0 100.0 26.0 0.0
100.0 16.0 22.0 100.0 28.0 6.0
100.0 20.0 24.0 100.0 26.0 0.0
100.0 20.0 22.0 100.0 24.0 0.0
100.0 24.0 20.0 100.0 24.0 -6.0
100.0 26.0 20.0 100.0 24.0 0.0
100.0 28.0 22.0 100.0 24.0 0.0
100.0 26.0 22.0 100.0 18.0 0.0
100.0 26.0 20.0 100.0 18.0 -2.0
100.0 20.0 16.0 100.0 16.0 -2.0
100.0 24.0 16.0 100.0 16.0 -2.0
100.0 22.0 14.0 100.0 16.0 -8.0
100.0 22.0 14.0 100.0 18.0 -6.0
100.0 12.0 16.0 100.0 18.0 -8.0
100.0 10.0 16.0 100.0 12.0 -8.0
100.0 10.0 14.0 100.0 8.0 -8.0
100.0 10.0 14.0 100.0 10.0 -18.0
100.0 12.0 14.0 100.0 8.0 -4.0
100.0 12.0 14.0 100.0 10.0 -16.0
100.0 8.0 16.0 100.0 6.0 -10.0
100.0 8.0 16.0 94.0 8.0 -10.0
100.0 8.0 16.0 90.0 8.0 -10.0
100.0 8.0 14.0 80.0 10.0 -8.0
100.0 10.0 14.0 76.0 10.0 -8.0
100.0 6.0 14.0 66.0 8.0 -6.0
100.0 6.0 16.0 66.0 8.0 -8.0
100.0 2.0 14.0 66.0 6.0 -12.0
100.0 0.0 14.0 64.0 4.0 -12.0
100.0 -2.0 10.0 62.0 6.0 -14.0
100.0 0.0 10.0 50.0 6.0 -10.0
100.0 0.0 6.0 48.0 6.0 -10.0
100.0 0.0 10.0 50.0 4.0 -10.0
100.0 0.0 8.0 46.0 4.0 -12.0
100.0 6.0 10.0 50.0 2.0 -12.0
100.0 6.0 14.0 46.0 4.0 -8.0
100.0 6.0 14.0 44.0 4.0 -8.0
100.0 6.0 12.0 44.0 6.0 -12.0
100.0 4.0 6.0 42.0 8.0 -12.0
100.0 8.0 12.0 32.0 6.0 -6.0
100.0 4.0 12.0 32.0 2.0 -6.0
100.0 0.0 16.0 38.0 2.0 -6.0
100.0 0.0 12.0 38.0 4.0 -8.0
100.0 0.0 10.0 36.0 6.0 -8.0
100.0 0.0 10.0 36.0 6.0 -10.0
100.0 2.0 14.0 28.0 6.0 -16.0
100.0 2.0 14.0 36.0 2.0 -10.0
100.0 4.0 14.0 36.0 4.0 -14.0
100.0 4.0 12.0 36.0 4.0 -12.0
100.0 4.0 8.0 32.0 4.0 -14.0
100.0 2.0 12.0 30.0 2.0 -16.0
100.0 2.0 12.0 30.0 0.0 -16.0
100.0 2.0 12.0 28.0 2.0 -10.0
100.0 -2.0 12.0 28.0 4.0 -10.0
100.0 -2.0 12.0 28.0 8.0 -12.0
100.0 0.0 12.0 30.0 4.0 -14.0
100.0 0.0 6.0 30.0 6.0 -14.0
100.0 -4.0 4.0 30.0 -6.0 -10.0
100.0 -4.0 6.0 28.0 2.0 -10.0
100.0 2.0 14.0 26.0 2.0 -14.0
100.0 2.0 14.0 24.0 4.0 -14.0
100.0 2.0 12.0 22.0 4.0 -14.0
100.0 0.0 10.0 22.0 2.0 -16.0
100.0 0.0 6.0 24.0 2.0 -16.0
100.0 0.0 6.0 28.0 2.0 -16.0
100.0 4.0 6.0 28.0 2.0 -14.0
92.0 4.0 6.0 26.0 2.0 -16.0
92.0 4.0 10.0 24.0 2.0 -14.0
92.0 4.0 6.0 18.0 2.0 -10.0
94.0 6.0 6.0 18.0 2.0 -10.0
94.0 6.0 6.0 22.0 0.0 -10.0
92.0 4.0 6.0 22.0 0.0 -10.0
88.0 2.0 8.0 22.0 2.0 -10.0
86.0 -6.0 6.0 22.0 2.0 -10.0
82.0 2.0 -2.0 22.0 2.0 -10.0
86.0 0.0 -2.0 28.0 2.0 -6.0
92.0 0.0 -2.0 28.0 2.0 -12.0
92.0 0.0 2.0 24.0 -2.0 -12.0
92.0 0.0 2.0 22.0 -4.0 -12.0
92.0 4.0 10.0 22.0 -4.0 -8.0
96.0 0.0 12.0 22.0 0.0 -8.0
98.0 4.0 12.0 26.0 0.0 -14.0
96.0 -8.0 8.0 26.0 -6.0 -14.0
98.0 4.0 8.0 28.0 -6.0 -14.0
94.0 10.0 10.0 26.0 0.0 -8.0
94.0 10.0 10.0 26.0 0.0 -8.0
94.0 8.0 10.0 26.0 0.0 -8.0
94.0 8.0 12.0 28.0 2.0 -6.0
96.0 2.0 12.0 28.0 4.0 -4.0
86.0 4.0 10.0 28.0 8.0 -4.0
90.0 2.0 6.0 34.0 12.0 -4.0
90.0 4.0 4.0 32.0 12.0 -4.0
94.0 4.0 -2.0 32.0 4.0 -12.0
94.0 6.0 -2.0 30.0 -2.0 -12.0
94.0 6.0 4.0 16.0 -2.0 -14.0
94.0 4.0 4.0 16.0 -2.0 -8.0
88.0 4.0 4.0 14.0 8.0 -10.0
88.0 2.0 6.0 14.0 8.0 -10.0
90.0 2.0 6.0 14.0 8.0 -10.0
92.0 2.0 8.0 14.0 8.0 -10.0
98.0 2.0 10.0 18.0 4.0 -6.0
94.0 0.0 10.0 20.0 4.0 -6.0
94.0 0.0 10.0 20.0 4.0 -10.0
92.0 2.0 2.0 22.0 6.0 -10.0
92.0 2.0 -2.0 22.0 6.0 -12.0
92.0 2.0 2.0 22.0 2.0 -8.0
92.0 0.0 6.0 18.0 2.0 -16.0
92.0 0.0 6.0 16.0 4.0 -16.0
92.0 0.0 6.0 16.0 4.0 -16.0
96.0 4.0 16.0 14.0 2.0 -10.0
96.0 -4.0 16.0 12.0 -2.0 -10.0
94.0 6.0 12.0 14.0 -2.0 -10.0
94.0 0.0 10.0 18.0 2.0 -14.0
94.0 0.0 10.0 18.0 2.0 -8.0
100.0 0.0 8.0 26.0 2.0 0.0
90.0 -4.0 8.0 18.0 6.0 0.0
100.0 8.0 8.0 24.0 8.0 -14.0
98.0 8.0 8.0 20.0 6.0 -16.0
98.0 8.0 6.0 24.0 4.0 -14.0
98.0 -4.0 4.0 20.0 2.0 -8.0
98.0 -4.0 4.0 20.0 4.0 -8.0
98.0 2.0 0.0 16.0 2.0 -14.0
98.0 2.0 0.0 16.0 2.0 -14.0
98.0 2.0 4.0 20.0 2.0 -12.0
96.0 2.0 4.0 20.0 6.0 -12.0
96.0 8.0 8.0 22.0 6.0 -14.0
94.0 6.0 8.0 18.0 2.0 -14.0
94.0 16.0 8.0 18.0 2.0 -14.0
94.0 6.0 8.0 18.0 6.0 -12.0
98.0 10.0 10.0 22.0 6.0 -10.0
94.0 6.0 10.0 22.0 4.0 -8.0
96.0 6.0 4.0 22.0 4.0 -8.0
96.0 0.0 4.0 18.0 4.0 -10.0
98.0 0.0 6.0 18.0 12.0 -10.0
98.0 4.0 8.0 28.0 2.0 -10.0
100.0 4.0 14.0 28.0 2.0 -10.0
94.0 4.0 14.0 18.0 0.0 -10.0
96.0 4.0 8.0 14.0 0.0 -12.0
96.0 4.0 6.0 18.0 0.0 -12.0
96.0 4.0 6.0 14.0 2.0 -6.0
96.0 4.0 8.0 16.0 4.0 -6.0
100.0 4.0 8.0 14.0 4.0 -8.0
100.0 4.0 8.0 14.0 4.0 -8.0
100.0 2.0 8.0 14.0 4.0 -8.0
96.0 -2.0 8.0 14.0 2.0 -10.0
96.0 -4.0 12.0 8.0 -2.0 -6.0
96.0 -4.0 12.0 8.0 2.0 -4.0
96.0 -6.0 12.0 14.0 0.0 -4.0
96.0 4.0 4.0 26.0 0.0 -4.0
96.0 4.0 4.0 26.0 0.0 -10.0
96.0 6.0 6.0 26.0 6.0 -10.0
96.0 6.0 10.0 18.0 6.0 -4.0
96.0 8.0 10.0 18.0 8.0 -4.0
96.0 8.0 10.0 18.0 0.0 -8.0
100.0 8.0 8.0 20.0 0.0 -8.0
92.0 8.0 8.0 20.0 0.0 -8.0
92.0 4.0 8.0 20.0 8.0 -6.0
92.0 0.0 16.0 20.0 8.0 -6.0
98.0 0.0 16.0 22.0 8.0 -12.0
100.0 6.0 16.0 26.0 8.0 -14.0
100.0 8.0 8.0 26.0 8.0 -14.0
100.0 10.0 8.0 26.0 10.0 -14.0
100.0 10.0 8.0 18.0 10.0 -10.0
96.0 -8.0 12.0 18.0 10.0 -8.0
96.0 -8.0 8.0 18.0 2.0 -8.0
96.0 0.0 8.0 24.0 2.0 -8.0
94.0 0.0 8.0 24.0 2.0 -10.0
94.0 0.0 8.0 22.0 2.0 -10.0
94.0 -2.0 8.0 22.0 12.0 -8.0
96.0 6.0 8.0 22.0 12.0 -8.0
96.0 4.0 6.0 22.0 6.0 -8.0
98.0 4.0 6.0 18.0 2.0 -8.0
98.0 4.0 6.0 14.0 2.0 -6.0
98.0 6.0 4.0 10.0 4.0 -6.0
96.0 6.0 6.0 10.0 4.0 -6.0
96.0 6.0 14.0 10.0 2.0 -4.0
96.0 10.0 14.0 22.0 2.0 -10.0
94.0 10.0 14.0 22.0 4.0 -4.0
92.0 0.0 14.0 22.0 4.0 -12.0
94.0 0.0 12.0 22.0 4.0 -12.0
92.0 4.0 8.0 20.0 10.0 -12.0
