# Target: open_hand
# Dominant_Vision: Open Hand
18.0 0.0 -8.0 0.0 0.0 0.0
22.0 0.0 -10.0 0.0 0.0 0.0
22.0 -6.0 -10.0 2.0 2.0 -2.0
16.0 -6.0 -10.0 2.0 -4.0 -2.0
10.0 -6.0 0.0 -6.0 -2.0 -2.0
10.0 -6.0 -4.0 -6.0 -2.0 -2.0
10.0 0.0 -4.0 -4.0 -2.0 0.0
10.0 0.0 -4.0 -4.0 2.0 -6.0
10.0 0.0 -4.0 -4.0 -2.0 -2.0
10.0 -2.0 -4.0 -6.0 -2.0 -2.0
10.0 -4.0 -10.0 -4.0 -12.0 -2.0
10.0 -4.0 -10.0 -4.0 -12.0 4.0
12.0 -8.0 -10.0 -4.0 0.0 4.0
12.0 -4.0 -10.0 -16.0 0.0 4.0
10.0 -6.0 -10.0 -16.0 0.0 -4.0
10.0 -4.0 -12.0 -10.0 -4.0 -4.0
4.0 -6.0 -12.0 -10.0 2.0 -4.0
4.0 -4.0 -12.0 -4.0 0.0 -2.0
4.0 -6.0 -8.0 -14.0 0.0 -2.0
2.0 -4.0 -8.0 -4.0 -4.0 0.0
12.0 -6.0 -8.0 2.0 -4.0 2.0
10.0 -2.0 -6.0 4.0 -2.0 0.0
10.0 -6.0 -6.0 4.0 -2.0 -2.0
10.0 0.0 -8.0 -6.0 -2.0 -2.0
10.0 -4.0 -8.0 -6.0 -6.0 -2.0
6.0 0.0 -6.0 -2.0 -6.0 -4.0
6.0 0.0 -6.0 -2.0 -6.0 -8.0
10.0 2.0 -6.0 -2.0 -4.0 -4.0
12.0 2.0 -6.0 6.0 -2.0 -8.0
12.0 0.0 -6.0 6.0 -2.0 -6.0
10.0 -2.0 -6.0 0.0 -2.0 -6.0
10.0 -4.0 -14.0 0.0 -4.0 -6.0
14.0 -6.0 -14.0 -2.0 -4.0 -6.0
14.0 -4.0 -14.0 -4.0 -4.0 -6.0
16.0 -6.0 -12.0 -6.0 -4.0 -6.0
14.0 -4.0 -12.0 -10.0 6.0 -4.0
14.0 -2.0 -12.0 -10.0 6.0 -4.0
14.0 -2.0 -12.0 -6.0 6.0 0.0
12.0 -2.0 -8.0 -6.0 2.0 2.0
18.0 -6.0 -4.0 -6.0 -2.0 4.0
10.0 -6.0 -6.0 -6.0 0.0 4.0
18.0 -4.0 -6.0 -6.0 -6.0 -2.0
18.0 -4.0 -8.0 -6.0 -6.0 -4.0
20.0 -4.0 -10.0 -6.0 -6.0 -4.0
22.0 -4.0 -10.0 -6.0 -8.0 -8.0
22.0 -2.0 -4.0 -6.0 0.0 -6.0
22.0 -2.0 -4.0 8.0 2.0 -10.0
26.0 -2.0 -6.0 16.0 2.0 -6.0
42.0 -6.0 -12.0 20.0 6.0 -10.0
68.0 -6.0 -6.0 48.0 12.0 -6.0
88.0 -2.0 -4.0 48.0 12.0 0.0
90.0 0.0 0.0 42.0 10.0 0.0
100.0 0.0 0.0 42.0 10.0 -2.0
100.0 2.0 0.0 56.0 12.0 -2.0
100.0 8.0 0.0 100.0 12.0 -2.0
100.0 8.0 0.0 100.0 14.0 2.0
100.0 10.0 0.0 100.0 14.0 4.0
100.0 2.0 4.0 100.0 16.0 4.0
100.0 12.0 8.0 100.0 18.0 6.0
100.0 16.0 6.0 100.0 26.0 10.0
100.0 16.0 8.0 100.0 30.0 10.0
100.0 16.0 10.0 100.0 30.0 10.0
100.0 18.0 18.0 100.0 40.0 8.0
100.0 18.0 20.0 100.0 46.0 18.0
100.0 20.0 20.0 100.0 46.0 16.0
100.0 26.0 20.0 100.0 46.0 16.0
100.0 26.0 20.0 100.0 46.0 14.0
100.0 22.0 20.0 100.0 54.0 14.0
100.0 22.0 16.0 100.0 54.0 14.0
100.0 18.0 14.0 100.0 50.0 14.0
100.0 26.0 14.0 100.0 50.0 14.0
100.0 26.0 20.0 100.0 50.0 14.0
100.0 26.0 20.0 100.0 50.0 10.0
100.0 26.0 20.0 100.0 50.0 10.0
100.0 24.0 22.0 100.0 50.0 10.0
100.0 18.0 22.0 100.0 44.0 10.0
100.0 20.0 22.0 100.0 42.0 6.0
100.0 16.0 22.0 100.0 42.0 6.0
100.0 16.0 22.0 100.0 36.0 6.0
100.0 16.0 22.0 100.0 36.0 10.0
100.0 16.0 14.0 100.0 32.0 6.0
100.0 16.0 14.0 100.0 32.0 6.0
100.0 16.0 24.0 100.0 32.0 6.0
100.0 16.0 24.0 100.0 32.0 2.0
100.0 16.0 18.0 100.0 32.0 -2.0
100.0 8.0 16.0 100.0 24.0 -2.0
100.0 6.0 10.0 100.0 14.0 2.0
100.0 4.0 10.0 100.0 14.0 4.0
100.0 0.0 2.0 100.0 12.0 2.0
100.0 4.0 0.0 100.0 12.0 -4.0
100.0 4.0 0.0 100.0 8.0 -6.0
100.0 4.0 6.0 100.0 6.0 -6.0
100.0 2.0 8.0 100.0 6.0 2.0
100.0 2.0 6.0 100.0 0.0 4.0
100.0 0.0 8.0 100.0 0.0 4.0
100.0 -6.0 6.0 100.0 0.0 0.0
100.0 -10.0 10.0 92.0 2.0 -4.0
100.0 -10.0 6.0 88.0 2.0 0.0
100.0 -6.0 10.0 88.0 4.0 0.0
100.0 -4.0 6.0 74.0 2.0 2.0
100.0 -4.0 6.0 58.0 4.0 2.0
100.0 -4.0 6.0 56.0 2.0 0.0
100.0 -4.0 4.0 56.0 6.0 0.0
100.0 -8.0 4.0 48.0 6.0 -4.0
100.0 -8.0 4.0 46.0 6.0 -4.0
100.0 -8.0 10.0 46.0 6.0 -4.0
100.0 -4.0 10.0 46.0 2.0 0.0
100.0 -4.0 10.0 46.0 2.0 0.0
100.0 -4.0 10.0 48.0 8.0 4.0
100.0 -14.0 8.0 48.0 8.0 -2.0
100.0 -4.0 8.0 48.0 4.0 4.0
100.0 -14.0 8.0 44.0 0.0 0.0
100.0 -6.0 8.0 44.0 0.0 0.0
100.0 -6.0 6.0 48.0 2.0 0.0
100.0 -4.0 6.0 48.0 8.0 0.0
100.0 -4.0 6.0 48.0 6.0 2.0
100.0 -8.0 -4.0 36.0 12.0 -6.0
100.0 -8.0 -4.0 36.0 12.0 0.0
100.0 0.0 2.0 40.0 12.0 -2.0
100.0 0.0 2.0 44.0 6.0 -2.0
100.0 -2.0 2.0 44.0 2.0 -2.0
100.0 -2.0 0.0 44.0 2.0 -2.0
100.0 -4.0 2.0 46.0 0.0 -2.0
100.0 -4.0 2.0 42.0 2.0 0.0
100.0 -4.0 4.0 42.0 -2.0 -2.0
100.0 0.0 4.0 32.0 -6.0 0.0
100.0 2.0 0.0 10.0 -6.0 2.0
100.0 2.0 0.0 10.0 -6.0 2.0
100.0 -2.0 6.0 14.0 4.0 2.0
100.0 -6.0 6.0 18.0 -8.0 0.0
100.0 -8.0 0.0 14.0 4.0 0.0
100.0 -8.0 0.0 22.0 4.0 0.0
100.0 -4.0 -2.0 12.0 4.0 2.0
100.0 -4.0 2.0 18.0 4.0 4.0
100.0 -4.0 -2.0 12.0 6.0 2.0
100.0 -4.0 6.0 18.0 6.0 0.0
100.0 -4.0 0.0 16.0 2.0 -4.0
100.0 -8.0 2.0 16.0 -2.0 -6.0
100.0 -8.0 2.0 16.0 -4.0 -6.0
100.0 -4.0 6.0 20.0 -2.0 -6.0
100.0 -2.0 6.0 20.0 0.0 -4.0
100.0 -2.0 -2.0 22.0 6.0 2.0
100.0 -6.0 -4.0 22.0 6.0 4.0
100.0 -6.0 -2.0 22.0 8.0 4.0
100.0 -6.0 2.0 16.0 2.0 2.0
100.0 -2.0 2.0 14.0 2.0 -2.0
100.0 -2.0 2.0 14.0 -4.0 -2.0
100.0 -8.0 2.0 18.0 -4.0 6.0
100.0 -8.0 2.0 18.0 4.0 6.0
100.0 -4.0 -6.0 24.0 4.0 2.0
100.0 -4.0 -6.0 16.0 2.0 0.0
100.0 -10.0 -4.0 16.0 2.0 -2.0
100.0 -10.0 -4.0 16.0 2.0 -2.0
100.0 -10.0 4.0 16.0 2.0 -2.0
100.0 -2.0 4.0 16.0 2.0 0.0
100.0 0.0 2.0 16.0 2.0 0.0
100.0 0.0 -4.0 16.0 0.0 -4.0
100.0 0.0 -4.0 16.0 0.0 -4.0
100.0 -4.0 -4.0 12.0 0.0 -4.0
100.0 -10.0 -2.0 12.0 0.0 0.0
100.0 -12.0 0.0 16.0 0.0 2.0
100.0 -10.0 0.0 22.0 0.0 0.0
100.0 -8.0 0.0 16.0 4.0 0.0
100.0 -8.0 -6.0 20.0 4.0 -6.0
100.0 -10.0 -6.0 10.0 4.0 -6.0
100.0 -10.0 -4.0 16.0 2.0 -4.0
100.0 -8.0 -2.0 16.0 2.0 -4.0
100.0 -4.0 0.0 16.0 0.0 -4.0
100.0 -8.0 0.0 14.0 0.0 -4.0
100.0 -10.0 2.0 14.0 -2.0 -4.0
100.0 -10.0 2.0 18.0 0.0 -10.0
100.0 -12.0 0.0 18.0 -6.0 -10.0
100.0 -8.0 0.0 16.0 -2.0 -8.0
100.0 -8.0 0.0 14.0 -2.0 -8.0
100.0 -8.0 0.0 8.0 -2.0 -6.0
100.0 -2.0 0.0 10.0 -2.0 0.0
100.0 -2.0 -4.0 8.0 -4.0 0.0
98.0 0.0 -4.0 10.0 -4.0 0.0
100.0 -2.0 -6.0 2.0 0.0 0.0
98.0 -2.0 -4.0 12.0 0.0 -2.0
100.0 -6.0 -6.0 10.0 0.0 -2.0
98.0 -12.0 0.0 10.0 0.0 0.0
96.0 -10.0 -6.0 10.0 -4.0 0.0
96.0 -10.0 -4.0 16.0 -4.0 -2.0
98.0 -10.0 -4.0 16.0 -2.0 -2.0
100.0 -10.0 2.0 16.0 0.0 -2.0
98.0 -10.0 2.0 10.0 -2.0 -2.0
100.0 -6.0 2.0 8.0 0.0 -2.0
98.0 -2.0 2.0 10.0 -6.0 -2.0
96.0 -2.0 4.0 8.0 0.0 -4.0
96.0 -6.0 4.0 14.0 0.0 -4.0
96.0 -8.0 4.0 8.0 0.0 -4.0
100.0 -10.0 2.0 14.0 0.0 -4.0
98.0 -10.0 0.0 8.0 0.0 -8.0
100.0 -10.0 0.0 16.0 -2.0 -6.0
100.0 -6.0 -10.0 8.0 -4.0 -6.0
100.0 -6.0 -10.0 16.0 -6.0 -6.0
100.0 -10.0 -4.0 12.0 -6.0 -4.0
96.0 -10.0 -4.0 12.0 -6.0 -12.0
100.0 -8.0 0.0 12.0 -2.0 -8.0
100.0 -6.0 0.0 14.0 -2.0 -8.0
100.0 -8.0 -10.0 14.0 -2.0 -8.0
100.0 -6.0 -10.0 14.0 0.0 -8.0
100.0 -6.0 0.0 8.0 -2.0 -8.0
100.0 -6.0 0.0 8.0 -8.0 2.0
100.0 -8.0 -8.0 8.0 -10.0 2.0
100.0 -8.0 -8.0 14.0 -8.0 -6.0
100.0 -4.0 -6.0 14.0 -2.0 -6.0
100.0 -4.0 -4.0 10.0 -2.0 0.0
100.0 0.0 0.0 10.0 -2.0 0.0
100.0 0.0 0.0 10.0 -2.0 -4.0
100.0 0.0 -6.0 8.0 -2.0 -4.0
98.0 0.0 -6.0 8.0 2.0 -4.0
98.0 -4.0 -6.0 8.0 -2.0 0.0
100.0 -8.0 0.0 6.0 2.0 0.0
100.0 -8.0 0.0 6.0 -4.0 -6.0
100.0 -4.0 0.0 6.0 0.0 -6.0
100.0 2.0 0.0 6.0 -4.0 -10.0
100.0 2.0 -4.0 6.0 0.0 -2.0
100.0 2.0 -4.0 6.0 -4.0 -2.0
100.0 -6.0 -2.0 8.0 2.0 -2.0
100.0 -6.0 -2.0 10.0 2.0 -2.0
100.0 -4.0 -6.0 8.0 2.0 -6.0
96.0 -4.0 -6.0 18.0 0.0 -2.0
96.0 -4.0 4.0 8.0 -2.0 -2.0
96.0 -4.0 4.0 8.0 -2.0 0.0
94.0 -4.0 4.0 8.0 -2.0 0.0
94.0 0.0 10.0 18.0 -2.0 -2.0
94.0 -6.0 10.0 20.0 -4.0 -2.0
96.0 0.0 4.0 18.0 -2.0 -2.0
100.0 -2.0 0.0 12.0 -2.0 -6.0
