# Target: open_hand
# Dominant_Vision: Open Hand
-4.0 0.0 4.0 -6.0 12.0 0.0
0.0 0.0 0.0 -6.0 4.0 0.0
0.0 2.0 4.0 -6.0 12.0 0.0
0.0 -6.0 4.0 -6.0 12.0 0.0
2.0 -6.0 4.0 -2.0 14.0 -4.0
-4.0 -6.0 4.0 -2.0 12.0 -4.0
2.0 0.0 6.0 2.0 12.0 -4.0
-2.0 0.0 6.0 2.0 12.0 -4.0
0.0 0.0 8.0 -4.0 12.0 -4.0
-2.0 0.0 6.0 -10.0 8.0 -4.0
0.0 0.0 6.0 -4.0 6.0 -4.0
-4.0 0.0 6.0 -2.0 6.0 0.0
0.0 -2.0 8.0 -2.0 8.0 -2.0
-4.0 -10.0 10.0 -2.0 14.0 -2.0
0.0 -10.0 10.0 0.0 12.0 -4.0
-2.0 -6.0 6.0 0.0 14.0 -4.0
-2.0 -4.0 0.0 0.0 12.0 -4.0
-2.0 2.0 0.0 -8.0 14.0 -4.0
-2.0 2.0 2.0 -8.0 14.0 -4.0
0.0 0.0 4.0 -8.0 14.0 -4.0
2.0 0.0 4.0 -2.0 18.0 -4.0
2.0 0.0 6.0 -8.0 20.0 -4.0
6.0 -6.0 4.0 -8.0 18.0 -8.0
6.0 -6.0 6.0 -8.0 18.0 -8.0
6.0 -4.0 0.0 -2.0 18.0 -8.0
6.0 0.0 10.0 2.0 18.0 -4.0
2.0 0.0 0.0 2.0 14.0 -4.0
2.0 0.0 10.0 -2.0 14.0 -4.0
2.0 -6.0 4.0 -2.0 14.0 -4.0
2.0 -6.0 8.0 -2.0 14.0 -4.0
2.0 -8.0 8.0 -2.0 14.0 -4.0
8.0 -8.0 10.0 0.0 10.0 -4.0
8.0 -8.0 10.0 4.0 10.0 -4.0
8.0 -4.0 14.0 16.0 10.0 0.0
6.0 -2.0 6.0 28.0 18.0 -4.0
14.0 0.0 6.0 38.0 18.0 0.0
38.0 0.0 6.0 44.0 18.0 -6.0
50.0 2.0 14.0 46.0 18.0 -2.0
50.0 6.0 26.0 66.0 22.0 -2.0
60.0 6.0 26.0 98.0 22.0 -2.0
84.0 12.0 26.0 100.0 32.0 4.0
100.0 12.0 22.0 100.0 44.0 4.0
100.0 12.0 22.0 100.0 44.0 0.0
100.0 12.0 24.0 100.0 54.0 0.0
100.0 18.0 34.0 100.0 70.0 10.0
100.0 20.0 40.0 100.0 72.0 10.0
100.0 20.0 44.0 100.0 72.0 4.0
100.0 20.0 44.0 100.0 88.0 4.0
100.0 16.0 44.0 100.0 94.0 4.0
100.0 16.0 44.0 100.0 94.0 10.0
100.0 18.0 44.0 100.0 94.0 12.0
100.0 18.0 44.0 100.0 98.0 12.0
100.0 18.0 44.0 100.0 100.0 12.0
100.0 24.0 44.0 100.0 100.0 8.0
100.0 24.0 44.0 100.0 100.0 4.0
100.0 20.0 44.0 100.0 100.0 4.0
100.0 20.0 44.0 100.0 100.0 6.0
100.0 24.0 42.0 100.0 100.0 8.0
100.0 24.0 42.0 100.0 100.0 6.0
100.0 24.0 42.0 100.0 100.0 8.0
100.0 24.0 42.0 100.0 100.0 8.0
100.0 26.0 48.0 100.0 100.0 10.0
100.0 28.0 40.0 100.0 100.0 10.0
100.0 26.0 46.0 100.0 100.0 16.0
100.0 28.0 44.0 100.0 96.0 8.0
100.0 30.0 44.0 100.0 96.0 4.0
100.0 34.0 44.0 100.0 94.0 2.0
100.0 30.0 50.0 100.0 94.0 2.0
100.0 26.0 50.0 100.0 94.0 2.0
100.0 24.0 52.0 100.0 94.0 6.0
100.0 26.0 44.0 100.0 92.0 6.0
100.0 26.0 46.0 100.0 90.0 4.0
100.0 30.0 38.0 100.0 82.0 2.0
100.0 26.0 42.0 100.0 76.0 4.0
100.0 26.0 40.0 100.0 72.0 2.0
100.0 26.0 42.0 100.0 60.0 2.0
100.0 28.0 42.0 100.0 58.0 -10.0
100.0 28.0 42.0 100.0 54.0 -4.0
100.0 20.0 42.0 100.0 48.0 -4.0
100.0 18.0 36.0 100.0 48.0 2.0
100.0 18.0 36.0 100.0 44.0 2.0
100.0 16.0 18.0 100.0 38.0 2.0
100.0 8.0 18.0 100.0 36.0 -4.0
100.0 14.0 30.0 100.0 30.0 -4.0
100.0 14.0 30.0 100.0 30.0 -2.0
96.0 14.0 20.0 100.0 26.0 -2.0
94.0 16.0 20.0 100.0 20.0 -2.0
88.0 16.0 24.0 100.0 20.0 -4.0
86.0 16.0 24.0 100.0 20.0 2.0
76.0 18.0 22.0 98.0 20.0 2.0
76.0 14.0 22.0 98.0 22.0 2.0
76.0 14.0 20.0 98.0 22.0 -4.0
78.0 10.0 20.0 98.0 22.0 -4.0
76.0 10.0 18.0 98.0 20.0 -4.0
76.0 10.0 14.0 86.0 18.0 -4.0
54.0 8.0 16.0 80.0 20.0 -2.0
54.0 6.0 16.0 64.0 20.0 -2.0
54.0 8.0 18.0 64.0 24.0 -2.0
54.0 2.0 20.0 64.0 24.0 -4.0
52.0 8.0 20.0 64.0 20.0 0.0
52.0 8.0 16.0 66.0 20.0 -4.0
52.0 8.0 12.0 66.0 20.0 2.0
52.0 8.0 16.0 66.0 16.0 2.0
48.0 6.0 12.0 58.0 16.0 2.0
52.0 6.0 12.0 46.0 22.0 -2.0
48.0 6.0 12.0 46.0 22.0 -2.0
50.0 4.0 12.0 44.0 20.0 -2.0
46.0 4.0 20.0 42.0 20.0 -2.0
46.0 2.0 20.0 40.0 20.0 0.0
44.0 4.0 20.0 42.0 20.0 0.0
46.0 8.0 20.0 40.0 18.0 0.0
46.0 8.0 16.0 44.0 18.0 0.0
46.0 4.0 16.0 44.0 18.0 -2.0
46.0 4.0 14.0 44.0 18.0 -4.0
54.0 6.0 18.0 44.0 18.0 -4.0
54.0 6.0 14.0 42.0 18.0 -4.0
42.0 6.0 10.0 44.0 18.0 -2.0
42.0 2.0 10.0 42.0 18.0 2.0
52.0 2.0 10.0 46.0 20.0 2.0
52.0 0.0 12.0 40.0 18.0 -4.0
46.0 2.0 12.0 40.0 22.0 -6.0
44.0 2.0 12.0 40.0 18.0 -6.0
46.0 4.0 12.0 40.0 22.0 -2.0
46.0 2.0 10.0 44.0 22.0 -2.0
46.0 4.0 14.0 44.0 22.0 -2.0
42.0 0.0 14.0 44.0 22.0 -2.0
40.0 2.0 14.0 44.0 22.0 -4.0
40.0 2.0 14.0 40.0 22.0 -4.0
44.0 2.0 14.0 50.0 18.0 0.0
50.0 2.0 14.0 40.0 12.0 0.0
50.0 4.0 14.0 48.0 12.0 0.0
46.0 2.0 14.0 40.0 14.0 0.0
46.0 4.0 14.0 46.0 16.0 0.0
46.0 6.0 18.0 40.0 16.0 2.0
46.0 6.0 18.0 44.0 20.0 2.0
46.0 6.0 14.0 40.0 20.0 0.0
48.0 4.0 14.0 40.0 20.0 0.0
48.0 2.0 14.0 40.0 20.0 -2.0
40.0 0.0 20.0 34.0 18.0 -2.0
40.0 2.0 14.0 40.0 18.0 0.0
50.0 2.0 14.0 46.0 6.0 0.0
50.0 2.0 14.0 48.0 14.0 0.0
50.0 0.0 14.0 48.0 8.0 0.0
44.0 -6.0 16.0 42.0 14.0 2.0
44.0 -6.0 14.0 34.0 16.0 2.0
44.0 6.0 18.0 34.0 16.0 -4.0
44.0 6.0 16.0 34.0 20.0 -4.0
44.0 0.0 16.0 44.0 16.0 -2.0
42.0 0.0 14.0 44.0 20.0 -2.0
42.0 0.0 8.0 44.0 16.0 -2.0
42.0 6.0 8.0 42.0 14.0 -2.0
42.0 6.0 8.0 46.0 14.0 -2.0
48.0 6.0 14.0 42.0 16.0 -2.0
48.0 0.0 16.0 38.0 18.0 -2.0
42.0 0.0 16.0 30.0 18.0 -2.0
40.0 0.0 16.0 30.0 18.0 -2.0
34.0 4.0 12.0 36.0 12.0 -2.0
34.0 8.0 14.0 38.0 12.0 -4.0
34.0 4.0 14.0 36.0 12.0 -4.0
38.0 8.0 14.0 36.0 12.0 -2.0
44.0 10.0 14.0 36.0 12.0 -2.0
46.0 10.0 12.0 34.0 14.0 -4.0
44.0 8.0 12.0 34.0 20.0 -4.0
40.0 6.0 12.0 34.0 14.0 0.0
40.0 6.0 10.0 36.0 20.0 0.0
48.0 6.0 14.0 36.0 24.0 -8.0
48.0 2.0 14.0 38.0 24.0 -8.0
48.0 2.0 14.0 38.0 20.0 -4.0
46.0 4.0 20.0 38.0 20.0 0.0
44.0 8.0 22.0 40.0 20.0 0.0
42.0 8.0 22.0 40.0 16.0 2.0
42.0 0.0 18.0 40.0 20.0 2.0
44.0 0.0 18.0 44.0 16.0 2.0
44.0 4.0 16.0 44.0 18.0 -2.0
40.0 6.0 18.0 42.0 16.0 -2.0
40.0 6.0 18.0 42.0 16.0 -4.0
40.0 6.0 20.0 44.0 16.0 -4.0
42.0 4.0 20.0 44.0 16.0 0.0
42.0 2.0 16.0 44.0 16.0 0.0
42.0 2.0 12.0 38.0 16.0 0.0
44.0 2.0 12.0 40.0 18.0 0.0
44.0 2.0 10.0 40.0 18.0 0.0
44.0 2.0 10.0 40.0 24.0 -4.0
44.0 4.0 14.0 40.0 18.0 -2.0
42.0 4.0 18.0 36.0 14.0 -6.0
42.0 -2.0 18.0 32.0 14.0 -4.0
40.0 -2.0 18.0 32.0 14.0 -4.0
36.0 -4.0 14.0 34.0 16.0 0.0
36.0 6.0 18.0 34.0 16.0 0.0
36.0 0.0 18.0 34.0 16.0 -6.0
38.0 6.0 20.0 36.0 16.0 -6.0
36.0 2.0 18.0 36.0 16.0 -6.0
22.0 8.0 18.0 38.0 16.0 -4.0
22.0 2.0 10.0 38.0 14.0 -4.0
14.0 4.0 8.0 38.0 16.0 -4.0
14.0 2.0 8.0 30.0 16.0 -6.0
14.0 4.0 10.0 30.0 18.0 -6.0
14.0 2.0 14.0 38.0 18.0 -6.0
12.0 6.0 12.0 38.0 14.0 -4.0
12.0 10.0 14.0 36.0 14.0 -6.0
16.0 10.0 14.0 32.0 14.0 -4.0
18.0 8.0 14.0 32.0 12.0 -6.0
20.0 4.0 18.0 32.0 14.0 -2.0
20.0 2.0 16.0 32.0 12.0 -2.0
6.0 2.0 16.0 28.0 16.0 -2.0
6.0 2.0 16.0 28.0 16.0 -2.0
12.0 10.0 12.0 28.0 20.0 2.0
12.0 12.0 10.0 34.0 20.0 -8.0
10.0 12.0 6.0 34.0 14.0 -6.0
10.0 8.0 6.0 34.0 14.0 -6.0
10.0 8.0 6.0 34.0 14.0 -4.0
10.0 8.0 6.0 38.0 16.0 -4.0
14.0 8.0 8.0 34.0 14.0 0.0
8.0 10.0 8.0 32.0 18.0 -4.0
10.0 8.0 8.0 32.0 14.0 -4.0
6.0 4.0 6.0 30.0 14.0 -4.0
8.0 4.0 12.0 30.0 12.0 -2.0
6.0 4.0 16.0 24.0 12.0 -2.0
8.0 4.0 16.0 30.0 12.0 -2.0
8.0 6.0 14.0 30.0 10.0 -2.0
8.0 0.0 10.0 30.0 14.0 -6.0
8.0 6.0 8.0 30.0 14.0 -6.0
8.0 10.0 10.0 36.0 20.0 -4.0
10.0 12.0 10.0 36.0 24.0 -4.0
10.0 10.0 14.0 40.0 24.0 -4.0
16.0 14.0 14.0 30.0 16.0 -6.0
16.0 4.0 14.0 40.0 16.0 -4.0
16.0 6.0 16.0 36.0 16.0 -4.0
14.0 -6.0 16.0 36.0 16.0 -4.0
10.0 6.0 16.0 36.0 14.0 -4.0
10.0 8.0 16.0 36.0 14.0 -8.0
16.0 8.0 16.0 34.0 14.0 -4.0
16.0 8.0 16.0 34.0 14.0 -8.0
14.0 6.0 18.0 34.0 14.0 -8.0
14.0 4.0 16.0 36.0 14.0 -8.0
14.0 2.0 20.0 36.0 14.0 -4.0
18.0 4.0 16.0 36.0 18.0 -4.0
18.0 2.0 12.0 34.0 18.0 -2.0
16.0 8.0 12.0 34.0 20.0 2.0
12.0 2.0 12.0 34.0 20.0 2.0
8.0 0.0 14.0 28.0 16.0 4.0
8.0 0.0 14.0 30.0 16.0 2.0
10.0 4.0 12.0 30.0 14.0 2.0
12.0 4.0 12.0 30.0 14.0 0.0
