# Target: open_hand
# Dominant_Vision: Open Hand
-6.0 -2.0 2.0 10.0 0.0 2.0
-12.0 0.0 0.0 6.0 4.0 2.0
-12.0 0.0 -2.0 6.0 4.0 2.0
-8.0 0.0 -6.0 6.0 4.0 2.0
-2.0 -2.0 -6.0 6.0 2.0 2.0
-8.0 -10.0 -6.0 10.0 2.0 2.0
-2.0 -10.0 0.0 10.0 -2.0 2.0
-6.0 -6.0 -2.0 8.0 6.0 8.0
-6.0 -6.0 -2.0 8.0 0.0 8.0
-8.0 -2.0 -2.0 8.0 0.0 8.0
-10.0 -8.0 -4.0 -2.0 0.0 4.0
-8.0 -4.0 -6.0 -2.0 0.0 2.0
-8.0 -8.0 -4.0 2.0 4.0 -2.0
-8.0 -4.0 -4.0 2.0 4.0 -2.0
-18.0 -8.0 -2.0 14.0 2.0 4.0
-18.0 -4.0 -2.0 6.0 0.0 4.0
-2.0 -4.0 -4.0 12.0 2.0 4.0
-2.0 2.0 -4.0 12.0 4.0 2.0
-10.0 2.0 -2.0 12.0 4.0 4.0
-14.0 0.0 0.0 2.0 2.0 2.0
-14.0 -2.0 0.0 2.0 2.0 2.0
-10.0 -4.0 0.0 2.0 4.0 0.0
-10.0 -4.0 0.0 2.0 4.0 0.0
-10.0 -2.0 0.0 10.0 4.0 8.0
-10.0 -2.0 0.0 12.0 4.0 8.0
-6.0 -2.0 0.0 12.0 2.0 6.0
-6.0 -4.0 -4.0 14.0 2.0 2.0
-6.0 -2.0 -4.0 14.0 -2.0 2.0
-10.0 -4.0 -8.0 14.0 -2.0 2.0
-10.0 -2.0 -8.0 6.0 0.0 -2.0
-10.0 -4.0 -6.0 6.0 0.0 -2.0
-8.0 -4.0 0.0 6.0 -2.0 6.0
-8.0 -4.0 -6.0 12.0 -6.0 8.0
-8.0 0.0 2.0 2.0 -6.0 8.0
-8.0 0.0 4.0 8.0 -6.0 8.0
-8.0 -4.0 6.0 8.0 -2.0 0.0
-6.0 -4.0 6.0 14.0 4.0 6.0
16.0 0.0 -2.0 18.0 4.0 6.0
16.0 0.0 -2.0 24.0 4.0 6.0
16.0 -8.0 2.0 18.0 4.0 4.0
16.0 -8.0 2.0 16.0 4.0 4.0
16.0 -4.0 -4.0 14.0 4.0 6.0
16.0 2.0 -4.0 14.0 -6.0 6.0
16.0 4.0 -4.0 24.0 -6.0 6.0
2.0 2.0 -6.0 52.0 0.0 8.0
-4.0 2.0 -6.0 62.0 0.0 12.0
-4.0 2.0 6.0 90.0 4.0 12.0
2.0 20.0 6.0 100.0 4.0 8.0
6.0 20.0 2.0 100.0 4.0 8.0
6.0 20.0 2.0 100.0 -4.0 14.0
-2.0 22.0 2.0 100.0 -4.0 14.0
-2.0 18.0 2.0 100.0 6.0 18.0
-2.0 14.0 2.0 100.0 6.0 16.0
0.0 12.0 6.0 100.0 6.0 16.0
0.0 14.0 8.0 100.0 6.0 10.0
0.0 12.0 10.0 100.0 6.0 10.0
8.0 16.0 10.0 100.0 6.0 14.0
18.0 16.0 4.0 100.0 8.0 16.0
18.0 16.0 4.0 100.0 10.0 16.0
20.0 16.0 8.0 100.0 10.0 16.0
26.0 14.0 8.0 100.0 4.0 16.0
42.0 16.0 8.0 100.0 2.0 14.0
42.0 24.0 8.0 100.0 2.0 10.0
42.0 24.0 8.0 100.0 2.0 10.0
42.0 12.0 2.0 100.0 2.0 10.0
42.0 12.0 10.0 100.0 0.0 8.0
42.0 10.0 6.0 100.0 -6.0 12.0
40.0 10.0 6.0 100.0 -8.0 10.0
42.0 6.0 6.0 100.0 -6.0 12.0
36.0 2.0 -2.0 100.0 -4.0 10.0
34.0 2.0 0.0 100.0 2.0 0.0
34.0 -4.0 0.0 100.0 -2.0 0.0
34.0 -2.0 0.0 100.0 2.0 0.0
34.0 -2.0 2.0 94.0 2.0 4.0
34.0 2.0 0.0 86.0 2.0 4.0
34.0 2.0 -2.0 66.0 6.0 2.0
34.0 0.0 -2.0 66.0 -4.0 2.0
32.0 0.0 6.0 66.0 4.0 8.0
32.0 8.0 6.0 46.0 4.0 8.0
36.0 8.0 6.0 42.0 4.0 4.0
36.0 6.0 6.0 46.0 4.0 4.0
36.0 6.0 6.0 48.0 8.0 8.0
36.0 4.0 4.0 48.0 8.0 8.0
30.0 -6.0 4.0 44.0 10.0 8.0
36.0 -8.0 4.0 32.0 12.0 6.0
28.0 -8.0 2.0 30.0 12.0 4.0
32.0 -4.0 -2.0 28.0 2.0 -4.0
28.0 -4.0 -8.0 28.0 0.0 0.0
30.0 -4.0 -8.0 26.0 0.0 0.0
28.0 2.0 -4.0 22.0 -2.0 0.0
24.0 8.0 0.0 20.0 4.0 0.0
24.0 8.0 4.0 20.0 0.0 2.0
24.0 4.0 4.0 20.0 2.0 4.0
24.0 4.0 4.0 20.0 0.0 2.0
24.0 4.0 4.0 20.0 2.0 4.0
26.0 4.0 8.0 20.0 4.0 4.0
26.0 0.0 8.0 24.0 4.0 4.0
20.0 0.0 0.0 28.0 4.0 4.0
14.0 2.0 0.0 24.0 4.0 2.0
14.0 2.0 0.0 16.0 0.0 4.0
18.0 -4.0 0.0 14.0 0.0 4.0
18.0 -4.0 -4.0 10.0 0.0 4.0
18.0 0.0 -4.0 6.0 -2.0 4.0
18.0 4.0 0.0 4.0 2.0 0.0
18.0 4.0 2.0 0.0 2.0 4.0
18.0 0.0 0.0 0.0 4.0 0.0
22.0 -6.0 -4.0 0.0 4.0 4.0
24.0 0.0 -4.0 14.0 4.0 4.0
24.0 0.0 -6.0 14.0 -4.0 4.0
16.0 0.0 -6.0 14.0 4.0 4.0
16.0 0.0 -6.0 8.0 2.0 0.0
16.0 2.0 -2.0 6.0 2.0 0.0
18.0 2.0 -2.0 6.0 -4.0 0.0
20.0 2.0 4.0 14.0 -4.0 4.0
20.0 -2.0 4.0 14.0 4.0 0.0
20.0 -2.0 2.0 14.0 4.0 0.0
16.0 4.0 2.0 10.0 6.0 0.0
16.0 4.0 2.0 10.0 -2.0 0.0
16.0 4.0 2.0 4.0 2.0 2.0
22.0 0.0 2.0 4.0 -2.0 6.0
22.0 -4.0 0.0 4.0 2.0 2.0
14.0 -4.0 0.0 4.0 -2.0 2.0
14.0 4.0 2.0 4.0 0.0 2.0
14.0 4.0 4.0 4.0 0.0 2.0
14.0 -4.0 2.0 -2.0 0.0 2.0
14.0 -6.0 -2.0 -2.0 0.0 2.0
14.0 -6.0 -2.0 -4.0 0.0 0.0
12.0 0.0 -2.0 -4.0 0.0 0.0
10.0 4.0 -4.0 -4.0 6.0 10.0
10.0 0.0 -4.0 2.0 6.0 10.0
10.0 4.0 0.0 2.0 -4.0 8.0
20.0 -2.0 2.0 10.0 -4.0 4.0
16.0 -2.0 0.0 10.0 0.0 4.0
16.0 -2.0 4.0 10.0 0.0 8.0
16.0 -2.0 4.0 8.0 0.0 8.0
12.0 -2.0 4.0 4.0 -2.0 6.0
14.0 -2.0 4.0 8.0 -2.0 -4.0
2.0 0.0 4.0 8.0 -2.0 -4.0
14.0 0.0 -2.0 8.0 -2.0 6.0
18.0 0.0 -2.0 8.0 -2.0 6.0
18.0 2.0 -2.0 2.0 0.0 8.0
8.0 6.0 -2.0 8.0 0.0 8.0
8.0 6.0 -2.0 8.0 -2.0 4.0
12.0 -6.0 -2.0 10.0 -6.0 0.0
12.0 -6.0 2.0 12.0 -2.0 2.0
12.0 -2.0 2.0 10.0 -6.0 -2.0
16.0 2.0 2.0 10.0 -4.0 2.0
16.0 -2.0 -6.0 6.0 -10.0 4.0
16.0 -2.0 -8.0 10.0 -6.0 6.0
14.0 -2.0 -8.0 2.0 -10.0 6.0
14.0 0.0 -8.0 10.0 -6.0 6.0
14.0 2.0 -2.0 16.0 -2.0 0.0
14.0 6.0 -2.0 16.0 0.0 6.0
14.0 2.0 -6.0 12.0 0.0 6.0
14.0 2.0 -6.0 6.0 0.0 6.0
14.0 2.0 2.0 6.0 -2.0 0.0
14.0 2.0 4.0 4.0 -2.0 0.0
16.0 -4.0 4.0 4.0 -4.0 0.0
16.0 -4.0 4.0 10.0 -4.0 8.0
12.0 -2.0 -2.0 10.0 -4.0 0.0
10.0 -2.0 -2.0 4.0 6.0 0.0
10.0 -4.0 -2.0 -4.0 0.0 0.0
18.0 -4.0 4.0 -4.0 4.0 0.0
18.0 -8.0 4.0 6.0 2.0 4.0
14.0 -8.0 -8.0 6.0 2.0 4.0
14.0 -10.0 -8.0 8.0 2.0 4.0
14.0 -2.0 -6.0 4.0 0.0 4.0
20.0 -2.0 -2.0 8.0 0.0 4.0
20.0 -2.0 -4.0 6.0 0.0 2.0
20.0 -12.0 -2.0 6.0 0.0 2.0
16.0 -12.0 0.0 6.0 0.0 0.0
16.0 -4.0 2.0 4.0 0.0 -2.0
16.0 -4.0 0.0 4.0 2.0 -2.0
20.0 -4.0 2.0 4.0 2.0 -2.0
20.0 -8.0 2.0 4.0 4.0 0.0
20.0 -8.0 2.0 2.0 4.0 8.0
18.0 -8.0 -4.0 2.0 4.0 8.0
16.0 -4.0 -4.0 6.0 2.0 4.0
14.0 -8.0 0.0 6.0 2.0 4.0
14.0 -4.0 0.0 6.0 4.0 4.0
16.0 -4.0 -2.0 12.0 4.0 4.0
22.0 0.0 -2.0 12.0 2.0 4.0
16.0 0.0 -2.0 8.0 2.0 -4.0
12.0 -6.0 -2.0 8.0 2.0 -4.0
12.0 -6.0 -10.0 8.0 2.0 -4.0
12.0 -8.0 -10.0 0.0 4.0 2.0
16.0 -12.0 -10.0 0.0 4.0 4.0
16.0 -12.0 -2.0 10.0 2.0 2.0
16.0 -12.0 4.0 10.0 2.0 2.0
12.0 -10.0 4.0 4.0 2.0 2.0
12.0 -4.0 2.0 4.0 4.0 4.0
8.0 -2.0 -2.0 10.0 2.0 4.0
8.0 -4.0 -2.0 10.0 4.0 8.0
8.0 -2.0 -2.0 0.0 8.0 0.0
8.0 -4.0 -2.0 0.0 8.0 2.0
8.0 -2.0 -4.0 2.0 6.0 2.0
8.0 -10.0 -2.0 2.0 4.0 8.0
8.0 -6.0 0.0 2.0 2.0 8.0
8.0 -6.0 0.0 -2.0 2.0 6.0
12.0 2.0 2.0 -2.0 2.0 6.0
16.0 2.0 2.0 6.0 2.0 6.0
16.0 2.0 4.0 6.0 0.0 6.0
16.0 2.0 2.0 6.0 0.0 8.0
18.0 2.0 4.0 0.0 2.0 2.0
18.0 2.0 2.0 0.0 6.0 2.0
18.0 -2.0 -2.0 0.0 6.0 2.0
16.0 -4.0 -2.0 0.0 2.0 0.0
18.0 -2.0 -2.0 0.0 -2.0 0.0
16.0 2.0 2.0 0.0 -2.0 0.0
16.0 2.0 -8.0 2.0 4.0 -2.0
16.0 -2.0 -8.0 2.0 4.0 0.0
16.0 -2.0 -8.0 2.0 -2.0 0.0
16.0 -6.0 -4.0 -2.0 -2.0 4.0
14.0 -6.0 -2.0 -2.0 -4.0 4.0
14.0 -6.0 -4.0 10.0 -4.0 2.0
14.0 -4.0 -6.0 12.0 2.0 2.0
16.0 -4.0 -6.0 12.0 4.0 -2.0
16.0 -2.0 0.0 4.0 4.0 -2.0
16.0 -2.0 2.0 4.0 4.0 6.0
16.0 -2.0 2.0 4.0 2.0 6.0
16.0 4.0 2.0 0.0 0.0 6.0
16.0 2.0 2.0 0.0 0.0 6.0
16.0 4.0 0.0 6.0 -4.0 2.0
16.0 2.0 0.0 8.0 -4.0 2.0
16.0 0.0 2.0 8.0 0.0 2.0
16.0 0.0 4.0 10.0 0.0 4.0
