# Target: open_hand
# Dominant_Vision: Open Hand
-6.0 4.0 2.0 -2.0 0.0 8.0
-4.0 4.0 2.0 0.0 0.0 8.0
-10.0 4.0 2.0 -2.0 0.0 8.0
-4.0 6.0 2.0 -4.0 2.0 6.0
-2.0 6.0 2.0 -6.0 2.0 2.0
-2.0 6.0 2.0 -6.0 2.0 2.0
-10.0 6.0 2.0 -6.0 2.0 2.0
-10.0 2.0 4.0 -4.0 2.0 6.0
-12.0 0.0 4.0 -4.0 2.0 6.0
-10.0 0.0 2.0 -4.0 0.0 14.0
-12.0 0.0 0.0 -8.0 0.0 10.0
-10.0 0.0 0.0 -10.0 10.0 10.0
-10.0 0.0 0.0 -8.0 10.0 6.0
-10.0 0.0 0.0 -8.0 4.0 2.0
-12.0 2.0 0.0 -8.0 2.0 2.0
-12.0 2.0 0.0 -8.0 2.0 4.0
-12.0 2.0 2.0 -2.0 2.0 4.0
-10.0 4.0 2.0 -2.0 6.0 6.0
-12.0 4.0 6.0 -6.0 6.0 4.0
-10.0 4.0 6.0 -8.0 6.0 6.0
-2.0 4.0 8.0 -8.0 6.0 4.0
-2.0 4.0 6.0 -4.0 4.0 4.0
-4.0 8.0 8.0 -4.0 -2.0 4.0
-8.0 8.0 6.0 -6.0 4.0 10.0
-14.0 8.0 2.0 -6.0 -2.0 10.0
-14.0 6.0 2.0 -4.0 10.0 6.0
-8.0 6.0 4.0 -4.0 -2.0 6.0
-2.0 2.0 4.0 -10.0 0.0 8.0
-8.0 0.0 4.0 -10.0 0.0 8.0
-2.0 -2.0 2.0 -8.0 6.0 8.0
-12.0 0.0 2.0 -4.0 6.0 8.0
-8.0 2.0 2.0 -4.0 10.0 4.0
-10.0 4.0 2.0 -4.0 6.0 4.0
-8.0 2.0 2.0 -4.0 6.0 4.0
-10.0 8.0 2.0 -2.0 4.0 8.0
-8.0 2.0 2.0 2.0 4.0 8.0
-10.0 10.0 4.0 6.0 8.0 6.0
-6.0 4.0 6.0 6.0 8.0 6.0
0.0 8.0 10.0 12.0 8.0 10.0
0.0 4.0 8.0 14.0 4.0 10.0
0.0 6.0 8.0 14.0 4.0 10.0
10.0 6.0 6.0 22.0 10.0 6.0
14.0 6.0 2.0 22.0 10.0 8.0
14.0 6.0 6.0 28.0 6.0 8.0
14.0 12.0 6.0 42.0 6.0 12.0
18.0 6.0 12.0 74.0 6.0 18.0
24.0 12.0 8.0 96.0 10.0 18.0
28.0 10.0 14.0 100.0 18.0 18.0
36.0 12.0 14.0 100.0 18.0 18.0
56.0 26.0 14.0 100.0 18.0 28.0
56.0 26.0 16.0 100.0 22.0 30.0
66.0 26.0 14.0 100.0 24.0 30.0
66.0 26.0 18.0 100.0 24.0 16.0
66.0 26.0 18.0 100.0 18.0 16.0
68.0 22.0 18.0 100.0 18.0 16.0
68.0 22.0 24.0 100.0 22.0 20.0
74.0 22.0 24.0 100.0 26.0 20.0
88.0 22.0 24.0 100.0 28.0 20.0
94.0 22.0 24.0 100.0 34.0 20.0
94.0 22.0 30.0 100.0 34.0 20.0
94.0 22.0 30.0 100.0 36.0 20.0
92.0 26.0 28.0 100.0 34.0 14.0
92.0 28.0 28.0 100.0 34.0 18.0
92.0 28.0 32.0 100.0 28.0 18.0
92.0 28.0 32.0 100.0 34.0 20.0
98.0 32.0 26.0 100.0 28.0 20.0
98.0 32.0 22.0 100.0 28.0 20.0
96.0 18.0 22.0 100.0 26.0 20.0
96.0 16.0 24.0 100.0 26.0 20.0
96.0 16.0 24.0 100.0 26.0 22.0
96.0 16.0 24.0 100.0 26.0 18.0
88.0 16.0 32.0 100.0 26.0 16.0
88.0 10.0 32.0 100.0 26.0 14.0
88.0 10.0 32.0 100.0 20.0 12.0
74.0 10.0 30.0 100.0 18.0 10.0
74.0 8.0 28.0 100.0 16.0 10.0
80.0 8.0 26.0 100.0 16.0 12.0
80.0 8.0 28.0 100.0 14.0 12.0
78.0 4.0 24.0 100.0 14.0 6.0
72.0 4.0 26.0 100.0 12.0 6.0
72.0 0.0 24.0 100.0 12.0 6.0
70.0 0.0 26.0 100.0 16.0 10.0
68.0 0.0 28.0 98.0 16.0 10.0
70.0 -4.0 28.0 84.0 16.0 10.0
70.0 8.0 22.0 84.0 10.0 12.0
70.0 6.0 22.0 84.0 10.0 12.0
72.0 6.0 22.0 80.0 10.0 10.0
72.0 6.0 28.0 82.0 8.0 8.0
72.0 8.0 28.0 80.0 12.0 8.0
76.0 8.0 26.0 82.0 10.0 8.0
68.0 4.0 26.0 76.0 12.0 16.0
70.0 4.0 26.0 74.0 12.0 14.0
66.0 4.0 26.0 60.0 12.0 14.0
70.0 4.0 26.0 36.0 14.0 6.0
66.0 8.0 24.0 34.0 12.0 6.0
62.0 2.0 26.0 34.0 10.0 6.0
62.0 4.0 20.0 34.0 8.0 8.0
60.0 2.0 28.0 34.0 8.0 8.0
52.0 2.0 24.0 44.0 8.0 8.0
52.0 -2.0 24.0 44.0 8.0 8.0
52.0 -2.0 24.0 38.0 4.0 8.0
58.0 0.0 24.0 32.0 4.0 8.0
60.0 6.0 26.0 36.0 14.0 10.0
60.0 10.0 26.0 32.0 14.0 10.0
62.0 10.0 26.0 26.0 14.0 8.0
56.0 4.0 18.0 26.0 12.0 6.0
52.0 4.0 18.0 16.0 12.0 6.0
50.0 6.0 20.0 16.0 8.0 4.0
52.0 6.0 24.0 16.0 8.0 4.0
48.0 0.0 24.0 20.0 8.0 4.0
52.0 -2.0 16.0 20.0 12.0 4.0
52.0 -2.0 16.0 20.0 12.0 2.0
52.0 0.0 18.0 18.0 12.0 4.0
50.0 4.0 24.0 20.0 12.0 4.0
50.0 4.0 24.0 20.0 10.0 8.0
54.0 4.0 24.0 20.0 10.0 8.0
54.0 2.0 22.0 20.0 10.0 8.0
46.0 4.0 16.0 22.0 10.0 8.0
44.0 4.0 16.0 22.0 12.0 6.0
44.0 4.0 20.0 20.0 12.0 8.0
44.0 4.0 24.0 16.0 4.0 6.0
40.0 6.0 24.0 16.0 4.0 6.0
40.0 -2.0 14.0 16.0 4.0 6.0
40.0 2.0 14.0 18.0 6.0 6.0
40.0 2.0 20.0 20.0 6.0 6.0
40.0 2.0 20.0 18.0 8.0 4.0
46.0 2.0 18.0 24.0 10.0 6.0
52.0 0.0 18.0 20.0 10.0 2.0
52.0 0.0 22.0 20.0 10.0 2.0
52.0 2.0 22.0 16.0 10.0 2.0
50.0 2.0 18.0 16.0 14.0 10.0
48.0 2.0 18.0 18.0 10.0 14.0
48.0 4.0 20.0 18.0 14.0 10.0
48.0 4.0 20.0 8.0 10.0 10.0
48.0 -2.0 20.0 8.0 6.0 10.0
48.0 -2.0 18.0 10.0 6.0 6.0
50.0 -2.0 18.0 10.0 4.0 10.0
54.0 -10.0 18.0 10.0 10.0 10.0
54.0 -10.0 18.0 16.0 8.0 12.0
48.0 0.0 14.0 18.0 10.0 10.0
48.0 2.0 20.0 16.0 14.0 10.0
48.0 2.0 22.0 20.0 14.0 6.0
52.0 6.0 22.0 16.0 14.0 10.0
52.0 6.0 18.0 20.0 14.0 6.0
48.0 8.0 18.0 20.0 16.0 4.0
48.0 6.0 20.0 22.0 16.0 4.0
50.0 6.0 20.0 22.0 22.0 8.0
54.0 6.0 16.0 22.0 6.0 8.0
50.0 2.0 16.0 18.0 6.0 8.0
54.0 0.0 16.0 16.0 6.0 8.0
46.0 2.0 16.0 16.0 14.0 12.0
48.0 8.0 14.0 12.0 14.0 12.0
48.0 8.0 14.0 18.0 16.0 12.0
48.0 2.0 20.0 20.0 16.0 4.0
50.0 2.0 20.0 20.0 16.0 12.0
50.0 4.0 20.0 20.0 10.0 8.0
52.0 6.0 18.0 12.0 10.0 8.0
52.0 4.0 22.0 20.0 10.0 8.0
54.0 4.0 12.0 18.0 10.0 10.0
54.0 4.0 20.0 18.0 6.0 10.0
54.0 2.0 20.0 16.0 14.0 10.0
54.0 2.0 20.0 16.0 10.0 4.0
54.0 2.0 14.0 14.0 10.0 4.0
52.0 0.0 14.0 20.0 6.0 4.0
42.0 10.0 14.0 18.0 6.0 14.0
42.0 6.0 14.0 18.0 4.0 14.0
44.0 8.0 14.0 18.0 10.0 14.0
50.0 8.0 14.0 16.0 10.0 12.0
50.0 8.0 14.0 10.0 12.0 12.0
50.0 8.0 18.0 10.0 12.0 6.0
48.0 4.0 18.0 16.0 8.0 8.0
48.0 2.0 18.0 16.0 8.0 8.0
48.0 2.0 18.0 10.0 4.0 8.0
48.0 2.0 18.0 10.0 10.0 8.0
44.0 2.0 12.0 20.0 -2.0 2.0
40.0 4.0 12.0 20.0 2.0 2.0
40.0 4.0 20.0 14.0 2.0 10.0
50.0 4.0 20.0 14.0 4.0 10.0
50.0 2.0 20.0 14.0 4.0 2.0
46.0 2.0 16.0 14.0 4.0 2.0
38.0 -2.0 16.0 20.0 8.0 8.0
42.0 0.0 16.0 20.0 8.0 8.0
42.0 0.0 16.0 20.0 8.0 8.0
42.0 0.0 20.0 20.0 8.0 10.0
44.0 4.0 16.0 20.0 10.0 10.0
44.0 4.0 16.0 20.0 10.0 10.0
46.0 2.0 10.0 18.0 10.0 10.0
44.0 2.0 10.0 16.0 12.0 18.0
48.0 6.0 16.0 18.0 8.0 18.0
48.0 6.0 18.0 20.0 6.0 6.0
48.0 6.0 16.0 20.0 6.0 6.0
48.0 6.0 16.0 20.0 6.0 6.0
50.0 4.0 16.0 20.0 14.0 6.0
50.0 6.0 24.0 20.0 8.0 6.0
48.0 4.0 24.0 14.0 8.0 8.0
44.0 4.0 22.0 14.0 8.0 8.0
46.0 2.0 14.0 14.0 6.0 8.0
46.0 2.0 18.0 12.0 6.0 8.0
46.0 2.0 18.0 12.0 12.0 12.0
46.0 2.0 18.0 8.0 12.0 8.0
44.0 4.0 12.0 10.0 10.0 8.0
40.0 4.0 12.0 10.0 4.0 6.0
40.0 4.0 16.0 12.0 4.0 4.0
46.0 4.0 22.0 14.0 8.0 4.0
46.0 4.0 24.0 16.0 8.0 4.0
44.0 4.0 24.0 16.0 8.0 4.0
42.0 4.0 24.0 14.0 6.0 6.0
42.0 0.0 16.0 8.0 6.0 10.0
44.0 0.0 12.0 6.0 8.0 12.0
44.0 0.0 12.0 6.0 8.0 12.0
48.0 2.0 12.0 6.0 8.0 6.0
48.0 -2.0 14.0 12.0 6.0 6.0
48.0 2.0 14.0 18.0 10.0 6.0
48.0 -4.0 16.0 14.0 6.0 6.0
46.0 6.0 18.0 14.0 8.0 6.0
46.0 6.0 18.0 14.0 8.0 8.0
50.0 6.0 18.0 12.0 8.0 10.0
50.0 2.0 16.0 12.0 0.0 10.0
46.0 2.0 16.0 12.0 0.0 2.0
46.0 2.0 16.0 16.0 0.0 2.0
46.0 4.0 16.0 20.0 12.0 4.0
48.0 0.0 16.0 20.0 12.0 8.0
48.0 4.0 16.0 20.0 10.0 8.0
50.0 -2.0 12.0 16.0 4.0 8.0
48.0 -2.0 12.0 16.0 4.0 12.0
50.0 -2.0 12.0 14.0 4.0 12.0
48.0 6.0 14.0 6.0 6.0 12.0
46.0 6.0 16.0 6.0 6.0 8.0
