# Target: open_hand
# Dominant_Vision: Open Hand
0.0 -8.0 -2.0 -2.0 4.0 -2.0
0.0 -2.0 -2.0 0.0 2.0 -2.0
0.0 -4.0 -2.0 -4.0 4.0 -4.0
0.0 -4.0 -4.0 0.0 4.0 -4.0
0.0 -4.0 -6.0 -2.0 4.0 -4.0
6.0 -6.0 -12.0 0.0 4.0 -10.0
-4.0 -6.0 -12.0 2.0 4.0 -10.0
-4.0 -6.0 -6.0 4.0 6.0 -10.0
-4.0 -8.0 -6.0 4.0 6.0 -4.0
-2.0 -10.0 -8.0 4.0 6.0 2.0
2.0 -10.0 -8.0 12.0 4.0 2.0
2.0 -12.0 -6.0 10.0 4.0 2.0
-4.0 -8.0 -6.0 10.0 4.0 0.0
-4.0 -8.0 -6.0 4.0 4.0 0.0
-2.0 -8.0 -4.0 4.0 4.0 0.0
-2.0 -8.0 -4.0 4.0 8.0 0.0
-2.0 -8.0 -8.0 2.0 8.0 -2.0
-2.0 -12.0 -8.0 0.0 8.0 -2.0
0.0 -8.0 -6.0 0.0 8.0 -2.0
0.0 -8.0 -6.0 0.0 6.0 4.0
0.0 -6.0 -8.0 2.0 6.0 4.0
-2.0 -4.0 -8.0 0.0 6.0 4.0
-2.0 -4.0 -2.0 2.0 2.0 6.0
-2.0 -14.0 -2.0 0.0 0.0 0.0
-2.0 -14.0 -2.0 -4.0 0.0 2.0
4.0 -12.0 -6.0 -4.0 4.0 0.0
-4.0 -12.0 -6.0 4.0 6.0 -6.0
4.0 -12.0 0.0 26.0 12.0 -6.0
4.0 -16.0 0.0 50.0 12.0 0.0
8.0 -10.0 0.0 60.0 12.0 0.0
14.0 -8.0 0.0 68.0 14.0 0.0
16.0 -8.0 2.0 94.0 24.0 2.0
22.0 2.0 -2.0 100.0 28.0 2.0
32.0 2.0 -2.0 100.0 34.0 2.0
36.0 4.0 -2.0 100.0 36.0 -4.0
36.0 4.0 8.0 100.0 44.0 -4.0
-16.0 6.0 8.0 100.0 44.0 -4.0
-38.0 8.0 6.0 100.0 50.0 -4.0
-48.0 8.0 6.0 100.0 58.0 6.0
-48.0 -4.0 12.0 100.0 58.0 6.0
-56.0 -4.0 14.0 100.0 68.0 6.0
-56.0 6.0 14.0 100.0 68.0 6.0
-60.0 8.0 18.0 100.0 74.0 6.0
-60.0 8.0 12.0 100.0 88.0 8.0
-58.0 8.0 16.0 100.0 90.0 12.0
-58.0 8.0 12.0 100.0 88.0 12.0
-56.0 8.0 8.0 100.0 90.0 8.0
-64.0 8.0 8.0 100.0 100.0 8.0
-60.0 2.0 12.0 100.0 100.0 8.0
-60.0 2.0 14.0 100.0 100.0 8.0
-52.0 10.0 14.0 100.0 100.0 10.0
-46.0 10.0 16.0 100.0 100.0 12.0
-42.0 8.0 10.0 100.0 100.0 12.0
-42.0 8.0 10.0 100.0 100.0 12.0
-42.0 8.0 8.0 100.0 100.0 14.0
-42.0 4.0 10.0 100.0 100.0 14.0
-36.0 4.0 12.0 100.0 100.0 14.0
-34.0 12.0 12.0 100.0 100.0 10.0
-30.0 12.0 8.0 100.0 100.0 8.0
-34.0 8.0 8.0 100.0 100.0 8.0
-30.0 8.0 8.0 100.0 96.0 8.0
-32.0 8.0 12.0 100.0 92.0 10.0
-26.0 4.0 8.0 100.0 88.0 12.0
-32.0 4.0 8.0 100.0 76.0 12.0
-30.0 4.0 8.0 100.0 74.0 10.0
-32.0 6.0 8.0 100.0 74.0 2.0
-32.0 4.0 4.0 100.0 72.0 2.0
-32.0 2.0 10.0 100.0 68.0 6.0
12.0 2.0 12.0 100.0 68.0 6.0
62.0 2.0 12.0 100.0 76.0 6.0
98.0 2.0 12.0 100.0 78.0 8.0
100.0 -2.0 12.0 100.0 78.0 8.0
100.0 -2.0 12.0 100.0 78.0 0.0
100.0 -4.0 10.0 100.0 78.0 -4.0
100.0 -4.0 10.0 100.0 76.0 -4.0
100.0 -4.0 14.0 100.0 70.0 2.0
100.0 -6.0 14.0 100.0 66.0 2.0
100.0 -4.0 14.0 100.0 66.0 -2.0
100.0 0.0 14.0 100.0 80.0 -2.0
100.0 0.0 16.0 100.0 82.0 -2.0
100.0 0.0 16.0 100.0 96.0 0.0
100.0 0.0 14.0 100.0 100.0 0.0
100.0 0.0 14.0 100.0 100.0 0.0
100.0 -4.0 12.0 100.0 100.0 0.0
100.0 -4.0 8.0 100.0 94.0 0.0
100.0 -4.0 8.0 100.0 94.0 0.0
100.0 -4.0 14.0 100.0 92.0 0.0
100.0 -4.0 20.0 100.0 92.0 -2.0
100.0 -4.0 14.0 100.0 78.0 -2.0
100.0 -4.0 20.0 100.0 78.0 -6.0
100.0 -8.0 20.0 100.0 78.0 -2.0
100.0 -8.0 20.0 100.0 78.0 0.0
100.0 -8.0 14.0 100.0 78.0 0.0
100.0 -6.0 14.0 100.0 72.0 -2.0
100.0 -2.0 14.0 100.0 72.0 -2.0
100.0 -2.0 14.0 100.0 72.0 -2.0
100.0 -2.0 14.0 100.0 72.0 2.0
100.0 -2.0 12.0 100.0 70.0 2.0
100.0 2.0 16.0 100.0 60.0 -2.0
100.0 2.0 12.0 100.0 54.0 -4.0
100.0 -4.0 8.0 100.0 52.0 -6.0
100.0 -4.0 6.0 100.0 52.0 -6.0
100.0 -8.0 8.0 100.0 52.0 -6.0
100.0 -4.0 4.0 100.0 52.0 -2.0
100.0 -4.0 4.0 100.0 52.0 0.0
100.0 -4.0 2.0 100.0 52.0 -2.0
100.0 -14.0 2.0 100.0 52.0 0.0
100.0 -14.0 2.0 100.0 48.0 2.0
100.0 -8.0 4.0 100.0 46.0 2.0
100.0 -8.0 4.0 100.0 42.0 4.0
100.0 -8.0 0.0 100.0 46.0 -2.0
100.0 -8.0 0.0 100.0 42.0 -6.0
100.0 -8.0 0.0 100.0 40.0 -6.0
100.0 -6.0 0.0 100.0 38.0 -6.0
100.0 -6.0 4.0 100.0 36.0 -4.0
100.0 -10.0 4.0 84.0 36.0 -4.0
100.0 -10.0 4.0 84.0 36.0 -2.0
100.0 -4.0 0.0 78.0 36.0 4.0
100.0 -4.0 0.0 62.0 32.0 4.0
100.0 -4.0 -4.0 62.0 32.0 4.0
100.0 -2.0 -4.0 50.0 32.0 -6.0
100.0 2.0 -4.0 44.0 34.0 4.0
100.0 -2.0 -4.0 48.0 34.0 0.0
100.0 -4.0 -6.0 48.0 38.0 0.0
100.0 -4.0 -10.0 48.0 34.0 0.0
100.0 -10.0 -10.0 48.0 34.0 -2.0
100.0 -6.0 -2.0 40.0 34.0 -4.0
100.0 -8.0 -2.0 40.0 24.0 -8.0
100.0 -6.0 -14.0 38.0 32.0 -8.0
100.0 -8.0 -14.0 38.0 28.0 -8.0
100.0 -6.0 -10.0 34.0 30.0 -2.0
100.0 -8.0 -10.0 32.0 28.0 -2.0
100.0 -6.0 -10.0 30.0 20.0 -2.0
100.0 -8.0 -18.0 28.0 20.0 2.0
100.0 -10.0 -2.0 30.0 22.0 2.0
100.0 -10.0 -6.0 36.0 24.0 2.0
100.0 -10.0 -6.0 36.0 28.0 4.0
100.0 -8.0 -6.0 32.0 28.0 4.0
100.0 -8.0 -12.0 32.0 28.0 -2.0
100.0 -8.0 -10.0 32.0 28.0 -2.0
100.0 -8.0 -10.0 32.0 28.0 -2.0
100.0 0.0 -10.0 34.0 28.0 -2.0
100.0 0.0 -4.0 34.0 30.0 -2.0
100.0 -2.0 -10.0 32.0 30.0 -2.0
100.0 -10.0 -8.0 32.0 30.0 2.0
100.0 -12.0 -8.0 34.0 30.0 2.0
100.0 -12.0 -6.0 34.0 34.0 2.0
100.0 -10.0 -6.0 34.0 34.0 2.0
100.0 -2.0 -2.0 34.0 34.0 2.0
100.0 -6.0 -6.0 32.0 22.0 0.0
100.0 -6.0 -6.0 28.0 32.0 -8.0
100.0 -6.0 -6.0 28.0 22.0 -8.0
100.0 -6.0 -6.0 34.0 20.0 -8.0
100.0 -4.0 -6.0 34.0 20.0 -4.0
100.0 -6.0 -6.0 34.0 28.0 0.0
100.0 0.0 -8.0 26.0 28.0 4.0
100.0 -6.0 -8.0 26.0 28.0 0.0
100.0 -6.0 -14.0 24.0 28.0 0.0
100.0 -8.0 -12.0 18.0 28.0 -4.0
100.0 -10.0 -12.0 18.0 28.0 0.0
100.0 -8.0 -8.0 22.0 26.0 -4.0
100.0 -8.0 -6.0 22.0 24.0 2.0
100.0 -8.0 -6.0 24.0 24.0 2.0
100.0 -8.0 -10.0 24.0 16.0 2.0
100.0 -8.0 -10.0 24.0 16.0 -2.0
100.0 -6.0 -4.0 20.0 24.0 -2.0
100.0 -6.0 -4.0 20.0 26.0 -4.0
100.0 -6.0 2.0 22.0 28.0 -2.0
100.0 -6.0 -4.0 22.0 26.0 2.0
100.0 -8.0 -4.0 22.0 26.0 4.0
100.0 -6.0 -4.0 22.0 26.0 4.0
100.0 -8.0 -6.0 28.0 22.0 4.0
100.0 -6.0 -4.0 28.0 22.0 0.0
100.0 -8.0 -6.0 26.0 20.0 0.0
100.0 -2.0 -6.0 22.0 22.0 -2.0
100.0 -2.0 -6.0 22.0 24.0 2.0
100.0 -2.0 -6.0 22.0 24.0 -4.0
100.0 -4.0 -6.0 24.0 20.0 -8.0
100.0 -10.0 -2.0 22.0 20.0 -8.0
100.0 -10.0 -4.0 26.0 22.0 -6.0
100.0 -2.0 -4.0 30.0 22.0 -6.0
100.0 0.0 -10.0 34.0 22.0 -6.0
100.0 0.0 -10.0 30.0 28.0 -4.0
100.0 -4.0 -6.0 28.0 28.0 -2.0
100.0 -4.0 -6.0 26.0 28.0 -2.0
100.0 -4.0 -6.0 20.0 28.0 2.0
100.0 -16.0 -6.0 26.0 22.0 -2.0
100.0 -16.0 -6.0 22.0 22.0 -6.0
100.0 -8.0 -8.0 28.0 22.0 -6.0
100.0 -2.0 -8.0 22.0 22.0 -2.0
100.0 -2.0 -8.0 22.0 22.0 4.0
100.0 -4.0 -2.0 22.0 22.0 0.0
100.0 -4.0 -8.0 22.0 20.0 0.0
100.0 -4.0 -10.0 22.0 30.0 -2.0
100.0 -4.0 -10.0 28.0 22.0 -2.0
100.0 -4.0 -10.0 28.0 32.0 10.0
100.0 -4.0 -8.0 26.0 24.0 10.0
100.0 -4.0 -2.0 26.0 24.0 0.0
100.0 -4.0 -2.0 26.0 22.0 0.0
100.0 -4.0 0.0 26.0 20.0 0.0
100.0 -8.0 -6.0 22.0 20.0 0.0
100.0 -4.0 -2.0 22.0 24.0 -2.0
100.0 -2.0 -10.0 24.0 24.0 -2.0
100.0 -2.0 -2.0 32.0 24.0 0.0
100.0 -4.0 -10.0 26.0 24.0 0.0
100.0 -14.0 -4.0 26.0 24.0 0.0
100.0 -14.0 -4.0 26.0 26.0 0.0
100.0 -12.0 -4.0 24.0 26.0 -6.0
100.0 -8.0 -4.0 24.0 24.0 4.0
100.0 -6.0 -2.0 28.0 20.0 0.0
100.0 -6.0 -4.0 28.0 24.0 0.0
96.0 -6.0 -6.0 24.0 28.0 0.0
100.0 -8.0 -6.0 24.0 28.0 -4.0
100.0 -8.0 -4.0 24.0 26.0 2.0
100.0 -4.0 0.0 28.0 26.0 2.0
100.0 -4.0 -4.0 22.0 26.0 4.0
100.0 -4.0 -6.0 24.0 24.0 4.0
100.0 -4.0 -6.0 24.0 22.0 2.0
100.0 -4.0 -6.0 24.0 16.0 -2.0
100.0 -6.0 -10.0 28.0 16.0 -2.0
100.0 -6.0 -4.0 28.0 20.0 2.0
100.0 -6.0 -10.0 28.0 20.0 2.0
100.0 -4.0 -4.0 26.0 28.0 0.0
100.0 -6.0 -4.0 14.0 28.0 -2.0
100.0 -6.0 -4.0 14.0 28.0 0.0
100.0 -6.0 -4.0 28.0 30.0 4.0
100.0 -6.0 -10.0 28.0 26.0 4.0
100.0 -6.0 -6.0 24.0 26.0 -4.0
100.0 -6.0 -8.0 22.0 22.0 -4.0
