# Target: open_hand
# Dominant_Vision: Open Hand
-8.0 6.0 0.0 -2.0 0.0 10.0
-2.0 0.0 0.0 0.0 0.0 12.0
-2.0 0.0 -4.0 -2.0 -2.0 14.0
-2.0 0.0 -8.0 0.0 -2.0 16.0
-6.0 6.0 -8.0 -14.0 -2.0 14.0
-6.0 6.0 2.0 4.0 -2.0 16.0
-6.0 2.0 2.0 2.0 -2.0 14.0
-6.0 -2.0 2.0 2.0 -4.0 16.0
-10.0 -2.0 -4.0 -2.0 -4.0 14.0
-10.0 2.0 -2.0 -8.0 -2.0 14.0
-12.0 8.0 -4.0 -8.0 4.0 14.0
-6.0 8.0 -2.0 -4.0 4.0 12.0
-6.0 10.0 -2.0 2.0 4.0 12.0
-6.0 8.0 -2.0 2.0 4.0 12.0
-10.0 10.0 -2.0 2.0 4.0 14.0
-10.0 4.0 2.0 -2.0 2.0 14.0
-10.0 4.0 2.0 -2.0 2.0 12.0
-10.0 4.0 4.0 0.0 6.0 12.0
-10.0 4.0 2.0 0.0 6.0 16.0
-10.0 8.0 2.0 -2.0 6.0 16.0
-4.0 10.0 0.0 -2.0 -2.0 10.0
-4.0 10.0 0.0 4.0 0.0 10.0
-4.0 10.0 0.0 6.0 0.0 12.0
-2.0 10.0 0.0 14.0 0.0 16.0
-4.0 10.0 0.0 30.0 0.0 20.0
0.0 0.0 0.0 52.0 0.0 20.0
0.0 0.0 0.0 80.0 14.0 16.0
8.0 0.0 6.0 100.0 18.0 16.0
20.0 8.0 6.0 100.0 20.0 20.0
28.0 8.0 6.0 100.0 22.0 20.0
28.0 8.0 6.0 100.0 26.0 20.0
-10.0 6.0 10.0 100.0 32.0 18.0
-12.0 8.0 12.0 100.0 36.0 18.0
-12.0 8.0 12.0 100.0 64.0 12.0
-34.0 10.0 12.0 100.0 64.0 12.0
-40.0 14.0 12.0 100.0 66.0 12.0
-46.0 16.0 18.0 100.0 66.0 12.0
-58.0 14.0 18.0 100.0 74.0 18.0
-58.0 12.0 18.0 100.0 90.0 20.0
-58.0 10.0 18.0 100.0 94.0 20.0
-58.0 12.0 18.0 100.0 94.0 26.0
-60.0 20.0 18.0 100.0 100.0 28.0
-66.0 20.0 22.0 100.0 100.0 28.0
-72.0 16.0 22.0 100.0 100.0 22.0
-72.0 14.0 18.0 100.0 100.0 22.0
-72.0 16.0 18.0 100.0 100.0 26.0
-70.0 16.0 22.0 100.0 100.0 28.0
-68.0 18.0 30.0 100.0 100.0 28.0
-70.0 20.0 32.0 100.0 100.0 28.0
-70.0 20.0 32.0 100.0 100.0 22.0
-70.0 20.0 30.0 100.0 100.0 22.0
-58.0 20.0 30.0 100.0 100.0 22.0
-58.0 16.0 30.0 100.0 100.0 28.0
-60.0 14.0 30.0 100.0 100.0 30.0
-60.0 14.0 30.0 100.0 100.0 28.0
-60.0 14.0 26.0 100.0 100.0 28.0
-62.0 14.0 26.0 100.0 100.0 22.0
-66.0 14.0 34.0 100.0 100.0 22.0
-66.0 14.0 34.0 100.0 100.0 22.0
-64.0 24.0 28.0 100.0 100.0 20.0
-62.0 24.0 24.0 100.0 100.0 20.0
-62.0 10.0 24.0 100.0 100.0 20.0
-56.0 10.0 22.0 100.0 100.0 22.0
-14.0 12.0 24.0 100.0 100.0 22.0
-4.0 12.0 26.0 100.0 100.0 22.0
6.0 10.0 26.0 100.0 100.0 20.0
10.0 10.0 26.0 100.0 100.0 20.0
24.0 10.0 28.0 100.0 100.0 18.0
36.0 12.0 28.0 100.0 100.0 20.0
44.0 12.0 28.0 100.0 100.0 18.0
52.0 12.0 26.0 100.0 100.0 16.0
48.0 6.0 26.0 100.0 100.0 12.0
48.0 6.0 28.0 100.0 100.0 16.0
46.0 14.0 28.0 100.0 100.0 18.0
44.0 14.0 26.0 100.0 90.0 18.0
44.0 6.0 26.0 100.0 90.0 18.0
38.0 4.0 32.0 100.0 88.0 18.0
30.0 -8.0 32.0 100.0 84.0 18.0
28.0 4.0 30.0 100.0 78.0 18.0
18.0 2.0 30.0 100.0 74.0 18.0
18.0 8.0 26.0 100.0 72.0 14.0
8.0 8.0 26.0 100.0 66.0 18.0
0.0 8.0 26.0 100.0 64.0 22.0
-4.0 -2.0 22.0 100.0 60.0 22.0
-4.0 -2.0 16.0 100.0 52.0 18.0
-6.0 6.0 16.0 100.0 46.0 18.0
-8.0 6.0 18.0 100.0 42.0 18.0
-8.0 2.0 22.0 100.0 42.0 20.0
-24.0 2.0 22.0 100.0 40.0 18.0
-32.0 2.0 18.0 100.0 34.0 18.0
-32.0 2.0 12.0 100.0 34.0 12.0
-28.0 0.0 18.0 100.0 36.0 12.0
-28.0 0.0 24.0 100.0 38.0 12.0
-28.0 2.0 24.0 100.0 38.0 8.0
-28.0 2.0 22.0 100.0 38.0 8.0
-28.0 2.0 18.0 100.0 38.0 12.0
-28.0 2.0 18.0 100.0 32.0 18.0
-28.0 2.0 22.0 100.0 38.0 12.0
-32.0 2.0 22.0 100.0 34.0 22.0
-34.0 4.0 8.0 100.0 34.0 20.0
-34.0 4.0 8.0 100.0 34.0 20.0
-36.0 4.0 12.0 100.0 30.0 16.0
-42.0 6.0 12.0 100.0 26.0 16.0
-40.0 6.0 12.0 100.0 26.0 14.0
-42.0 6.0 12.0 100.0 22.0 14.0
-40.0 6.0 16.0 100.0 20.0 14.0
-44.0 8.0 16.0 100.0 20.0 14.0
-42.0 8.0 18.0 100.0 20.0 16.0
-48.0 4.0 12.0 100.0 22.0 16.0
-48.0 4.0 10.0 100.0 22.0 16.0
-48.0 4.0 10.0 100.0 22.0 14.0
-48.0 6.0 10.0 100.0 22.0 14.0
-50.0 6.0 16.0 100.0 22.0 12.0
-52.0 6.0 14.0 100.0 24.0 16.0
-52.0 8.0 16.0 100.0 24.0 16.0
-50.0 4.0 14.0 100.0 24.0 16.0
-50.0 8.0 16.0 100.0 24.0 14.0
-50.0 8.0 10.0 100.0 22.0 14.0
-50.0 8.0 10.0 100.0 20.0 14.0
-48.0 4.0 10.0 100.0 20.0 18.0
-48.0 4.0 10.0 100.0 20.0 14.0
-48.0 10.0 8.0 100.0 20.0 14.0
-46.0 10.0 8.0 100.0 20.0 14.0
-52.0 6.0 14.0 100.0 18.0 12.0
-54.0 0.0 14.0 100.0 18.0 18.0
-54.0 0.0 14.0 100.0 18.0 12.0
-54.0 0.0 14.0 100.0 20.0 14.0
-54.0 0.0 20.0 100.0 20.0 12.0
-52.0 0.0 20.0 100.0 20.0 14.0
-54.0 8.0 12.0 100.0 20.0 16.0
-50.0 12.0 10.0 100.0 20.0 16.0
-52.0 12.0 8.0 100.0 24.0 12.0
-52.0 6.0 8.0 100.0 24.0 12.0
-54.0 0.0 10.0 100.0 12.0 14.0
-54.0 4.0 10.0 100.0 12.0 16.0
-56.0 2.0 10.0 100.0 20.0 18.0
-52.0 2.0 8.0 100.0 24.0 16.0
-48.0 2.0 8.0 100.0 24.0 16.0
-48.0 0.0 8.0 100.0 24.0 12.0
-48.0 6.0 10.0 100.0 18.0 16.0
-50.0 2.0 12.0 100.0 16.0 16.0
-52.0 4.0 14.0 100.0 16.0 16.0
-52.0 4.0 14.0 100.0 18.0 14.0
-52.0 6.0 4.0 100.0 18.0 14.0
-52.0 6.0 2.0 100.0 18.0 18.0
-54.0 12.0 4.0 100.0 24.0 22.0
-52.0 2.0 14.0 100.0 18.0 22.0
-56.0 6.0 14.0 100.0 24.0 22.0
-56.0 2.0 14.0 100.0 24.0 16.0
-56.0 0.0 10.0 100.0 24.0 14.0
-56.0 0.0 10.0 100.0 22.0 16.0
-56.0 -6.0 8.0 100.0 20.0 16.0
-56.0 8.0 8.0 100.0 22.0 22.0
-56.0 0.0 8.0 100.0 20.0 16.0
-56.0 0.0 14.0 100.0 22.0 16.0
-50.0 0.0 14.0 100.0 22.0 16.0
-54.0 -2.0 10.0 100.0 24.0 16.0
-50.0 -2.0 8.0 100.0 24.0 16.0
-54.0 -2.0 6.0 100.0 24.0 18.0
-50.0 2.0 8.0 100.0 20.0 16.0
-62.0 -2.0 6.0 100.0 20.0 16.0
-60.0 4.0 6.0 100.0 20.0 16.0
-60.0 4.0 6.0 100.0 20.0 14.0
-60.0 6.0 6.0 100.0 20.0 14.0
-50.0 6.0 4.0 100.0 20.0 14.0
-54.0 2.0 4.0 100.0 20.0 16.0
-54.0 2.0 4.0 100.0 22.0 22.0
-54.0 8.0 8.0 100.0 20.0 16.0
-56.0 8.0 4.0 100.0 20.0 14.0
-56.0 6.0 16.0 100.0 20.0 14.0
-56.0 6.0 8.0 100.0 22.0 22.0
-52.0 6.0 8.0 100.0 22.0 22.0
-50.0 6.0 2.0 100.0 16.0 20.0
-46.0 8.0 2.0 100.0 16.0 20.0
-46.0 4.0 2.0 100.0 16.0 22.0
-48.0 4.0 10.0 100.0 16.0 22.0
-56.0 4.0 14.0 100.0 16.0 20.0
-56.0 2.0 14.0 100.0 18.0 18.0
-58.0 6.0 14.0 100.0 22.0 18.0
-54.0 6.0 2.0 100.0 26.0 18.0
-56.0 6.0 2.0 100.0 26.0 18.0
-56.0 6.0 2.0 100.0 22.0 18.0
-56.0 0.0 8.0 100.0 22.0 20.0
-52.0 0.0 8.0 100.0 16.0 20.0
-52.0 -4.0 8.0 100.0 16.0 20.0
-52.0 6.0 8.0 100.0 16.0 18.0
-50.0 6.0 8.0 100.0 28.0 18.0
-50.0 6.0 4.0 100.0 28.0 18.0
-52.0 6.0 10.0 100.0 20.0 18.0
-58.0 6.0 12.0 100.0 18.0 18.0
-56.0 10.0 12.0 100.0 12.0 16.0
-56.0 10.0 8.0 100.0 12.0 20.0
-48.0 8.0 6.0 100.0 18.0 20.0
-48.0 8.0 8.0 100.0 18.0 20.0
-48.0 6.0 10.0 100.0 16.0 20.0
-52.0 6.0 10.0 100.0 14.0 16.0
-54.0 4.0 10.0 100.0 14.0 16.0
-54.0 4.0 12.0 100.0 22.0 10.0
-54.0 4.0 12.0 100.0 22.0 20.0
-50.0 4.0 6.0 100.0 14.0 18.0
-50.0 4.0 6.0 100.0 14.0 20.0
-54.0 4.0 10.0 100.0 14.0 18.0
-56.0 4.0 14.0 100.0 22.0 24.0
-56.0 12.0 14.0 100.0 22.0 16.0
-56.0 12.0 14.0 100.0 22.0 18.0
-54.0 4.0 8.0 100.0 20.0 18.0
-48.0 0.0 8.0 100.0 14.0 22.0
-48.0 0.0 8.0 100.0 14.0 22.0
-50.0 10.0 8.0 100.0 18.0 22.0
-50.0 10.0 8.0 100.0 18.0 18.0
-50.0 6.0 12.0 100.0 16.0 16.0
-50.0 4.0 12.0 100.0 14.0 16.0
-54.0 4.0 6.0 100.0 14.0 16.0
-58.0 2.0 6.0 100.0 14.0 20.0
-60.0 6.0 10.0 100.0 24.0 20.0
-60.0 6.0 10.0 100.0 24.0 20.0
-54.0 8.0 10.0 100.0 24.0 18.0
-54.0 8.0 10.0 100.0 22.0 18.0
-54.0 6.0 8.0 100.0 22.0 18.0
-54.0 4.0 8.0 100.0 24.0 22.0
-54.0 2.0 6.0 100.0 24.0 24.0
-54.0 2.0 10.0 100.0 24.0 24.0
-54.0 8.0 4.0 100.0 16.0 18.0
-48.0 8.0 8.0 100.0 20.0 18.0
-52.0 10.0 8.0 100.0 20.0 22.0
-52.0 8.0 8.0 100.0 20.0 22.0
-56.0 10.0 14.0 100.0 20.0 16.0
