# Target: open_hand
# Dominant_Vision: Open Hand
0.0 0.0 0.0 0.0 -4.0 0.0
0.0 0.0 -6.0 0.0 -8.0 0.0
2.0 0.0 -6.0 -6.0 -8.0 6.0
2.0 -6.0 0.0 -4.0 -10.0 -2.0
2.0 -6.0 4.0 -4.0 -8.0 -2.0
-2.0 -6.0 4.0 -2.0 -8.0 -2.0
-2.0 0.0 2.0 -2.0 -2.0 -2.0
-2.0 -2.0 2.0 -2.0 -2.0 -2.0
-6.0 0.0 2.0 -2.0 -4.0 2.0
-8.0 -2.0 4.0 -2.0 -8.0 -2.0
-8.0 2.0 4.0 -6.0 -8.0 0.0
-6.0 -4.0 8.0 -6.0 -6.0 0.0
0.0 -2.0 4.0 -6.0 -6.0 6.0
0.0 -4.0 8.0 -6.0 -8.0 6.0
0.0 -2.0 4.0 -6.0 -8.0 -2.0
-4.0 -4.0 8.0 -10.0 -6.0 -2.0
-4.0 -4.0 4.0 -10.0 -6.0 0.0
-6.0 -4.0 4.0 -10.0 -8.0 0.0
-6.0 -4.0 2.0 -10.0 -8.0 10.0
-10.0 -8.0 0.0 -10.0 -8.0 10.0
-4.0 -10.0 0.0 -6.0 -8.0 6.0
-4.0 -8.0 0.0 -6.0 -8.0 6.0
-4.0 -2.0 0.0 -6.0 -8.0 6.0
0.0 2.0 4.0 -10.0 -4.0 6.0
-4.0 2.0 6.0 -10.0 -4.0 6.0
0.0 0.0 6.0 -10.0 2.0 6.0
0.0 0.0 2.0 -8.0 2.0 4.0
0.0 0.0 2.0 -10.0 -8.0 4.0
-2.0 -4.0 6.0 -6.0 -8.0 4.0
-4.0 -4.0 6.0 -6.0 -2.0 6.0
-6.0 -4.0 6.0 -2.0 -2.0 8.0
-6.0 2.0 6.0 -2.0 -2.0 8.0
-6.0 -6.0 6.0 0.0 0.0 4.0
-6.0 0.0 8.0 -4.0 2.0 4.0
-6.0 -2.0 8.0 -4.0 2.0 8.0
0.0 -2.0 8.0 -4.0 2.0 8.0
0.0 -4.0 4.0 -6.0 -4.0 8.0
0.0 -4.0 0.0 -2.0 -6.0 4.0
0.0 -4.0 0.0 -2.0 -8.0 2.0
6.0 2.0 0.0 18.0 -6.0 0.0
18.0 2.0 4.0 32.0 -10.0 2.0
38.0 2.0 8.0 38.0 -4.0 -2.0
40.0 16.0 8.0 38.0 -6.0 6.0
46.0 16.0 6.0 44.0 -2.0 2.0
46.0 16.0 6.0 44.0 -6.0 8.0
66.0 6.0 6.0 54.0 -2.0 2.0
76.0 4.0 12.0 86.0 6.0 2.0
78.0 -2.0 12.0 100.0 10.0 0.0
78.0 -2.0 12.0 100.0 10.0 2.0
100.0 -2.0 16.0 100.0 12.0 4.0
100.0 2.0 18.0 100.0 16.0 4.0
100.0 4.0 18.0 100.0 16.0 8.0
100.0 4.0 18.0 100.0 18.0 6.0
100.0 2.0 22.0 100.0 12.0 6.0
100.0 2.0 22.0 100.0 20.0 0.0
100.0 4.0 18.0 100.0 16.0 0.0
100.0 8.0 12.0 100.0 16.0 2.0
100.0 14.0 12.0 100.0 8.0 6.0
96.0 14.0 14.0 100.0 8.0 8.0
78.0 12.0 14.0 100.0 8.0 8.0
74.0 12.0 20.0 100.0 0.0 4.0
76.0 10.0 12.0 100.0 0.0 4.0
76.0 6.0 4.0 100.0 0.0 2.0
88.0 6.0 4.0 100.0 4.0 2.0
88.0 6.0 14.0 100.0 0.0 -2.0
76.0 6.0 14.0 100.0 -8.0 -2.0
76.0 6.0 8.0 100.0 -8.0 -2.0
76.0 6.0 8.0 98.0 -8.0 2.0
78.0 6.0 10.0 92.0 0.0 8.0
78.0 6.0 10.0 92.0 0.0 8.0
78.0 6.0 10.0 66.0 -2.0 8.0
72.0 4.0 10.0 66.0 -2.0 4.0
68.0 -2.0 6.0 58.0 0.0 4.0
66.0 -2.0 10.0 58.0 0.0 4.0
66.0 -2.0 10.0 56.0 -6.0 4.0
66.0 2.0 10.0 64.0 -6.0 2.0
64.0 -2.0 10.0 54.0 -2.0 6.0
66.0 -2.0 10.0 54.0 2.0 2.0
66.0 -4.0 10.0 54.0 2.0 4.0
66.0 -2.0 10.0 48.0 2.0 2.0
64.0 -4.0 10.0 30.0 4.0 4.0
58.0 -8.0 12.0 30.0 0.0 -4.0
50.0 -8.0 12.0 30.0 -4.0 4.0
50.0 -4.0 12.0 30.0 -4.0 -2.0
50.0 -4.0 12.0 28.0 -2.0 4.0
56.0 -4.0 12.0 28.0 -2.0 -2.0
50.0 -2.0 8.0 26.0 -2.0 4.0
50.0 2.0 -2.0 28.0 2.0 2.0
44.0 -2.0 2.0 28.0 -4.0 2.0
50.0 -2.0 0.0 28.0 -4.0 -2.0
48.0 -2.0 2.0 10.0 -4.0 -2.0
50.0 0.0 2.0 10.0 -2.0 -2.0
48.0 4.0 8.0 10.0 -2.0 -2.0
46.0 4.0 8.0 4.0 -2.0 0.0
40.0 4.0 8.0 4.0 -2.0 6.0
40.0 2.0 4.0 14.0 -2.0 6.0
46.0 2.0 4.0 14.0 -2.0 8.0
46.0 0.0 4.0 12.0 -2.0 0.0
46.0 2.0 2.0 8.0 -2.0 -4.0
44.0 -6.0 6.0 8.0 -2.0 -4.0
44.0 -4.0 2.0 6.0 4.0 -4.0
44.0 -4.0 8.0 6.0 -8.0 -4.0
42.0 -4.0 8.0 14.0 -6.0 -4.0
40.0 -2.0 8.0 14.0 -10.0 2.0
38.0 -2.0 4.0 12.0 -6.0 6.0
38.0 4.0 4.0 12.0 -6.0 6.0
38.0 4.0 8.0 12.0 -6.0 2.0
38.0 -2.0 8.0 12.0 -2.0 2.0
38.0 -2.0 6.0 12.0 -2.0 4.0
42.0 -2.0 4.0 6.0 -2.0 4.0
42.0 -2.0 4.0 12.0 -2.0 6.0
38.0 -2.0 4.0 8.0 -2.0 4.0
36.0 0.0 8.0 8.0 -2.0 6.0
36.0 2.0 4.0 8.0 0.0 2.0
38.0 2.0 8.0 10.0 -4.0 2.0
42.0 2.0 10.0 10.0 0.0 2.0
38.0 2.0 10.0 8.0 -8.0 2.0
34.0 -6.0 4.0 8.0 -6.0 2.0
34.0 -6.0 4.0 -2.0 -12.0 2.0
36.0 -6.0 6.0 -2.0 -6.0 4.0
38.0 -6.0 6.0 -2.0 -6.0 -4.0
40.0 -4.0 0.0 0.0 -6.0 2.0
40.0 2.0 -4.0 0.0 -6.0 2.0
40.0 2.0 -4.0 0.0 -6.0 4.0
38.0 0.0 2.0 -2.0 -10.0 4.0
38.0 0.0 4.0 -2.0 0.0 4.0
44.0 2.0 4.0 -2.0 -8.0 4.0
44.0 2.0 4.0 0.0 -4.0 4.0
40.0 -6.0 6.0 2.0 -4.0 0.0
38.0 -6.0 6.0 2.0 -4.0 -2.0
38.0 -6.0 2.0 4.0 -8.0 -2.0
38.0 -2.0 2.0 0.0 -8.0 -2.0
38.0 0.0 2.0 0.0 -8.0 0.0
40.0 0.0 2.0 -2.0 -4.0 4.0
40.0 -4.0 2.0 -2.0 -10.0 4.0
40.0 -6.0 2.0 -6.0 -6.0 4.0
42.0 -4.0 4.0 -4.0 -8.0 -2.0
42.0 -6.0 4.0 -4.0 -8.0 -2.0
38.0 -4.0 4.0 -2.0 -8.0 2.0
38.0 -4.0 4.0 -2.0 -8.0 4.0
42.0 -4.0 4.0 4.0 -4.0 2.0
42.0 -2.0 4.0 4.0 -2.0 8.0
36.0 -2.0 4.0 0.0 -2.0 2.0
36.0 2.0 2.0 -6.0 -4.0 2.0
36.0 2.0 -2.0 -6.0 -6.0 -6.0
46.0 -2.0 -2.0 -6.0 -6.0 2.0
46.0 -2.0 -2.0 -8.0 -6.0 -6.0
44.0 -2.0 -2.0 0.0 -4.0 2.0
38.0 -4.0 -2.0 -10.0 -4.0 -6.0
38.0 2.0 -2.0 0.0 -10.0 -2.0
38.0 4.0 2.0 -4.0 -10.0 -2.0
34.0 4.0 2.0 0.0 -10.0 0.0
34.0 0.0 0.0 2.0 -8.0 2.0
34.0 0.0 0.0 2.0 -6.0 2.0
36.0 0.0 -2.0 -4.0 -2.0 2.0
40.0 0.0 -2.0 -4.0 -2.0 2.0
40.0 -4.0 0.0 -10.0 0.0 -2.0
40.0 -2.0 0.0 -12.0 -4.0 -2.0
40.0 -2.0 0.0 -10.0 -2.0 -2.0
38.0 -2.0 2.0 2.0 -4.0 -4.0
38.0 0.0 2.0 2.0 -4.0 4.0
32.0 -4.0 2.0 -2.0 -6.0 4.0
32.0 -4.0 -4.0 -4.0 -8.0 4.0
32.0 -10.0 -4.0 -2.0 -8.0 2.0
38.0 -10.0 -4.0 2.0 -8.0 2.0
40.0 -8.0 0.0 2.0 2.0 4.0
40.0 -2.0 2.0 4.0 2.0 4.0
42.0 4.0 0.0 -2.0 0.0 2.0
36.0 6.0 4.0 2.0 -4.0 2.0
36.0 4.0 4.0 -2.0 -4.0 4.0
36.0 0.0 6.0 -2.0 -4.0 4.0
40.0 -6.0 6.0 -2.0 -12.0 4.0
40.0 -6.0 4.0 -6.0 -14.0 -2.0
42.0 2.0 4.0 -2.0 -12.0 -2.0
30.0 2.0 2.0 -6.0 -10.0 0.0
42.0 2.0 6.0 -2.0 -8.0 0.0
30.0 -4.0 2.0 -6.0 -4.0 -2.0
40.0 2.0 8.0 0.0 -2.0 -2.0
28.0 -10.0 -2.0 0.0 0.0 4.0
40.0 2.0 -2.0 2.0 0.0 6.0
38.0 -4.0 -2.0 4.0 -8.0 4.0
38.0 0.0 -2.0 2.0 -10.0 -2.0
38.0 -4.0 0.0 -2.0 -8.0 -2.0
36.0 0.0 0.0 -2.0 -4.0 -2.0
36.0 -10.0 4.0 4.0 -4.0 4.0
36.0 0.0 4.0 4.0 -2.0 2.0
40.0 -4.0 4.0 4.0 2.0 2.0
36.0 -4.0 2.0 4.0 2.0 2.0
34.0 -4.0 2.0 0.0 -6.0 4.0
34.0 -4.0 2.0 -4.0 -8.0 4.0
36.0 -4.0 6.0 -4.0 -8.0 0.0
38.0 -2.0 6.0 0.0 -8.0 0.0
38.0 -12.0 -2.0 2.0 -8.0 0.0
38.0 2.0 -2.0 2.0 -8.0 2.0
38.0 -10.0 6.0 0.0 -4.0 6.0
40.0 2.0 6.0 0.0 -8.0 6.0
40.0 -2.0 2.0 0.0 -8.0 2.0
40.0 -2.0 2.0 0.0 -8.0 2.0
38.0 -2.0 -2.0 0.0 -4.0 4.0
32.0 -6.0 -2.0 2.0 -4.0 4.0
32.0 0.0 0.0 4.0 -4.0 4.0
26.0 -2.0 2.0 4.0 -8.0 -2.0
38.0 2.0 4.0 -8.0 -10.0 -2.0
36.0 -2.0 4.0 -8.0 -10.0 -2.0
38.0 2.0 2.0 0.0 -4.0 -2.0
40.0 -4.0 2.0 0.0 -4.0 4.0
40.0 0.0 4.0 -6.0 -2.0 4.0
34.0 -4.0 4.0 -6.0 -2.0 4.0
34.0 -4.0 4.0 -6.0 -2.0 0.0
34.0 -4.0 4.0 0.0 -4.0 -2.0
40.0 -4.0 4.0 -6.0 -4.0 -2.0
40.0 -4.0 0.0 -2.0 -4.0 4.0
40.0 -8.0 0.0 -6.0 -8.0 4.0
36.0 -8.0 2.0 -4.0 -8.0 4.0
36.0 -2.0 2.0 -8.0 -12.0 4.0
34.0 -2.0 0.0 -4.0 -12.0 -2.0
38.0 4.0 -4.0 -10.0 -12.0 -2.0
38.0 -6.0 -4.0 0.0 -6.0 -2.0
40.0 -6.0 -10.0 0.0 -2.0 2.0
40.0 -6.0 -10.0 0.0 -2.0 2.0
40.0 -8.0 -4.0 -6.0 -2.0 2.0
40.0 -6.0 2.0 -6.0 -4.0 2.0
34.0 2.0 2.0 -8.0 -4.0 -2.0
38.0 2.0 0.0 -2.0 -4.0 0.0
38.0 -2.0 -4.0 -8.0 -10.0 -2.0
42.0 -4.0 -4.0 -6.0 -10.0 0.0
42.0 -12.0 -4.0 -6.0 -6.0 6.0
42.0 -12.0 4.0 -6.0 -6.0 6.0
