# Target: open_hand
# Dominant_Vision: Open Hand
-6.0 0.0 0.0 0.0 2.0 0.0
-4.0 0.0 0.0 -4.0 2.0 0.0
-6.0 2.0 4.0 -6.0 6.0 0.0
-4.0 2.0 4.0 -10.0 6.0 0.0
-2.0 2.0 0.0 -6.0 6.0 0.0
-2.0 4.0 0.0 -10.0 4.0 -4.0
-4.0 4.0 0.0 -10.0 4.0 0.0
-4.0 0.0 6.0 -14.0 4.0 -2.0
-4.0 0.0 6.0 -14.0 6.0 2.0
-6.0 0.0 6.0 -8.0 6.0 -2.0
-4.0 2.0 0.0 -8.0 6.0 4.0
-4.0 0.0 -6.0 -8.0 6.0 4.0
0.0 -2.0 -6.0 -10.0 12.0 4.0
0.0 -2.0 6.0 -8.0 12.0 6.0
0.0 -2.0 6.0 -2.0 12.0 4.0
-4.0 0.0 4.0 -2.0 10.0 6.0
-4.0 -6.0 2.0 -2.0 8.0 8.0
-2.0 -2.0 4.0 -4.0 8.0 8.0
-2.0 -2.0 2.0 -4.0 8.0 8.0
-2.0 -2.0 4.0 -4.0 12.0 2.0
-2.0 -2.0 0.0 -8.0 12.0 6.0
-2.0 -2.0 0.0 -14.0 14.0 6.0
-2.0 2.0 0.0 -14.0 12.0 8.0
-2.0 4.0 0.0 -14.0 8.0 8.0
6.0 4.0 -6.0 -2.0 8.0 8.0
6.0 0.0 -6.0 -2.0 10.0 2.0
6.0 0.0 0.0 14.0 12.0 2.0
10.0 0.0 4.0 24.0 14.0 2.0
20.0 2.0 6.0 50.0 14.0 4.0
26.0 2.0 8.0 62.0 14.0 8.0
26.0 4.0 8.0 66.0 14.0 8.0
26.0 2.0 8.0 66.0 16.0 8.0
36.0 -6.0 14.0 66.0 16.0 4.0
36.0 -10.0 14.0 100.0 16.0 0.0
40.0 -10.0 8.0 100.0 20.0 2.0
72.0 0.0 8.0 100.0 22.0 2.0
78.0 4.0 12.0 100.0 22.0 2.0
100.0 6.0 12.0 100.0 30.0 4.0
100.0 8.0 24.0 100.0 34.0 4.0
100.0 8.0 24.0 100.0 42.0 4.0
100.0 10.0 24.0 100.0 48.0 12.0
100.0 16.0 30.0 100.0 48.0 12.0
100.0 18.0 30.0 100.0 52.0 14.0
100.0 20.0 28.0 100.0 64.0 16.0
100.0 22.0 28.0 100.0 64.0 14.0
100.0 20.0 30.0 100.0 70.0 16.0
100.0 18.0 42.0 100.0 72.0 18.0
100.0 18.0 40.0 100.0 80.0 18.0
100.0 16.0 44.0 100.0 84.0 18.0
100.0 24.0 44.0 100.0 86.0 16.0
100.0 10.0 46.0 100.0 94.0 14.0
100.0 26.0 48.0 100.0 94.0 14.0
100.0 26.0 48.0 100.0 98.0 14.0
100.0 26.0 56.0 100.0 98.0 14.0
100.0 20.0 56.0 100.0 100.0 16.0
100.0 20.0 60.0 100.0 100.0 16.0
100.0 26.0 62.0 100.0 100.0 18.0
100.0 26.0 64.0 100.0 98.0 16.0
100.0 28.0 64.0 100.0 98.0 16.0
100.0 28.0 64.0 100.0 100.0 16.0
100.0 28.0 60.0 100.0 100.0 14.0
100.0 26.0 60.0 100.0 96.0 14.0
100.0 20.0 74.0 100.0 94.0 14.0
100.0 26.0 74.0 100.0 96.0 8.0
100.0 20.0 64.0 100.0 96.0 8.0
100.0 24.0 60.0 100.0 96.0 12.0
100.0 24.0 56.0 100.0 84.0 14.0
100.0 26.0 56.0 100.0 84.0 20.0
100.0 26.0 70.0 100.0 88.0 14.0
100.0 26.0 70.0 100.0 90.0 22.0
100.0 24.0 66.0 100.0 90.0 8.0
100.0 24.0 66.0 100.0 94.0 8.0
100.0 24.0 66.0 100.0 94.0 8.0
100.0 24.0 66.0 100.0 92.0 12.0
100.0 24.0 66.0 100.0 92.0 18.0
100.0 28.0 70.0 100.0 88.0 18.0
100.0 28.0 70.0 100.0 88.0 2.0
100.0 20.0 70.0 100.0 80.0 2.0
100.0 20.0 68.0 100.0 82.0 4.0
100.0 20.0 68.0 100.0 80.0 12.0
100.0 28.0 68.0 100.0 78.0 14.0
100.0 14.0 64.0 100.0 78.0 14.0
100.0 18.0 62.0 100.0 74.0 12.0
100.0 14.0 50.0 100.0 54.0 12.0
100.0 18.0 50.0 100.0 52.0 12.0
100.0 14.0 44.0 100.0 44.0 12.0
100.0 8.0 38.0 100.0 38.0 12.0
100.0 6.0 28.0 100.0 30.0 8.0
100.0 6.0 24.0 100.0 30.0 4.0
100.0 0.0 20.0 100.0 24.0 4.0
100.0 0.0 20.0 100.0 24.0 4.0
100.0 0.0 14.0 100.0 18.0 6.0
100.0 -6.0 8.0 100.0 18.0 6.0
100.0 0.0 8.0 100.0 18.0 0.0
100.0 -4.0 2.0 100.0 20.0 -4.0
90.0 0.0 10.0 100.0 20.0 -2.0
90.0 0.0 10.0 100.0 14.0 -2.0
90.0 0.0 10.0 100.0 14.0 6.0
92.0 0.0 10.0 90.0 14.0 10.0
92.0 0.0 10.0 90.0 16.0 10.0
94.0 2.0 8.0 92.0 16.0 10.0
94.0 4.0 8.0 92.0 20.0 8.0
68.0 4.0 8.0 72.0 20.0 0.0
50.0 2.0 8.0 66.0 16.0 0.0
44.0 2.0 10.0 66.0 16.0 0.0
44.0 2.0 10.0 66.0 16.0 0.0
44.0 0.0 10.0 62.0 14.0 -4.0
44.0 0.0 10.0 62.0 14.0 -4.0
44.0 0.0 12.0 62.0 14.0 4.0
50.0 2.0 14.0 60.0 10.0 4.0
50.0 0.0 14.0 60.0 10.0 2.0
50.0 2.0 14.0 60.0 10.0 -2.0
42.0 -2.0 10.0 56.0 10.0 0.0
44.0 2.0 8.0 52.0 10.0 0.0
44.0 -2.0 8.0 52.0 12.0 4.0
44.0 10.0 8.0 54.0 12.0 4.0
42.0 2.0 8.0 54.0 12.0 -2.0
40.0 6.0 8.0 52.0 12.0 -2.0
24.0 2.0 10.0 52.0 20.0 8.0
22.0 -2.0 10.0 50.0 20.0 8.0
24.0 -2.0 10.0 48.0 16.0 6.0
20.0 -2.0 6.0 34.0 16.0 2.0
20.0 -2.0 4.0 34.0 16.0 0.0
20.0 2.0 4.0 34.0 16.0 2.0
18.0 0.0 6.0 30.0 14.0 4.0
18.0 2.0 6.0 28.0 14.0 4.0
18.0 0.0 8.0 28.0 12.0 0.0
18.0 2.0 6.0 22.0 8.0 0.0
18.0 -2.0 6.0 28.0 8.0 0.0
18.0 2.0 6.0 28.0 8.0 0.0
14.0 2.0 4.0 30.0 10.0 0.0
16.0 2.0 2.0 30.0 12.0 2.0
12.0 0.0 2.0 28.0 12.0 2.0
12.0 -2.0 2.0 28.0 18.0 2.0
12.0 -2.0 2.0 22.0 4.0 0.0
10.0 2.0 -2.0 30.0 8.0 0.0
12.0 4.0 -2.0 24.0 8.0 4.0
8.0 4.0 -2.0 24.0 8.0 4.0
12.0 2.0 0.0 24.0 8.0 4.0
10.0 -6.0 4.0 18.0 8.0 -4.0
18.0 -6.0 8.0 28.0 10.0 -4.0
12.0 -2.0 8.0 24.0 10.0 2.0
12.0 0.0 8.0 24.0 10.0 8.0
4.0 0.0 0.0 24.0 8.0 8.0
2.0 -8.0 0.0 14.0 10.0 8.0
4.0 -8.0 4.0 24.0 10.0 4.0
6.0 -4.0 6.0 16.0 12.0 4.0
12.0 -4.0 4.0 18.0 14.0 0.0
12.0 -4.0 2.0 18.0 14.0 0.0
12.0 -8.0 2.0 18.0 14.0 0.0
14.0 4.0 2.0 30.0 14.0 0.0
18.0 -2.0 6.0 28.0 14.0 0.0
18.0 4.0 14.0 28.0 14.0 0.0
18.0 -2.0 14.0 28.0 18.0 0.0
16.0 -8.0 16.0 26.0 12.0 4.0
16.0 -8.0 10.0 26.0 14.0 0.0
16.0 -8.0 8.0 26.0 10.0 6.0
18.0 -2.0 6.0 26.0 14.0 4.0
20.0 -6.0 4.0 28.0 14.0 4.0
20.0 -2.0 4.0 32.0 14.0 4.0
20.0 -6.0 4.0 32.0 10.0 2.0
20.0 -8.0 4.0 28.0 10.0 2.0
24.0 -8.0 4.0 28.0 10.0 2.0
16.0 2.0 12.0 28.0 12.0 8.0
16.0 2.0 12.0 28.0 12.0 8.0
16.0 2.0 6.0 28.0 12.0 -4.0
12.0 2.0 6.0 28.0 18.0 -4.0
20.0 2.0 4.0 20.0 8.0 6.0
20.0 2.0 4.0 20.0 8.0 6.0
20.0 -6.0 4.0 24.0 8.0 6.0
8.0 6.0 8.0 30.0 10.0 4.0
8.0 0.0 8.0 24.0 12.0 0.0
8.0 0.0 8.0 22.0 14.0 -4.0
12.0 0.0 8.0 22.0 12.0 -4.0
10.0 -2.0 0.0 24.0 14.0 4.0
12.0 -2.0 0.0 30.0 12.0 4.0
10.0 -2.0 8.0 24.0 16.0 2.0
10.0 -2.0 8.0 24.0 14.0 2.0
4.0 -4.0 6.0 24.0 14.0 2.0
8.0 0.0 4.0 26.0 10.0 4.0
8.0 2.0 2.0 26.0 10.0 2.0
12.0 4.0 2.0 24.0 10.0 4.0
12.0 2.0 2.0 22.0 14.0 0.0
12.0 -6.0 6.0 20.0 14.0 4.0
10.0 -6.0 6.0 20.0 14.0 6.0
10.0 -2.0 6.0 20.0 14.0 6.0
4.0 0.0 0.0 24.0 16.0 -2.0
4.0 0.0 2.0 24.0 16.0 -2.0
16.0 -4.0 2.0 24.0 16.0 6.0
16.0 -4.0 2.0 28.0 12.0 6.0
14.0 -4.0 10.0 22.0 12.0 6.0
14.0 -6.0 10.0 22.0 12.0 6.0
6.0 -6.0 4.0 22.0 12.0 6.0
12.0 0.0 2.0 24.0 12.0 0.0
6.0 4.0 2.0 24.0 12.0 -2.0
10.0 0.0 2.0 24.0 6.0 -2.0
4.0 -4.0 10.0 30.0 6.0 0.0
10.0 -4.0 10.0 30.0 6.0 2.0
6.0 2.0 10.0 30.0 6.0 0.0
8.0 2.0 8.0 30.0 12.0 2.0
8.0 2.0 -2.0 24.0 10.0 6.0
8.0 0.0 -2.0 24.0 10.0 12.0
10.0 0.0 8.0 22.0 10.0 12.0
4.0 0.0 8.0 16.0 12.0 0.0
10.0 0.0 6.0 22.0 12.0 -4.0
12.0 -4.0 6.0 24.0 8.0 0.0
12.0 -4.0 2.0 26.0 8.0 0.0
12.0 -4.0 8.0 24.0 12.0 0.0
12.0 -2.0 8.0 24.0 14.0 0.0
14.0 -2.0 8.0 18.0 14.0 0.0
14.0 -2.0 8.0 18.0 14.0 2.0
14.0 -4.0 2.0 22.0 14.0 6.0
14.0 -4.0 2.0 26.0 12.0 6.0
14.0 0.0 2.0 26.0 12.0 -2.0
12.0 0.0 2.0 22.0 10.0 -2.0
12.0 -2.0 10.0 18.0 14.0 2.0
8.0 -2.0 12.0 18.0 14.0 4.0
4.0 2.0 12.0 24.0 14.0 2.0
2.0 6.0 8.0 24.0 12.0 4.0
4.0 6.0 8.0 24.0 12.0 0.0
12.0 2.0 4.0 22.0 12.0 6.0
12.0 0.0 8.0 22.0 10.0 4.0
12.0 -8.0 2.0 42.0 10.0 4.0
4.0 -8.0 2.0 42.0 10.0 0.0
4.0 0.0 2.0 16.0 16.0 0.0
4.0 0.0 0.0 16.0 16.0 -4.0
12.0 -2.0 6.0 24.0 14.0 -4.0
4.0 -2.0 2.0 24.0 8.0 -4.0
12.0 0.0 6.0 28.0 12.0 -4.0
12.0 2.0 6.0 24.0 10.0 -2.0
12.0 2.0 6.0 30.0 10.0 -2.0
12.0 6.0 8.0 24.0 6.0 4.0
8.0 6.0 4.0 24.0 6.0 8.0
8.0 6.0 2.0 16.0 14.0 8.0
8.0 -2.0 2.0 16.0 14.0 4.0
10.0 0.0 4.0 20.0 10.0 4.0
10.0 0.0 4.0 26.0 4.0 4.0
10.0 4.0 4.0 26.0 4.0 6.0
10.0 4.0 0.0 26.0 14.0 6.0
10.0 2.0 10.0 20.0 14.0 6.0
10.0 2.0 4.0 20.0 14.0 0.0
10.0 2.0 4.0 20.0 6.0 0.0
10.0 2.0 4.0 18.0 8.0 0.0
12.0 2.0 2.0 16.0 8.0 0.0
8.0 6.0 6.0 16.0 8.0 2.0
14.0 6.0 6.0 16.0 6.0 2.0
10.0 6.0 6.0 14.0 6.0 2.0
12.0 4.0 6.0 14.0 6.0 2.0
