# Target: open_hand
# Dominant_Vision: Open Hand
6.0 -8.0 0.0 -6.0 0.0 2.0
0.0 -6.0 0.0 -6.0 -8.0 0.0
0.0 -16.0 0.0 -6.0 -10.0 -2.0
0.0 -12.0 0.0 -10.0 -12.0 -2.0
0.0 -12.0 -2.0 -6.0 -12.0 0.0
2.0 -12.0 -2.0 -6.0 -8.0 0.0
2.0 -14.0 0.0 -6.0 -6.0 -2.0
2.0 -14.0 0.0 -8.0 -6.0 -2.0
2.0 -10.0 2.0 -10.0 -6.0 -4.0
2.0 -10.0 4.0 -10.0 -4.0 4.0
0.0 -8.0 4.0 -10.0 -4.0 4.0
0.0 -14.0 4.0 -10.0 -8.0 4.0
2.0 -12.0 4.0 -10.0 -10.0 0.0
4.0 -12.0 0.0 0.0 -10.0 -4.0
4.0 -12.0 0.0 0.0 -6.0 0.0
4.0 -16.0 -4.0 -12.0 -4.0 2.0
4.0 -18.0 -4.0 -12.0 -4.0 2.0
4.0 -16.0 -6.0 2.0 -6.0 -2.0
4.0 -18.0 -6.0 2.0 -6.0 -4.0
8.0 -10.0 -4.0 2.0 -6.0 -6.0
8.0 -18.0 -4.0 0.0 -6.0 -6.0
8.0 -12.0 -4.0 -2.0 -10.0 -6.0
4.0 -16.0 -2.0 -6.0 -2.0 -4.0
0.0 -16.0 -4.0 -12.0 -8.0 0.0
0.0 -16.0 -2.0 -6.0 -8.0 4.0
2.0 -16.0 -2.0 -4.0 -8.0 4.0
4.0 -10.0 0.0 8.0 -8.0 2.0
8.0 -8.0 0.0 16.0 -6.0 0.0
20.0 -8.0 4.0 30.0 -4.0 0.0
26.0 -4.0 6.0 32.0 -2.0 0.0
30.0 -12.0 6.0 38.0 -2.0 2.0
28.0 -12.0 4.0 38.0 -8.0 2.0
28.0 -12.0 0.0 44.0 -8.0 4.0
24.0 -6.0 0.0 58.0 2.0 4.0
24.0 6.0 0.0 98.0 2.0 0.0
40.0 6.0 2.0 100.0 10.0 0.0
48.0 2.0 10.0 100.0 14.0 4.0
66.0 2.0 12.0 100.0 12.0 8.0
86.0 14.0 10.0 100.0 16.0 8.0
90.0 14.0 12.0 100.0 16.0 16.0
96.0 14.0 14.0 100.0 22.0 12.0
96.0 20.0 16.0 100.0 24.0 12.0
96.0 20.0 14.0 100.0 26.0 12.0
100.0 18.0 14.0 100.0 30.0 16.0
100.0 18.0 14.0 100.0 34.0 16.0
100.0 20.0 20.0 100.0 34.0 18.0
100.0 24.0 20.0 100.0 34.0 14.0
100.0 20.0 20.0 100.0 34.0 12.0
100.0 24.0 22.0 100.0 36.0 10.0
100.0 18.0 22.0 100.0 30.0 8.0
100.0 24.0 22.0 100.0 28.0 8.0
100.0 16.0 22.0 100.0 28.0 10.0
100.0 18.0 20.0 100.0 26.0 10.0
100.0 18.0 26.0 100.0 22.0 10.0
100.0 18.0 20.0 100.0 22.0 4.0
100.0 18.0 20.0 100.0 24.0 4.0
100.0 12.0 20.0 100.0 24.0 4.0
100.0 8.0 18.0 100.0 14.0 4.0
100.0 0.0 16.0 100.0 10.0 0.0
98.0 0.0 6.0 100.0 -2.0 -2.0
90.0 -2.0 6.0 100.0 -4.0 -2.0
84.0 -8.0 6.0 100.0 -4.0 -2.0
74.0 -8.0 0.0 100.0 -4.0 0.0
68.0 -8.0 0.0 98.0 -2.0 -2.0
68.0 -2.0 0.0 80.0 -2.0 -2.0
68.0 -2.0 6.0 62.0 0.0 -2.0
66.0 -8.0 10.0 62.0 -2.0 0.0
64.0 -8.0 10.0 58.0 -10.0 0.0
64.0 -8.0 6.0 58.0 -10.0 -2.0
62.0 -12.0 6.0 64.0 -2.0 -2.0
64.0 -12.0 6.0 68.0 -2.0 -6.0
66.0 -12.0 10.0 68.0 -2.0 4.0
66.0 -12.0 8.0 62.0 4.0 2.0
64.0 -12.0 14.0 62.0 4.0 4.0
64.0 -12.0 10.0 62.0 4.0 2.0
64.0 -12.0 10.0 62.0 0.0 2.0
66.0 -14.0 4.0 62.0 0.0 2.0
62.0 -14.0 4.0 46.0 0.0 0.0
62.0 -10.0 6.0 34.0 4.0 0.0
56.0 -10.0 6.0 30.0 4.0 0.0
56.0 -10.0 10.0 34.0 4.0 0.0
56.0 -12.0 8.0 30.0 -6.0 4.0
52.0 -12.0 8.0 24.0 -6.0 4.0
52.0 -12.0 8.0 24.0 -2.0 4.0
52.0 -14.0 6.0 26.0 -2.0 2.0
56.0 -12.0 6.0 28.0 0.0 2.0
56.0 -12.0 6.0 26.0 2.0 2.0
50.0 -8.0 6.0 32.0 2.0 -2.0
48.0 -8.0 6.0 24.0 0.0 0.0
50.0 -14.0 12.0 24.0 0.0 -2.0
42.0 -14.0 12.0 24.0 2.0 0.0
48.0 -14.0 12.0 24.0 2.0 0.0
48.0 -6.0 8.0 26.0 2.0 0.0
48.0 -6.0 6.0 28.0 2.0 0.0
48.0 -6.0 8.0 28.0 2.0 10.0
40.0 -4.0 10.0 22.0 2.0 10.0
42.0 -8.0 10.0 22.0 2.0 8.0
40.0 -4.0 6.0 20.0 0.0 6.0
42.0 -6.0 6.0 24.0 0.0 6.0
44.0 -6.0 6.0 24.0 2.0 6.0
44.0 -6.0 4.0 28.0 2.0 -4.0
42.0 -8.0 4.0 28.0 2.0 0.0
38.0 -8.0 4.0 28.0 0.0 -4.0
38.0 -8.0 4.0 26.0 6.0 -16.0
40.0 -8.0 10.0 28.0 0.0 -16.0
40.0 -12.0 10.0 26.0 -4.0 -8.0
44.0 -6.0 10.0 28.0 -4.0 0.0
38.0 -8.0 10.0 26.0 -4.0 0.0
42.0 -8.0 14.0 26.0 4.0 0.0
38.0 -10.0 2.0 26.0 4.0 2.0
38.0 -10.0 2.0 24.0 -4.0 0.0
38.0 -12.0 2.0 24.0 -4.0 0.0
36.0 -12.0 2.0 22.0 -4.0 0.0
36.0 -12.0 4.0 20.0 -2.0 0.0
36.0 -12.0 4.0 20.0 0.0 0.0
38.0 -8.0 4.0 20.0 -2.0 2.0
40.0 -14.0 10.0 24.0 -4.0 -2.0
40.0 -12.0 8.0 24.0 -4.0 -8.0
42.0 -12.0 8.0 24.0 0.0 -8.0
42.0 -8.0 4.0 24.0 0.0 -4.0
42.0 -8.0 4.0 24.0 0.0 -4.0
42.0 -8.0 4.0 20.0 0.0 -4.0
42.0 -8.0 4.0 20.0 2.0 4.0
42.0 -8.0 4.0 20.0 2.0 4.0
42.0 -14.0 6.0 20.0 2.0 0.0
42.0 -14.0 4.0 20.0 -2.0 0.0
38.0 -10.0 2.0 20.0 2.0 0.0
38.0 -10.0 2.0 24.0 2.0 0.0
38.0 -12.0 -2.0 24.0 2.0 0.0
38.0 -16.0 6.0 20.0 -10.0 2.0
30.0 -12.0 6.0 20.0 -10.0 2.0
30.0 -8.0 6.0 20.0 -8.0 2.0
32.0 -4.0 8.0 20.0 0.0 2.0
32.0 -8.0 6.0 18.0 0.0 2.0
40.0 -4.0 2.0 18.0 -2.0 2.0
40.0 -14.0 2.0 20.0 -4.0 2.0
40.0 -12.0 2.0 24.0 -2.0 2.0
36.0 -14.0 8.0 26.0 -8.0 0.0
36.0 -12.0 8.0 24.0 0.0 0.0
38.0 -10.0 8.0 20.0 -4.0 0.0
48.0 -10.0 8.0 16.0 0.0 0.0
48.0 -18.0 2.0 16.0 -2.0 0.0
36.0 -18.0 4.0 14.0 0.0 4.0
32.0 -18.0 2.0 18.0 0.0 4.0
36.0 -14.0 4.0 18.0 0.0 4.0
36.0 -14.0 8.0 18.0 -6.0 2.0
36.0 -14.0 8.0 22.0 -6.0 2.0
32.0 -16.0 10.0 24.0 -6.0 6.0
32.0 -16.0 8.0 24.0 -4.0 6.0
34.0 -10.0 8.0 18.0 -2.0 0.0
36.0 -10.0 4.0 16.0 -2.0 0.0
38.0 -14.0 4.0 18.0 -2.0 0.0
38.0 -14.0 4.0 24.0 -2.0 -2.0
40.0 -16.0 6.0 24.0 0.0 -4.0
40.0 -14.0 8.0 20.0 2.0 -2.0
36.0 -10.0 6.0 18.0 2.0 -2.0
36.0 -10.0 0.0 18.0 -2.0 4.0
38.0 -16.0 0.0 18.0 -4.0 4.0
38.0 -16.0 0.0 20.0 -6.0 4.0
38.0 -16.0 6.0 18.0 -4.0 4.0
38.0 -8.0 6.0 28.0 0.0 4.0
40.0 -8.0 8.0 18.0 2.0 4.0
40.0 -8.0 8.0 24.0 0.0 4.0
40.0 -8.0 4.0 18.0 -4.0 4.0
36.0 -8.0 0.0 24.0 -4.0 4.0
36.0 -8.0 -4.0 16.0 -4.0 2.0
36.0 -10.0 0.0 18.0 0.0 0.0
34.0 -14.0 2.0 18.0 -2.0 0.0
36.0 -10.0 2.0 18.0 -2.0 0.0
36.0 -14.0 2.0 18.0 -4.0 2.0
36.0 -4.0 2.0 18.0 -4.0 2.0
40.0 -6.0 6.0 24.0 -8.0 0.0
40.0 -6.0 6.0 18.0 -2.0 0.0
34.0 -10.0 2.0 24.0 -6.0 0.0
34.0 -14.0 2.0 20.0 -2.0 0.0
38.0 -10.0 2.0 20.0 -4.0 2.0
38.0 -10.0 2.0 20.0 -4.0 2.0
40.0 -10.0 2.0 20.0 -4.0 0.0
38.0 -10.0 0.0 20.0 -4.0 0.0
38.0 -10.0 0.0 20.0 -4.0 0.0
38.0 -10.0 0.0 16.0 -4.0 2.0
40.0 -14.0 6.0 22.0 -4.0 0.0
40.0 -16.0 6.0 14.0 -4.0 2.0
36.0 -16.0 2.0 20.0 -4.0 4.0
36.0 -16.0 0.0 14.0 -8.0 4.0
38.0 -16.0 2.0 14.0 -4.0 4.0
40.0 -6.0 4.0 14.0 -6.0 0.0
38.0 -6.0 4.0 14.0 -4.0 0.0
34.0 -10.0 0.0 14.0 -6.0 6.0
34.0 -14.0 0.0 14.0 -4.0 6.0
38.0 -14.0 -2.0 14.0 -4.0 2.0
38.0 -14.0 2.0 14.0 -4.0 0.0
36.0 -14.0 6.0 8.0 -4.0 2.0
36.0 -12.0 6.0 18.0 -2.0 -4.0
36.0 -20.0 6.0 18.0 -4.0 2.0
40.0 -12.0 6.0 18.0 -6.0 4.0
42.0 -10.0 4.0 16.0 -8.0 4.0
42.0 -10.0 4.0 16.0 -8.0 4.0
42.0 -10.0 2.0 16.0 -8.0 -2.0
36.0 -12.0 8.0 18.0 0.0 -2.0
36.0 -10.0 2.0 18.0 0.0 -2.0
30.0 -12.0 8.0 18.0 -2.0 -2.0
30.0 -12.0 4.0 18.0 -4.0 2.0
30.0 -12.0 4.0 18.0 -4.0 -4.0
34.0 -10.0 4.0 18.0 0.0 4.0
40.0 -8.0 -2.0 18.0 0.0 4.0
40.0 -8.0 10.0 14.0 2.0 4.0
38.0 -8.0 6.0 14.0 -2.0 2.0
38.0 -8.0 6.0 14.0 0.0 -2.0
40.0 -8.0 6.0 10.0 -4.0 -2.0
40.0 -10.0 2.0 10.0 -4.0 -2.0
40.0 -12.0 0.0 14.0 -4.0 2.0
40.0 -12.0 0.0 14.0 0.0 -2.0
38.0 -12.0 0.0 18.0 0.0 2.0
30.0 -14.0 8.0 18.0 -2.0 0.0
30.0 -6.0 8.0 22.0 -2.0 0.0
32.0 -8.0 4.0 22.0 0.0 0.0
34.0 -8.0 2.0 18.0 0.0 2.0
38.0 -14.0 2.0 16.0 -4.0 2.0
38.0 -14.0 2.0 16.0 -4.0 0.0
38.0 -10.0 4.0 14.0 -2.0 0.0
30.0 -10.0 2.0 14.0 4.0 2.0
38.0 -10.0 6.0 16.0 -2.0 2.0
38.0 -10.0 2.0 18.0 0.0 4.0
38.0 -10.0 8.0 16.0 -4.0 2.0
34.0 -10.0 4.0 18.0 -4.0 2.0
32.0 -6.0 4.0 18.0 -4.0 -2.0
32.0 -6.0 4.0 22.0 -4.0 0.0
32.0 -10.0 2.0 18.0 -4.0 0.0
40.0 -14.0 2.0 18.0 -4.0 0.0
