# Target: open_hand
# Dominant_Vision: Open Hand
-2.0 4.0 8.0 14.0 0.0 0.0
-4.0 4.0 2.0 2.0 0.0 0.0
-4.0 4.0 12.0 6.0 -4.0 -4.0
-4.0 -2.0 2.0 6.0 -4.0 -4.0
-6.0 -2.0 4.0 6.0 -2.0 -4.0
-4.0 4.0 4.0 6.0 2.0 2.0
-6.0 4.0 6.0 6.0 2.0 0.0
-8.0 4.0 6.0 8.0 2.0 0.0
-8.0 -6.0 4.0 10.0 0.0 -4.0
-10.0 2.0 4.0 10.0 0.0 -12.0
-4.0 2.0 4.0 10.0 2.0 -8.0
-4.0 2.0 4.0 6.0 4.0 -8.0
-4.0 4.0 4.0 2.0 4.0 -8.0
-8.0 0.0 4.0 2.0 -4.0 -6.0
-8.0 0.0 2.0 4.0 -4.0 -8.0
-6.0 0.0 6.0 6.0 -4.0 -4.0
-4.0 2.0 10.0 6.0 -2.0 0.0
-4.0 2.0 10.0 6.0 4.0 2.0
-4.0 2.0 16.0 -2.0 -2.0 0.0
-10.0 2.0 16.0 -2.0 4.0 -10.0
-10.0 2.0 6.0 6.0 4.0 -10.0
-10.0 2.0 4.0 6.0 4.0 -4.0
-8.0 2.0 2.0 6.0 0.0 -4.0
-8.0 -4.0 4.0 6.0 0.0 -4.0
-4.0 -4.0 8.0 8.0 2.0 -8.0
-6.0 -4.0 8.0 14.0 2.0 -6.0
-4.0 8.0 6.0 14.0 2.0 -6.0
40.0 10.0 6.0 14.0 2.0 0.0
50.0 10.0 8.0 24.0 4.0 2.0
52.0 10.0 16.0 40.0 12.0 2.0
52.0 10.0 18.0 48.0 14.0 2.0
56.0 10.0 18.0 60.0 14.0 2.0
82.0 8.0 22.0 80.0 14.0 2.0
90.0 8.0 24.0 100.0 26.0 2.0
100.0 10.0 24.0 100.0 30.0 -2.0
100.0 10.0 28.0 100.0 30.0 -2.0
100.0 10.0 28.0 100.0 38.0 2.0
100.0 18.0 28.0 100.0 42.0 4.0
100.0 18.0 30.0 100.0 52.0 4.0
100.0 18.0 30.0 100.0 54.0 4.0
100.0 20.0 40.0 100.0 56.0 0.0
100.0 22.0 40.0 100.0 64.0 4.0
100.0 22.0 40.0 100.0 64.0 14.0
100.0 20.0 48.0 100.0 66.0 14.0
100.0 20.0 42.0 100.0 68.0 12.0
100.0 20.0 52.0 100.0 74.0 4.0
100.0 20.0 46.0 100.0 74.0 4.0
100.0 18.0 46.0 100.0 74.0 4.0
100.0 18.0 42.0 100.0 74.0 4.0
100.0 20.0 42.0 100.0 76.0 10.0
100.0 22.0 44.0 100.0 80.0 8.0
100.0 22.0 44.0 100.0 82.0 8.0
100.0 24.0 46.0 100.0 80.0 6.0
100.0 24.0 50.0 100.0 76.0 4.0
100.0 22.0 50.0 100.0 76.0 4.0
100.0 22.0 50.0 100.0 76.0 0.0
100.0 14.0 46.0 100.0 72.0 0.0
100.0 14.0 48.0 100.0 70.0 0.0
100.0 14.0 46.0 100.0 68.0 0.0
100.0 12.0 48.0 100.0 62.0 0.0
100.0 12.0 48.0 100.0 62.0 2.0
100.0 16.0 48.0 100.0 60.0 -2.0
100.0 16.0 40.0 100.0 46.0 -4.0
100.0 4.0 40.0 100.0 30.0 -4.0
100.0 4.0 36.0 100.0 28.0 -2.0
100.0 4.0 32.0 100.0 26.0 0.0
100.0 4.0 32.0 100.0 22.0 0.0
100.0 4.0 32.0 100.0 6.0 0.0
100.0 6.0 32.0 100.0 6.0 -6.0
100.0 10.0 30.0 100.0 6.0 -6.0
100.0 10.0 28.0 100.0 6.0 -6.0
100.0 10.0 28.0 98.0 6.0 -4.0
100.0 6.0 24.0 86.0 6.0 -4.0
100.0 -2.0 24.0 70.0 6.0 -2.0
100.0 -2.0 24.0 70.0 4.0 -2.0
100.0 8.0 34.0 66.0 4.0 -2.0
100.0 8.0 34.0 72.0 4.0 -4.0
100.0 6.0 26.0 66.0 4.0 2.0
100.0 0.0 26.0 72.0 6.0 -2.0
100.0 -2.0 30.0 70.0 8.0 0.0
100.0 -2.0 30.0 72.0 6.0 -2.0
100.0 -4.0 30.0 70.0 6.0 -8.0
100.0 2.0 28.0 66.0 6.0 -8.0
100.0 2.0 28.0 66.0 4.0 2.0
100.0 8.0 22.0 68.0 4.0 2.0
100.0 8.0 18.0 68.0 4.0 0.0
100.0 14.0 18.0 68.0 0.0 -6.0
100.0 4.0 20.0 68.0 0.0 -6.0
100.0 4.0 22.0 72.0 6.0 -6.0
100.0 4.0 22.0 68.0 6.0 -4.0
100.0 4.0 22.0 60.0 8.0 -4.0
100.0 4.0 22.0 60.0 6.0 -4.0
100.0 2.0 22.0 56.0 8.0 -10.0
100.0 2.0 26.0 52.0 8.0 -10.0
100.0 2.0 26.0 52.0 8.0 -8.0
100.0 6.0 26.0 60.0 8.0 -8.0
100.0 6.0 34.0 60.0 8.0 -8.0
100.0 6.0 34.0 62.0 8.0 -8.0
100.0 2.0 26.0 58.0 8.0 -8.0
100.0 0.0 24.0 58.0 6.0 0.0
100.0 0.0 24.0 58.0 6.0 0.0
100.0 0.0 24.0 58.0 6.0 6.0
100.0 12.0 22.0 58.0 2.0 0.0
100.0 12.0 28.0 58.0 2.0 -2.0
100.0 0.0 20.0 56.0 2.0 -2.0
100.0 0.0 20.0 56.0 4.0 -2.0
100.0 8.0 20.0 56.0 4.0 -2.0
100.0 8.0 26.0 52.0 4.0 -6.0
100.0 6.0 26.0 52.0 4.0 -12.0
100.0 6.0 20.0 52.0 4.0 -12.0
100.0 6.0 20.0 54.0 4.0 -10.0
100.0 6.0 20.0 56.0 -2.0 -4.0
100.0 2.0 28.0 56.0 -2.0 -2.0
100.0 0.0 24.0 48.0 4.0 -2.0
100.0 0.0 24.0 42.0 4.0 -4.0
100.0 0.0 18.0 42.0 -6.0 -4.0
100.0 -2.0 18.0 44.0 -6.0 -4.0
100.0 -2.0 18.0 48.0 -2.0 -4.0
100.0 -2.0 18.0 44.0 4.0 -8.0
100.0 8.0 26.0 46.0 4.0 -8.0
100.0 8.0 18.0 40.0 4.0 -8.0
100.0 2.0 24.0 46.0 4.0 -6.0
100.0 2.0 18.0 44.0 4.0 -6.0
100.0 2.0 22.0 46.0 2.0 -6.0
100.0 2.0 22.0 46.0 2.0 -6.0
100.0 4.0 22.0 48.0 -4.0 -10.0
100.0 2.0 30.0 48.0 -8.0 -2.0
100.0 6.0 30.0 50.0 -4.0 -2.0
100.0 8.0 28.0 50.0 2.0 -2.0
100.0 8.0 22.0 44.0 2.0 -4.0
100.0 0.0 22.0 42.0 8.0 -4.0
100.0 0.0 18.0 42.0 4.0 -10.0
100.0 0.0 20.0 46.0 4.0 -6.0
100.0 -6.0 20.0 46.0 -4.0 -6.0
100.0 -6.0 28.0 46.0 -6.0 -6.0
100.0 -2.0 30.0 46.0 -6.0 -6.0
100.0 0.0 28.0 46.0 -4.0 -8.0
100.0 -2.0 24.0 40.0 2.0 -8.0
100.0 0.0 24.0 40.0 -2.0 -2.0
100.0 -4.0 24.0 42.0 -2.0 -2.0
100.0 -2.0 24.0 44.0 -2.0 -4.0
100.0 -2.0 28.0 46.0 2.0 -4.0
100.0 -2.0 20.0 44.0 2.0 -12.0
100.0 -2.0 24.0 40.0 2.0 -6.0
100.0 -2.0 24.0 40.0 2.0 -6.0
100.0 -2.0 26.0 40.0 2.0 -6.0
100.0 6.0 26.0 40.0 2.0 -12.0
100.0 6.0 26.0 40.0 2.0 -12.0
100.0 0.0 30.0 36.0 0.0 -6.0
100.0 0.0 30.0 40.0 0.0 -6.0
100.0 0.0 26.0 38.0 0.0 -2.0
100.0 0.0 26.0 40.0 2.0 -8.0
100.0 -4.0 26.0 40.0 8.0 -2.0
100.0 -4.0 26.0 46.0 8.0 -8.0
100.0 4.0 20.0 44.0 4.0 -2.0
100.0 10.0 16.0 44.0 4.0 -6.0
100.0 4.0 16.0 44.0 4.0 -2.0
100.0 2.0 16.0 40.0 0.0 -2.0
100.0 0.0 20.0 42.0 0.0 -2.0
100.0 0.0 24.0 40.0 2.0 -2.0
100.0 0.0 28.0 42.0 6.0 -2.0
100.0 4.0 28.0 40.0 6.0 0.0
100.0 4.0 24.0 42.0 4.0 0.0
100.0 2.0 24.0 38.0 2.0 -8.0
100.0 -2.0 24.0 42.0 0.0 -8.0
100.0 -2.0 24.0 36.0 0.0 -2.0
100.0 -2.0 24.0 36.0 0.0 -2.0
100.0 -2.0 24.0 36.0 4.0 -4.0
100.0 -2.0 24.0 38.0 4.0 -4.0
100.0 -2.0 24.0 38.0 4.0 -4.0
100.0 0.0 24.0 36.0 12.0 -4.0
100.0 0.0 24.0 36.0 12.0 -2.0
100.0 8.0 24.0 36.0 0.0 -6.0
100.0 8.0 22.0 40.0 0.0 -6.0
100.0 0.0 20.0 36.0 6.0 -8.0
100.0 -4.0 20.0 40.0 6.0 -8.0
100.0 0.0 26.0 38.0 2.0 -2.0
100.0 4.0 26.0 38.0 2.0 -2.0
100.0 8.0 20.0 34.0 2.0 -2.0
100.0 4.0 20.0 34.0 6.0 -2.0
100.0 -8.0 22.0 34.0 -2.0 -2.0
100.0 -8.0 22.0 38.0 -2.0 -2.0
100.0 6.0 22.0 38.0 -2.0 -4.0
100.0 6.0 22.0 36.0 -4.0 -10.0
100.0 0.0 26.0 22.0 2.0 -8.0
100.0 0.0 26.0 22.0 6.0 -8.0
100.0 -2.0 26.0 18.0 6.0 -4.0
100.0 -2.0 26.0 26.0 4.0 -4.0
100.0 -2.0 20.0 30.0 -2.0 -4.0
100.0 0.0 20.0 30.0 -2.0 -4.0
100.0 0.0 20.0 28.0 -4.0 -4.0
100.0 0.0 20.0 28.0 -4.0 2.0
100.0 -2.0 24.0 24.0 4.0 -4.0
100.0 -2.0 22.0 30.0 4.0 -4.0
100.0 -2.0 22.0 20.0 -6.0 -4.0
100.0 -4.0 22.0 22.0 -6.0 -12.0
100.0 -6.0 20.0 20.0 -4.0 -6.0
100.0 -6.0 20.0 22.0 -2.0 -8.0
100.0 -6.0 20.0 22.0 -4.0 -6.0
100.0 4.0 28.0 22.0 -2.0 -2.0
100.0 4.0 28.0 20.0 0.0 -2.0
100.0 -4.0 22.0 20.0 2.0 0.0
100.0 -4.0 18.0 20.0 0.0 0.0
100.0 -4.0 18.0 20.0 0.0 0.0
100.0 8.0 18.0 20.0 0.0 -2.0
100.0 8.0 18.0 20.0 0.0 -6.0
100.0 8.0 24.0 20.0 0.0 -2.0
80.0 0.0 24.0 24.0 0.0 0.0
70.0 -2.0 28.0 20.0 -4.0 0.0
70.0 -2.0 28.0 28.0 2.0 -2.0
70.0 -6.0 20.0 14.0 2.0 -4.0
76.0 -2.0 20.0 28.0 2.0 -4.0
76.0 -2.0 22.0 26.0 0.0 -4.0
76.0 6.0 26.0 26.0 0.0 -4.0
68.0 6.0 26.0 22.0 0.0 -6.0
68.0 2.0 26.0 22.0 -2.0 -2.0
76.0 2.0 26.0 26.0 -2.0 -2.0
76.0 2.0 24.0 26.0 0.0 -2.0
74.0 6.0 16.0 26.0 2.0 -6.0
74.0 6.0 24.0 22.0 2.0 -6.0
74.0 6.0 20.0 26.0 2.0 -6.0
74.0 4.0 26.0 22.0 0.0 -2.0
74.0 4.0 26.0 28.0 0.0 -6.0
74.0 2.0 26.0 14.0 0.0 -2.0
74.0 10.0 22.0 18.0 0.0 -2.0
78.0 4.0 22.0 18.0 0.0 -2.0
