# Target: open_hand
# Dominant_Vision: Open Hand
-2.0 10.0 0.0 -2.0 6.0 0.0
0.0 10.0 2.0 0.0 6.0 6.0
-8.0 22.0 2.0 0.0 6.0 6.0
-6.0 22.0 -6.0 6.0 6.0 8.0
-6.0 22.0 -6.0 4.0 4.0 6.0
-4.0 12.0 -6.0 4.0 2.0 8.0
-4.0 8.0 -2.0 4.0 2.0 2.0
-4.0 8.0 -2.0 -6.0 2.0 8.0
-4.0 14.0 0.0 8.0 2.0 6.0
-4.0 14.0 -2.0 2.0 2.0 12.0
-4.0 20.0 0.0 4.0 2.0 6.0
0.0 18.0 10.0 4.0 2.0 2.0
0.0 18.0 10.0 4.0 2.0 2.0
0.0 14.0 10.0 4.0 0.0 0.0
-2.0 8.0 2.0 2.0 0.0 0.0
-4.0 14.0 2.0 0.0 4.0 0.0
-6.0 20.0 -6.0 2.0 6.0 6.0
-6.0 20.0 -6.0 0.0 4.0 6.0
-6.0 28.0 0.0 8.0 2.0 4.0
-4.0 18.0 4.0 6.0 -4.0 -4.0
-2.0 10.0 4.0 6.0 2.0 4.0
-2.0 10.0 4.0 4.0 -2.0 4.0
-2.0 10.0 -2.0 0.0 4.0 6.0
-4.0 14.0 -4.0 -2.0 4.0 4.0
-2.0 14.0 -4.0 -2.0 6.0 6.0
2.0 14.0 -4.0 14.0 6.0 -2.0
6.0 18.0 -4.0 20.0 6.0 -2.0
12.0 18.0 4.0 32.0 10.0 -2.0
12.0 18.0 4.0 38.0 10.0 2.0
14.0 24.0 4.0 34.0 8.0 2.0
14.0 24.0 4.0 42.0 2.0 0.0
14.0 26.0 4.0 44.0 8.0 0.0
-10.0 30.0 0.0 44.0 8.0 6.0
-18.0 30.0 0.0 48.0 8.0 6.0
-32.0 30.0 -4.0 56.0 4.0 6.0
-32.0 24.0 -2.0 74.0 -2.0 8.0
-28.0 24.0 -2.0 78.0 -2.0 2.0
-16.0 24.0 2.0 92.0 6.0 4.0
2.0 26.0 2.0 94.0 6.0 4.0
2.0 32.0 0.0 100.0 10.0 8.0
6.0 32.0 0.0 100.0 8.0 8.0
4.0 32.0 4.0 100.0 8.0 8.0
4.0 36.0 4.0 100.0 8.0 8.0
-2.0 36.0 2.0 100.0 8.0 12.0
-2.0 36.0 2.0 100.0 14.0 14.0
0.0 40.0 2.0 100.0 14.0 14.0
2.0 40.0 4.0 100.0 12.0 14.0
2.0 36.0 8.0 100.0 12.0 14.0
2.0 34.0 8.0 100.0 12.0 14.0
-4.0 34.0 2.0 100.0 8.0 14.0
0.0 34.0 -2.0 100.0 2.0 12.0
0.0 30.0 -2.0 100.0 2.0 12.0
24.0 30.0 -2.0 100.0 6.0 8.0
26.0 30.0 0.0 100.0 6.0 8.0
28.0 28.0 8.0 100.0 6.0 8.0
28.0 28.0 8.0 100.0 2.0 10.0
28.0 28.0 4.0 100.0 2.0 14.0
22.0 26.0 0.0 100.0 2.0 14.0
22.0 26.0 0.0 94.0 2.0 14.0
22.0 30.0 0.0 80.0 2.0 14.0
20.0 30.0 4.0 76.0 4.0 12.0
16.0 30.0 4.0 70.0 8.0 12.0
16.0 30.0 4.0 60.0 8.0 4.0
18.0 28.0 10.0 56.0 8.0 4.0
18.0 24.0 10.0 44.0 6.0 6.0
16.0 24.0 12.0 30.0 6.0 6.0
14.0 24.0 8.0 30.0 -4.0 6.0
10.0 26.0 2.0 36.0 8.0 8.0
10.0 26.0 2.0 36.0 8.0 8.0
8.0 16.0 -2.0 36.0 10.0 2.0
8.0 16.0 -2.0 30.0 10.0 2.0
8.0 20.0 -2.0 26.0 8.0 8.0
8.0 22.0 -2.0 30.0 8.0 8.0
2.0 22.0 -2.0 24.0 8.0 6.0
2.0 22.0 2.0 24.0 6.0 6.0
4.0 20.0 2.0 18.0 6.0 6.0
6.0 16.0 6.0 16.0 6.0 2.0
6.0 16.0 6.0 16.0 8.0 2.0
6.0 20.0 0.0 22.0 8.0 0.0
2.0 20.0 0.0 28.0 8.0 4.0
2.0 20.0 2.0 28.0 6.0 6.0
2.0 22.0 4.0 28.0 6.0 8.0
4.0 24.0 4.0 28.0 6.0 6.0
2.0 22.0 6.0 22.0 6.0 -2.0
4.0 24.0 6.0 22.0 6.0 -2.0
8.0 16.0 0.0 18.0 6.0 -2.0
8.0 22.0 0.0 4.0 6.0 4.0
4.0 22.0 2.0 2.0 -2.0 6.0
0.0 22.0 2.0 2.0 -2.0 4.0
0.0 16.0 2.0 8.0 -2.0 6.0
0.0 16.0 6.0 8.0 4.0 6.0
0.0 12.0 6.0 2.0 4.0 6.0
0.0 20.0 -4.0 2.0 4.0 4.0
0.0 20.0 -4.0 2.0 4.0 0.0
0.0 24.0 4.0 6.0 4.0 0.0
0.0 24.0 4.0 10.0 4.0 2.0
0.0 18.0 4.0 10.0 6.0 4.0
0.0 18.0 0.0 4.0 6.0 4.0
0.0 20.0 -2.0 4.0 4.0 4.0
0.0 20.0 -2.0 8.0 4.0 6.0
0.0 18.0 -2.0 10.0 10.0 6.0
0.0 18.0 -2.0 12.0 10.0 6.0
0.0 16.0 -2.0 10.0 4.0 6.0
0.0 16.0 4.0 10.0 4.0 6.0
0.0 20.0 4.0 10.0 4.0 6.0
6.0 20.0 0.0 6.0 0.0 4.0
2.0 20.0 0.0 6.0 0.0 4.0
2.0 16.0 4.0 6.0 0.0 4.0
2.0 20.0 4.0 6.0 6.0 8.0
-2.0 16.0 -2.0 4.0 6.0 8.0
-2.0 14.0 -2.0 2.0 6.0 8.0
-2.0 14.0 4.0 -2.0 6.0 4.0
0.0 16.0 4.0 2.0 0.0 4.0
0.0 16.0 -2.0 8.0 0.0 6.0
0.0 18.0 -2.0 8.0 6.0 6.0
0.0 18.0 -2.0 6.0 6.0 2.0
-4.0 18.0 -2.0 6.0 6.0 0.0
-8.0 16.0 -2.0 4.0 8.0 2.0
-4.0 16.0 -4.0 4.0 8.0 4.0
0.0 16.0 4.0 4.0 8.0 4.0
0.0 24.0 4.0 0.0 4.0 8.0
-2.0 24.0 6.0 4.0 4.0 8.0
-2.0 18.0 6.0 6.0 4.0 8.0
0.0 18.0 2.0 6.0 6.0 4.0
0.0 18.0 0.0 4.0 6.0 4.0
2.0 18.0 2.0 4.0 6.0 4.0
2.0 24.0 6.0 6.0 0.0 0.0
2.0 24.0 6.0 6.0 0.0 0.0
-2.0 24.0 6.0 6.0 12.0 0.0
-2.0 20.0 10.0 4.0 12.0 2.0
-2.0 20.0 10.0 -2.0 6.0 4.0
-2.0 22.0 10.0 4.0 6.0 6.0
-2.0 22.0 0.0 6.0 6.0 6.0
-2.0 22.0 0.0 6.0 4.0 6.0
-2.0 22.0 0.0 6.0 4.0 0.0
0.0 24.0 4.0 6.0 6.0 6.0
2.0 24.0 4.0 8.0 6.0 4.0
2.0 24.0 2.0 4.0 10.0 6.0
2.0 16.0 2.0 8.0 6.0 4.0
6.0 16.0 2.0 6.0 10.0 -2.0
8.0 16.0 2.0 8.0 8.0 -6.0
8.0 20.0 -8.0 8.0 8.0 -2.0
8.0 20.0 -8.0 8.0 8.0 4.0
2.0 16.0 -2.0 8.0 4.0 4.0
2.0 14.0 0.0 2.0 6.0 4.0
2.0 16.0 4.0 2.0 6.0 6.0
4.0 20.0 4.0 2.0 10.0 4.0
6.0 20.0 4.0 10.0 10.0 4.0
6.0 20.0 4.0 2.0 6.0 0.0
6.0 20.0 2.0 8.0 4.0 0.0
6.0 20.0 6.0 4.0 2.0 -2.0
6.0 18.0 0.0 4.0 2.0 0.0
6.0 18.0 0.0 4.0 6.0 4.0
6.0 22.0 0.0 4.0 6.0 10.0
6.0 22.0 0.0 4.0 4.0 10.0
2.0 20.0 0.0 2.0 0.0 6.0
2.0 20.0 6.0 2.0 0.0 6.0
6.0 20.0 6.0 4.0 2.0 6.0
6.0 22.0 6.0 4.0 4.0 6.0
-4.0 16.0 8.0 2.0 4.0 -2.0
-4.0 22.0 2.0 2.0 6.0 -2.0
-2.0 18.0 8.0 4.0 6.0 2.0
0.0 18.0 8.0 10.0 6.0 4.0
0.0 14.0 8.0 4.0 8.0 6.0
0.0 14.0 2.0 10.0 10.0 6.0
2.0 16.0 2.0 12.0 10.0 8.0
0.0 16.0 6.0 12.0 8.0 4.0
-4.0 16.0 6.0 12.0 8.0 2.0
-8.0 16.0 6.0 12.0 8.0 2.0
-4.0 20.0 0.0 6.0 12.0 6.0
-10.0 20.0 6.0 0.0 2.0 6.0
-8.0 20.0 -2.0 0.0 2.0 2.0
-8.0 18.0 8.0 0.0 0.0 2.0
0.0 18.0 8.0 4.0 -4.0 -2.0
4.0 18.0 8.0 4.0 0.0 4.0
4.0 18.0 2.0 0.0 4.0 4.0
4.0 20.0 2.0 0.0 10.0 4.0
-4.0 20.0 4.0 4.0 10.0 6.0
6.0 20.0 4.0 4.0 10.0 -2.0
2.0 20.0 4.0 6.0 10.0 6.0
4.0 20.0 -2.0 0.0 4.0 10.0
2.0 18.0 2.0 2.0 0.0 10.0
-2.0 20.0 -2.0 0.0 -2.0 2.0
-4.0 18.0 0.0 2.0 -2.0 2.0
-2.0 20.0 0.0 -2.0 2.0 2.0
0.0 20.0 2.0 4.0 2.0 2.0
0.0 20.0 6.0 2.0 2.0 4.0
-6.0 20.0 6.0 2.0 2.0 6.0
-6.0 10.0 2.0 2.0 -2.0 6.0
2.0 10.0 2.0 2.0 2.0 8.0
2.0 16.0 2.0 2.0 4.0 4.0
-4.0 16.0 0.0 -2.0 8.0 4.0
-4.0 16.0 0.0 -2.0 8.0 0.0
-8.0 16.0 0.0 4.0 8.0 0.0
-8.0 18.0 0.0 4.0 2.0 2.0
0.0 16.0 0.0 4.0 4.0 2.0
0.0 16.0 0.0 0.0 2.0 -2.0
4.0 12.0 6.0 0.0 4.0 -2.0
0.0 16.0 6.0 2.0 2.0 4.0
6.0 14.0 6.0 2.0 6.0 10.0
2.0 16.0 -4.0 2.0 0.0 10.0
4.0 16.0 4.0 2.0 0.0 10.0
4.0 20.0 -4.0 2.0 0.0 10.0
4.0 20.0 2.0 6.0 2.0 10.0
2.0 20.0 2.0 6.0 10.0 4.0
-2.0 20.0 4.0 8.0 2.0 10.0
-2.0 22.0 4.0 8.0 8.0 10.0
0.0 18.0 4.0 10.0 4.0 10.0
4.0 22.0 4.0 8.0 4.0 2.0
0.0 20.0 6.0 6.0 4.0 2.0
-4.0 20.0 6.0 6.0 4.0 2.0
-4.0 20.0 -4.0 6.0 10.0 8.0
0.0 16.0 -4.0 2.0 10.0 6.0
0.0 16.0 0.0 0.0 10.0 6.0
-10.0 14.0 2.0 -2.0 10.0 0.0
-10.0 14.0 2.0 -2.0 8.0 -2.0
-4.0 14.0 2.0 0.0 -2.0 -2.0
-2.0 14.0 -4.0 2.0 2.0 0.0
-2.0 16.0 -6.0 2.0 2.0 0.0
-2.0 18.0 -4.0 2.0 2.0 0.0
-2.0 18.0 0.0 0.0 2.0 4.0
-2.0 18.0 2.0 0.0 2.0 4.0
-2.0 12.0 2.0 0.0 2.0 4.0
-2.0 26.0 4.0 -6.0 6.0 -2.0
-4.0 24.0 4.0 -6.0 6.0 4.0
2.0 26.0 6.0 0.0 6.0 -2.0
