# Target: open_hand
# Dominant_Vision: Open Hand
-4.0 6.0 6.0 6.0 4.0 0.0
-4.0 12.0 2.0 4.0 2.0 0.0
-6.0 12.0 4.0 4.0 4.0 -2.0
-6.0 6.0 2.0 4.0 2.0 0.0
-6.0 6.0 4.0 2.0 0.0 -6.0
-6.0 6.0 0.0 4.0 0.0 -4.0
-6.0 2.0 2.0 4.0 8.0 -4.0
-4.0 2.0 2.0 6.0 10.0 -2.0
-4.0 8.0 10.0 6.0 8.0 2.0
-4.0 10.0 10.0 4.0 8.0 4.0
-8.0 10.0 12.0 2.0 8.0 2.0
-8.0 4.0 6.0 4.0 8.0 0.0
-6.0 2.0 6.0 2.0 6.0 -2.0
-6.0 2.0 6.0 2.0 4.0 0.0
-6.0 6.0 4.0 2.0 2.0 -2.0
-6.0 6.0 4.0 6.0 4.0 0.0
-2.0 6.0 2.0 6.0 8.0 0.0
-2.0 6.0 0.0 6.0 8.0 0.0
-2.0 4.0 -2.0 0.0 0.0 -6.0
-2.0 8.0 0.0 6.0 0.0 -6.0
0.0 -2.0 8.0 6.0 -2.0 -4.0
-6.0 6.0 8.0 6.0 4.0 -2.0
0.0 -2.0 8.0 0.0 0.0 2.0
-2.0 6.0 2.0 0.0 4.0 2.0
-2.0 4.0 2.0 0.0 4.0 4.0
-4.0 4.0 -2.0 4.0 4.0 8.0
-8.0 2.0 6.0 -4.0 8.0 4.0
-4.0 2.0 4.0 6.0 4.0 4.0
-6.0 4.0 6.0 4.0 8.0 -4.0
-4.0 6.0 6.0 4.0 8.0 -4.0
-6.0 6.0 6.0 4.0 8.0 4.0
-10.0 14.0 4.0 6.0 6.0 4.0
-10.0 14.0 4.0 6.0 6.0 0.0
0.0 12.0 8.0 6.0 8.0 0.0
2.0 12.0 8.0 10.0 8.0 0.0
2.0 12.0 10.0 12.0 8.0 6.0
14.0 12.0 10.0 28.0 8.0 6.0
26.0 12.0 10.0 42.0 12.0 6.0
32.0 12.0 16.0 44.0 12.0 -2.0
36.0 16.0 16.0 52.0 14.0 -4.0
40.0 16.0 6.0 54.0 10.0 -4.0
36.0 16.0 6.0 58.0 12.0 -4.0
36.0 22.0 6.0 76.0 4.0 0.0
36.0 18.0 8.0 76.0 8.0 0.0
38.0 18.0 10.0 76.0 8.0 -2.0
62.0 10.0 10.0 100.0 8.0 -2.0
100.0 10.0 4.0 100.0 26.0 2.0
100.0 14.0 4.0 100.0 26.0 6.0
100.0 14.0 6.0 100.0 40.0 8.0
100.0 16.0 14.0 100.0 42.0 8.0
100.0 28.0 18.0 100.0 44.0 8.0
100.0 30.0 20.0 100.0 46.0 14.0
100.0 32.0 18.0 100.0 52.0 14.0
100.0 32.0 24.0 100.0 56.0 2.0
100.0 34.0 24.0 100.0 54.0 2.0
100.0 26.0 28.0 100.0 54.0 0.0
100.0 26.0 28.0 100.0 48.0 6.0
100.0 26.0 28.0 100.0 42.0 6.0
100.0 22.0 22.0 100.0 36.0 6.0
100.0 22.0 22.0 100.0 32.0 6.0
100.0 20.0 18.0 100.0 32.0 6.0
100.0 20.0 18.0 100.0 18.0 6.0
100.0 18.0 18.0 100.0 16.0 4.0
100.0 14.0 14.0 100.0 16.0 4.0
100.0 8.0 14.0 100.0 8.0 4.0
78.0 4.0 12.0 100.0 8.0 2.0
76.0 8.0 12.0 100.0 4.0 0.0
62.0 10.0 6.0 94.0 4.0 -8.0
62.0 14.0 0.0 84.0 6.0 -8.0
54.0 14.0 -2.0 84.0 6.0 -4.0
54.0 10.0 -2.0 62.0 6.0 -4.0
50.0 2.0 -4.0 56.0 6.0 -4.0
50.0 10.0 -2.0 46.0 6.0 -2.0
50.0 8.0 4.0 46.0 8.0 -2.0
50.0 8.0 8.0 40.0 8.0 -2.0
54.0 8.0 8.0 42.0 10.0 -4.0
54.0 10.0 6.0 42.0 10.0 -4.0
46.0 10.0 6.0 42.0 8.0 -6.0
46.0 10.0 8.0 42.0 8.0 0.0
50.0 4.0 8.0 36.0 6.0 -4.0
50.0 6.0 2.0 36.0 6.0 -4.0
44.0 6.0 2.0 24.0 6.0 -4.0
32.0 6.0 6.0 20.0 6.0 -2.0
32.0 6.0 8.0 12.0 8.0 -2.0
30.0 6.0 8.0 12.0 6.0 -4.0
30.0 4.0 8.0 12.0 8.0 -6.0
30.0 4.0 8.0 16.0 8.0 -6.0
24.0 4.0 8.0 16.0 8.0 0.0
24.0 6.0 4.0 16.0 4.0 0.0
20.0 4.0 6.0 16.0 2.0 2.0
20.0 4.0 6.0 12.0 0.0 -2.0
20.0 4.0 6.0 10.0 0.0 2.0
20.0 2.0 0.0 10.0 -4.0 -2.0
18.0 2.0 0.0 8.0 -2.0 2.0
18.0 8.0 6.0 8.0 -2.0 -4.0
22.0 10.0 6.0 6.0 -2.0 0.0
22.0 10.0 6.0 0.0 -4.0 0.0
16.0 8.0 2.0 0.0 -4.0 2.0
16.0 8.0 -2.0 0.0 4.0 2.0
18.0 10.0 -4.0 2.0 8.0 -2.0
20.0 10.0 -2.0 0.0 8.0 -4.0
18.0 12.0 2.0 0.0 8.0 -4.0
20.0 8.0 2.0 0.0 -2.0 -6.0
16.0 12.0 -4.0 0.0 6.0 -4.0
16.0 12.0 -4.0 4.0 6.0 -4.0
14.0 12.0 6.0 6.0 6.0 0.0
14.0 6.0 6.0 6.0 10.0 0.0
16.0 6.0 4.0 6.0 10.0 -4.0
16.0 6.0 2.0 8.0 2.0 -4.0
16.0 6.0 -6.0 2.0 2.0 -6.0
16.0 8.0 -6.0 4.0 2.0 -6.0
16.0 8.0 0.0 2.0 2.0 -6.0
16.0 8.0 0.0 4.0 -2.0 -2.0
18.0 -2.0 0.0 8.0 2.0 -2.0
18.0 -2.0 -2.0 14.0 -2.0 -2.0
18.0 2.0 2.0 8.0 -2.0 -4.0
12.0 8.0 4.0 6.0 -2.0 -8.0
10.0 8.0 6.0 4.0 2.0 -6.0
12.0 8.0 10.0 6.0 4.0 -6.0
16.0 8.0 10.0 2.0 4.0 -2.0
16.0 6.0 6.0 8.0 6.0 2.0
16.0 6.0 6.0 8.0 6.0 -2.0
16.0 6.0 -2.0 8.0 0.0 -2.0
18.0 2.0 6.0 0.0 -2.0 -4.0
18.0 6.0 -2.0 0.0 -2.0 -2.0
18.0 8.0 -2.0 8.0 2.0 -2.0
18.0 10.0 -2.0 8.0 2.0 -2.0
18.0 10.0 4.0 4.0 2.0 0.0
18.0 10.0 4.0 4.0 2.0 -4.0
14.0 4.0 0.0 8.0 2.0 0.0
14.0 4.0 0.0 8.0 0.0 -4.0
20.0 4.0 2.0 8.0 0.0 0.0
20.0 6.0 2.0 2.0 0.0 -2.0
16.0 8.0 2.0 2.0 0.0 -2.0
12.0 8.0 0.0 2.0 0.0 -2.0
10.0 8.0 0.0 2.0 4.0 -6.0
10.0 4.0 2.0 4.0 4.0 -6.0
18.0 4.0 2.0 8.0 0.0 -12.0
22.0 4.0 2.0 8.0 0.0 -12.0
22.0 6.0 0.0 0.0 4.0 -2.0
22.0 12.0 -2.0 -2.0 4.0 4.0
18.0 6.0 -2.0 0.0 4.0 6.0
16.0 4.0 -2.0 0.0 2.0 4.0
16.0 4.0 0.0 6.0 4.0 0.0
14.0 6.0 0.0 6.0 2.0 0.0
18.0 8.0 2.0 6.0 4.0 6.0
14.0 8.0 -2.0 6.0 6.0 6.0
16.0 4.0 0.0 4.0 6.0 -4.0
12.0 4.0 0.0 4.0 4.0 -4.0
14.0 4.0 2.0 8.0 4.0 0.0
14.0 10.0 2.0 10.0 6.0 0.0
16.0 10.0 -2.0 12.0 6.0 0.0
18.0 2.0 -2.0 12.0 4.0 0.0
18.0 2.0 -10.0 6.0 4.0 2.0
12.0 8.0 -2.0 4.0 4.0 2.0
12.0 8.0 -2.0 6.0 -2.0 -2.0
6.0 0.0 4.0 4.0 -2.0 -4.0
10.0 0.0 4.0 10.0 -4.0 -12.0
10.0 2.0 -4.0 12.0 0.0 -4.0
10.0 2.0 -4.0 12.0 -2.0 0.0
12.0 2.0 -6.0 0.0 -2.0 0.0
12.0 2.0 0.0 0.0 -2.0 0.0
16.0 2.0 -2.0 2.0 -4.0 0.0
18.0 4.0 -2.0 2.0 -2.0 0.0
16.0 4.0 -4.0 2.0 -4.0 -6.0
12.0 4.0 -4.0 -6.0 0.0 -6.0
12.0 4.0 -2.0 -6.0 2.0 -4.0
16.0 4.0 -2.0 2.0 6.0 -2.0
16.0 4.0 0.0 4.0 6.0 -2.0
12.0 6.0 6.0 2.0 6.0 -6.0
12.0 8.0 6.0 4.0 2.0 -6.0
18.0 6.0 6.0 4.0 0.0 -4.0
18.0 4.0 2.0 8.0 0.0 6.0
18.0 4.0 -6.0 4.0 0.0 6.0
14.0 4.0 -8.0 -2.0 0.0 0.0
22.0 4.0 -8.0 -2.0 -8.0 -2.0
18.0 2.0 -4.0 2.0 -8.0 -4.0
18.0 2.0 2.0 2.0 -4.0 -2.0
12.0 2.0 6.0 2.0 4.0 -6.0
12.0 2.0 6.0 4.0 2.0 2.0
12.0 2.0 6.0 4.0 2.0 0.0
14.0 2.0 4.0 6.0 2.0 2.0
14.0 2.0 4.0 6.0 4.0 0.0
14.0 -2.0 2.0 6.0 4.0 -2.0
16.0 -2.0 0.0 10.0 4.0 -2.0
20.0 -2.0 -2.0 12.0 4.0 -2.0
16.0 0.0 -8.0 12.0 2.0 -2.0
20.0 4.0 -8.0 12.0 2.0 0.0
12.0 0.0 2.0 2.0 0.0 4.0
12.0 4.0 4.0 2.0 0.0 4.0
12.0 4.0 6.0 10.0 2.0 4.0
10.0 4.0 8.0 10.0 2.0 0.0
12.0 4.0 8.0 2.0 2.0 0.0
10.0 4.0 0.0 0.0 2.0 -2.0
12.0 6.0 0.0 0.0 4.0 -2.0
18.0 4.0 0.0 0.0 4.0 -4.0
18.0 -2.0 0.0 2.0 8.0 -2.0
18.0 -2.0 2.0 2.0 0.0 -4.0
16.0 0.0 0.0 2.0 0.0 -4.0
16.0 0.0 0.0 6.0 0.0 -4.0
20.0 2.0 0.0 6.0 0.0 -4.0
20.0 4.0 2.0 4.0 6.0 -8.0
18.0 4.0 2.0 4.0 6.0 -8.0
18.0 4.0 2.0 8.0 6.0 -2.0
14.0 4.0 2.0 10.0 6.0 -2.0
18.0 4.0 2.0 10.0 0.0 0.0
14.0 4.0 6.0 4.0 -2.0 0.0
16.0 4.0 0.0 4.0 -2.0 -4.0
16.0 6.0 0.0 0.0 2.0 -6.0
18.0 4.0 -2.0 0.0 2.0 -4.0
18.0 4.0 -2.0 0.0 -4.0 -4.0
18.0 4.0 -2.0 2.0 -6.0 4.0
12.0 4.0 0.0 2.0 -6.0 4.0
12.0 4.0 2.0 10.0 -6.0 4.0
12.0 4.0 0.0 10.0 -8.0 -4.0
14.0 4.0 2.0 6.0 -8.0 -4.0
16.0 0.0 6.0 6.0 4.0 2.0
16.0 -2.0 6.0 6.0 4.0 2.0
18.0 -2.0 0.0 8.0 4.0 0.0
16.0 6.0 0.0 6.0 0.0 -6.0
14.0 6.0 -2.0 6.0 0.0 0.0
14.0 0.0 6.0 6.0 0.0 -8.0
8.0 0.0 -4.0 6.0 4.0 0.0
16.0 8.0 4.0 6.0 0.0 0.0
20.0 8.0 4.0 6.0 -2.0 2.0
20.0 6.0 4.0 6.0 -2.0 2.0
20.0 6.0 6.0 6.0 0.0 6.0
14.0 8.0 0.0 6.0 0.0 2.0
12.0 8.0 0.0 8.0 8.0 2.0
