# Target: wrist_down
# Dominant_Vision: Open Hand
0.0 -2.0 0.0 0.0 0.0 0.0
0.0 -4.0 0.0 0.0 8.0 4.0
4.0 -4.0 0.0 -2.0 8.0 4.0
12.0 -2.0 4.0 -2.0 4.0 4.0
12.0 -2.0 4.0 -2.0 2.0 4.0
12.0 -2.0 4.0 -2.0 0.0 4.0
8.0 -2.0 6.0 4.0 2.0 2.0
6.0 -6.0 6.0 -2.0 10.0 2.0
6.0 -6.0 6.0 -2.0 12.0 2.0
8.0 -6.0 -6.0 -2.0 10.0 2.0
8.0 -4.0 -6.0 2.0 4.0 6.0
8.0 -8.0 -6.0 2.0 4.0 6.0
8.0 -4.0 -4.0 2.0 4.0 4.0
8.0 -4.0 2.0 -4.0 4.0 2.0
8.0 0.0 4.0 2.0 6.0 2.0
14.0 0.0 2.0 2.0 4.0 2.0
14.0 -8.0 2.0 2.0 4.0 -4.0
2.0 -8.0 2.0 0.0 4.0 8.0
2.0 -8.0 2.0 0.0 4.0 -2.0
8.0 -6.0 2.0 0.0 4.0 6.0
8.0 -6.0 4.0 2.0 4.0 4.0
8.0 -6.0 4.0 -2.0 6.0 4.0
12.0 -4.0 4.0 2.0 12.0 4.0
14.0 -4.0 -4.0 2.0 6.0 4.0
14.0 -4.0 2.0 2.0 4.0 6.0
40.0 0.0 2.0 2.0 4.0 8.0
60.0 0.0 2.0 8.0 0.0 8.0
72.0 0.0 0.0 18.0 0.0 6.0
90.0 0.0 -10.0 20.0 0.0 6.0
100.0 0.0 -2.0 56.0 4.0 12.0
100.0 2.0 -2.0 84.0 6.0 16.0
100.0 10.0 14.0 100.0 24.0 12.0
100.0 12.0 16.0 100.0 32.0 16.0
100.0 12.0 34.0 100.0 52.0 22.0
100.0 24.0 42.0 100.0 54.0 22.0
100.0 24.0 48.0 100.0 90.0 22.0
100.0 24.0 50.0 100.0 100.0 26.0
100.0 30.0 60.0 100.0 100.0 26.0
100.0 44.0 68.0 100.0 100.0 30.0
100.0 44.0 68.0 100.0 100.0 26.0
100.0 50.0 70.0 100.0 100.0 28.0
100.0 50.0 68.0 100.0 100.0 28.0
100.0 60.0 82.0 100.0 100.0 28.0
100.0 70.0 100.0 100.0 100.0 28.0
100.0 74.0 100.0 100.0 100.0 22.0
100.0 82.0 100.0 100.0 100.0 26.0
100.0 82.0 100.0 100.0 100.0 26.0
100.0 82.0 100.0 100.0 100.0 26.0
100.0 84.0 100.0 100.0 100.0 30.0
100.0 84.0 100.0 100.0 100.0 32.0
100.0 84.0 100.0 100.0 100.0 32.0
100.0 84.0 100.0 100.0 100.0 28.0
100.0 78.0 100.0 100.0 100.0 22.0
100.0 84.0 100.0 100.0 100.0 22.0
100.0 80.0 100.0 100.0 100.0 26.0
100.0 84.0 100.0 100.0 100.0 34.0
100.0 82.0 100.0 100.0 100.0 34.0
100.0 82.0 100.0 100.0 100.0 34.0
100.0 82.0 100.0 100.0 100.0 28.0
100.0 82.0 100.0 100.0 100.0 28.0
100.0 80.0 100.0 100.0 100.0 32.0
100.0 86.0 100.0 100.0 100.0 32.0
100.0 92.0 100.0 100.0 100.0 28.0
100.0 92.0 100.0 100.0 100.0 28.0
100.0 92.0 100.0 100.0 100.0 28.0
100.0 90.0 100.0 100.0 100.0 26.0
100.0 90.0 100.0 100.0 100.0 28.0
100.0 84.0 100.0 100.0 100.0 24.0
100.0 84.0 100.0 100.0 100.0 28.0
100.0 86.0 100.0 100.0 100.0 28.0
100.0 86.0 100.0 100.0 100.0 28.0
100.0 86.0 100.0 100.0 100.0 26.0
100.0 86.0 100.0 100.0 100.0 22.0
100.0 88.0 100.0 100.0 100.0 26.0
100.0 88.0 100.0 100.0 100.0 26.0
100.0 86.0 100.0 100.0 100.0 26.0
100.0 80.0 100.0 100.0 100.0 26.0
100.0 80.0 100.0 100.0 100.0 28.0
100.0 78.0 100.0 100.0 100.0 28.0
100.0 84.0 100.0 100.0 100.0 26.0
100.0 78.0 100.0 100.0 100.0 24.0
100.0 78.0 100.0 100.0 100.0 24.0
100.0 74.0 100.0 100.0 100.0 24.0
100.0 74.0 100.0 100.0 100.0 26.0
100.0 78.0 100.0 100.0 100.0 26.0
100.0 78.0 100.0 100.0 100.0 26.0
100.0 78.0 100.0 100.0 100.0 24.0
100.0 82.0 100.0 100.0 100.0 26.0
100.0 82.0 100.0 100.0 100.0 28.0
100.0 74.0 100.0 100.0 100.0 28.0
100.0 70.0 100.0 100.0 100.0 32.0
100.0 70.0 100.0 100.0 100.0 28.0
100.0 70.0 100.0 100.0 100.0 34.0
100.0 66.0 100.0 100.0 100.0 28.0
100.0 66.0 100.0 100.0 100.0 28.0
100.0 68.0 100.0 100.0 100.0 28.0
100.0 68.0 100.0 100.0 100.0 30.0
100.0 64.0 100.0 100.0 100.0 30.0
100.0 64.0 100.0 100.0 100.0 28.0
100.0 58.0 100.0 100.0 100.0 22.0
100.0 60.0 100.0 100.0 100.0 22.0
100.0 60.0 100.0 100.0 100.0 22.0
100.0 60.0 100.0 100.0 100.0 20.0
100.0 56.0 100.0 100.0 100.0 22.0
100.0 50.0 100.0 100.0 100.0 24.0
100.0 44.0 100.0 100.0 100.0 24.0
100.0 40.0 100.0 100.0 100.0 8.0
100.0 34.0 100.0 100.0 100.0 8.0
100.0 28.0 100.0 100.0 100.0 6.0
100.0 26.0 86.0 100.0 100.0 6.0
100.0 24.0 76.0 100.0 100.0 8.0
100.0 6.0 62.0 100.0 84.0 8.0
100.0 0.0 58.0 100.0 72.0 12.0
100.0 0.0 46.0 100.0 58.0 12.0
100.0 4.0 44.0 100.0 56.0 4.0
100.0 8.0 44.0 100.0 40.0 4.0
100.0 8.0 44.0 100.0 38.0 8.0
100.0 12.0 44.0 100.0 36.0 8.0
100.0 12.0 44.0 100.0 36.0 6.0
100.0 8.0 44.0 100.0 36.0 2.0
100.0 6.0 38.0 94.0 34.0 -2.0
100.0 8.0 36.0 86.0 26.0 -2.0
100.0 8.0 26.0 82.0 22.0 -2.0
100.0 8.0 22.0 80.0 22.0 0.0
100.0 8.0 22.0 76.0 22.0 0.0
100.0 6.0 22.0 76.0 26.0 0.0
100.0 6.0 28.0 76.0 22.0 4.0
100.0 6.0 30.0 74.0 26.0 -4.0
100.0 6.0 30.0 70.0 30.0 4.0
100.0 4.0 30.0 70.0 30.0 -4.0
100.0 2.0 26.0 78.0 28.0 0.0
100.0 2.0 26.0 78.0 28.0 0.0
100.0 2.0 20.0 78.0 28.0 4.0
100.0 6.0 20.0 74.0 28.0 4.0
100.0 8.0 32.0 74.0 28.0 6.0
100.0 8.0 32.0 68.0 28.0 2.0
100.0 6.0 32.0 68.0 28.0 2.0
100.0 6.0 26.0 78.0 28.0 0.0
100.0 4.0 24.0 78.0 28.0 2.0
100.0 12.0 24.0 76.0 24.0 4.0
100.0 10.0 28.0 74.0 24.0 4.0
100.0 14.0 30.0 76.0 26.0 4.0
100.0 10.0 30.0 70.0 26.0 4.0
100.0 10.0 30.0 72.0 26.0 2.0
100.0 8.0 30.0 70.0 24.0 -2.0
100.0 4.0 30.0 72.0 22.0 -2.0
100.0 4.0 26.0 72.0 22.0 0.0
100.0 4.0 26.0 72.0 20.0 0.0
100.0 8.0 20.0 70.0 24.0 -4.0
100.0 6.0 26.0 70.0 24.0 -4.0
100.0 10.0 26.0 72.0 24.0 2.0
100.0 8.0 26.0 72.0 22.0 2.0
100.0 8.0 24.0 64.0 20.0 0.0
100.0 8.0 24.0 64.0 22.0 0.0
96.0 8.0 18.0 74.0 18.0 8.0
96.0 10.0 24.0 74.0 24.0 8.0
92.0 14.0 24.0 66.0 24.0 4.0
98.0 14.0 24.0 66.0 24.0 2.0
96.0 4.0 24.0 66.0 22.0 2.0
96.0 4.0 18.0 62.0 22.0 2.0
86.0 8.0 24.0 62.0 22.0 0.0
86.0 8.0 18.0 62.0 22.0 -2.0
90.0 12.0 30.0 64.0 22.0 -2.0
90.0 6.0 30.0 64.0 16.0 6.0
86.0 12.0 30.0 60.0 16.0 6.0
86.0 6.0 28.0 54.0 14.0 4.0
84.0 6.0 28.0 54.0 16.0 2.0
78.0 6.0 20.0 58.0 16.0 2.0
78.0 6.0 24.0 64.0 16.0 2.0
78.0 6.0 24.0 64.0 14.0 0.0
80.0 6.0 24.0 54.0 14.0 -2.0
80.0 2.0 20.0 50.0 14.0 -2.0
80.0 6.0 20.0 50.0 14.0 -2.0
80.0 4.0 26.0 54.0 14.0 -2.0
74.0 4.0 26.0 54.0 14.0 -2.0
74.0 4.0 26.0 54.0 14.0 8.0
74.0 4.0 26.0 56.0 14.0 8.0
68.0 4.0 24.0 58.0 18.0 6.0
64.0 8.0 24.0 56.0 14.0 4.0
68.0 8.0 24.0 46.0 18.0 0.0
72.0 8.0 26.0 46.0 14.0 -2.0
72.0 6.0 26.0 50.0 14.0 0.0
66.0 4.0 26.0 50.0 12.0 8.0
66.0 2.0 24.0 36.0 14.0 10.0
64.0 4.0 18.0 36.0 12.0 8.0
70.0 6.0 20.0 36.0 18.0 8.0
72.0 6.0 18.0 38.0 12.0 2.0
72.0 6.0 20.0 36.0 18.0 0.0
70.0 6.0 24.0 36.0 18.0 0.0
70.0 4.0 24.0 36.0 18.0 0.0
66.0 2.0 24.0 36.0 18.0 -2.0
66.0 0.0 24.0 42.0 14.0 -2.0
66.0 0.0 24.0 32.0 16.0 4.0
66.0 0.0 24.0 36.0 14.0 4.0
66.0 4.0 20.0 36.0 16.0 2.0
66.0 0.0 20.0 36.0 14.0 2.0
72.0 0.0 16.0 42.0 14.0 4.0
72.0 0.0 16.0 36.0 12.0 4.0
68.0 4.0 18.0 38.0 14.0 2.0
66.0 4.0 18.0 30.0 12.0 2.0
64.0 4.0 20.0 38.0 10.0 0.0
64.0 8.0 22.0 30.0 10.0 -4.0
60.0 8.0 24.0 38.0 12.0 -4.0
60.0 4.0 22.0 30.0 12.0 4.0
60.0 4.0 24.0 34.0 12.0 6.0
64.0 4.0 24.0 30.0 10.0 6.0
70.0 4.0 24.0 30.0 10.0 4.0
70.0 6.0 24.0 30.0 10.0 4.0
68.0 4.0 14.0 30.0 16.0 -2.0
56.0 4.0 14.0 32.0 16.0 4.0
56.0 4.0 14.0 32.0 18.0 -4.0
60.0 2.0 14.0 32.0 14.0 6.0
60.0 0.0 14.0 36.0 12.0 6.0
62.0 0.0 14.0 34.0 12.0 8.0
62.0 0.0 20.0 34.0 16.0 8.0
64.0 -2.0 22.0 34.0 16.0 10.0
64.0 -2.0 22.0 34.0 14.0 8.0
66.0 2.0 22.0 28.0 14.0 2.0
62.0 2.0 22.0 28.0 16.0 2.0
66.0 0.0 22.0 28.0 16.0 2.0
66.0 0.0 14.0 28.0 14.0 4.0
66.0 0.0 14.0 28.0 14.0 4.0
66.0 2.0 12.0 28.0 14.0 4.0
68.0 2.0 16.0 26.0 12.0 2.0
68.0 2.0 16.0 20.0 12.0 2.0
68.0 -4.0 16.0 22.0 12.0 2.0
66.0 -4.0 10.0 22.0 14.0 6.0
66.0 0.0 10.0 22.0 12.0 6.0
66.0 2.0 12.0 26.0 14.0 4.0
66.0 2.0 12.0 22.0 8.0 4.0
56.0 2.0 8.0 24.0 14.0 4.0
62.0 4.0 8.0 22.0 6.0 -6.0
62.0 0.0 8.0 24.0 6.0 -6.0
62.0 4.0 10.0 6.0 6.0 4.0
46.0 0.0 10.0 18.0 16.0 4.0
42.0 -2.0 12.0 8.0 16.0 0.0
40.0 -2.0 16.0 18.0 10.0 0.0
42.0 -2.0 20.0 16.0 10.0 8.0
42.0 2.0 16.0 16.0 18.0 8.0
42.0 2.0 16.0 16.0 18.0 2.0
42.0 2.0 16.0 14.0 12.0 2.0
40.0 2.0 22.0 14.0 12.0 2.0
38.0 2.0 22.0 10.0 8.0 4.0
32.0 4.0 18.0 8.0 16.0 6.0
36.0 4.0 18.0 8.0 12.0 6.0
36.0 0.0 18.0 6.0 12.0 6.0
36.0 0.0 18.0 6.0 8.0 6.0
32.0 0.0 20.0 6.0 8.0 0.0
32.0 2.0 20.0 6.0 10.0 -2.0
24.0 2.0 20.0 14.0 10.0 -4.0
24.0 2.0 30.0 4.0 14.0 -4.0
24.0 4.0 30.0 14.0 14.0 -4.0
30.0 4.0 26.0 6.0 14.0 0.0
26.0 4.0 24.0 10.0 16.0 2.0
30.0 6.0 20.0 10.0 18.0 2.0
26.0 8.0 24.0 10.0 18.0 2.0
34.0 8.0 20.0 10.0 18.0 2.0
34.0 8.0 16.0 0.0 14.0 2.0
36.0 8.0 10.0 0.0 12.0 2.0
38.0 8.0 10.0 4.0 14.0 0.0
38.0 10.0 10.0 4.0 12.0 0.0
38.0 10.0 6.0 2.0 12.0 0.0
36.0 10.0 4.0 2.0 12.0 4.0
32.0 8.0 -4.0 2.0 12.0 4.0
32.0 10.0 -8.0 2.0 14.0 -4.0
32.0 8.0 -14.0 2.0 14.0 -4.0
36.0 4.0 -16.0 -2.0 14.0 10.0
36.0 -4.0 -14.0 -4.0 14.0 10.0
36.0 -6.0 -14.0 -4.0 14.0 4.0
36.0 -4.0 -14.0 -4.0 10.0 4.0
38.0 -4.0 -26.0 -2.0 8.0 4.0
36.0 -4.0 -28.0 -24.0 8.0 2.0
38.0 -4.0 -26.0 -8.0 8.0 -6.0
34.0 -8.0 -28.0 -32.0 8.0 0.0
30.0 -8.0 -24.0 -18.0 8.0 0.0
30.0 -10.0 -26.0 -18.0 14.0 2.0
34.0 -10.0 -24.0 -16.0 8.0 4.0
34.0 -12.0 -24.0 -16.0 8.0 2.0
30.0 -16.0 -24.0 -16.0 8.0 2.0
30.0 -16.0 -24.0 -20.0 6.0 -8.0
