# Target: wrist_down
# Dominant_Vision: Open Hand
10.0 2.0 6.0 2.0 0.0 0.0
10.0 0.0 8.0 4.0 0.0 0.0
12.0 -2.0 8.0 4.0 0.0 0.0
10.0 -4.0 12.0 6.0 0.0 2.0
8.0 -4.0 8.0 2.0 2.0 6.0
8.0 -2.0 12.0 2.0 8.0 6.0
18.0 0.0 8.0 2.0 8.0 6.0
18.0 0.0 16.0 2.0 8.0 6.0
14.0 0.0 6.0 2.0 0.0 6.0
14.0 0.0 16.0 0.0 6.0 6.0
10.0 0.0 8.0 0.0 6.0 8.0
10.0 0.0 8.0 0.0 6.0 8.0
10.0 -2.0 8.0 2.0 2.0 4.0
2.0 -6.0 8.0 2.0 2.0 -2.0
14.0 -6.0 6.0 2.0 4.0 -2.0
6.0 -6.0 6.0 0.0 4.0 -10.0
24.0 2.0 2.0 2.0 6.0 -2.0
6.0 0.0 2.0 0.0 6.0 -2.0
12.0 4.0 0.0 -8.0 6.0 4.0
10.0 0.0 4.0 -12.0 4.0 4.0
10.0 -2.0 4.0 -12.0 4.0 0.0
6.0 -2.0 10.0 -14.0 4.0 0.0
6.0 0.0 10.0 2.0 2.0 4.0
10.0 0.0 10.0 -6.0 2.0 4.0
10.0 0.0 6.0 -4.0 0.0 2.0
12.0 -6.0 0.0 -4.0 4.0 2.0
12.0 -6.0 0.0 -4.0 4.0 2.0
12.0 -4.0 4.0 0.0 6.0 2.0
12.0 2.0 6.0 6.0 12.0 2.0
8.0 8.0 10.0 6.0 12.0 2.0
4.0 8.0 12.0 14.0 6.0 2.0
8.0 4.0 14.0 22.0 6.0 6.0
8.0 0.0 14.0 30.0 6.0 6.0
16.0 0.0 12.0 50.0 8.0 8.0
18.0 0.0 12.0 56.0 8.0 8.0
32.0 4.0 22.0 76.0 24.0 8.0
50.0 14.0 32.0 100.0 38.0 8.0
56.0 20.0 32.0 100.0 38.0 10.0
78.0 20.0 32.0 100.0 52.0 12.0
84.0 22.0 38.0 100.0 54.0 14.0
100.0 26.0 52.0 100.0 68.0 20.0
100.0 26.0 54.0 100.0 78.0 20.0
100.0 36.0 52.0 100.0 92.0 18.0
100.0 38.0 60.0 100.0 100.0 18.0
100.0 50.0 64.0 100.0 100.0 24.0
100.0 50.0 64.0 100.0 100.0 24.0
100.0 50.0 66.0 100.0 100.0 20.0
100.0 56.0 76.0 100.0 100.0 20.0
100.0 66.0 76.0 100.0 100.0 24.0
100.0 68.0 76.0 100.0 100.0 26.0
100.0 74.0 82.0 100.0 100.0 24.0
100.0 86.0 88.0 100.0 100.0 24.0
100.0 92.0 88.0 100.0 100.0 24.0
100.0 94.0 96.0 100.0 100.0 22.0
100.0 92.0 100.0 100.0 100.0 30.0
100.0 94.0 100.0 100.0 100.0 28.0
100.0 94.0 100.0 100.0 100.0 30.0
100.0 94.0 100.0 100.0 100.0 32.0
100.0 94.0 100.0 100.0 100.0 32.0
100.0 94.0 100.0 100.0 100.0 28.0
100.0 98.0 100.0 100.0 100.0 24.0
100.0 98.0 100.0 100.0 100.0 24.0
100.0 98.0 100.0 100.0 100.0 28.0
100.0 100.0 100.0 100.0 100.0 30.0
100.0 100.0 100.0 100.0 100.0 30.0
100.0 100.0 100.0 100.0 100.0 26.0
100.0 100.0 100.0 100.0 100.0 26.0
100.0 92.0 100.0 100.0 100.0 26.0
100.0 92.0 100.0 100.0 100.0 26.0
100.0 92.0 100.0 100.0 100.0 26.0
100.0 92.0 100.0 100.0 100.0 28.0
100.0 92.0 100.0 100.0 100.0 28.0
100.0 92.0 100.0 100.0 100.0 28.0
100.0 90.0 100.0 100.0 100.0 26.0
100.0 98.0 100.0 100.0 100.0 20.0
100.0 100.0 100.0 100.0 100.0 20.0
100.0 100.0 100.0 100.0 100.0 26.0
100.0 100.0 100.0 100.0 100.0 28.0
100.0 100.0 100.0 100.0 100.0 28.0
100.0 100.0 100.0 100.0 100.0 26.0
100.0 100.0 100.0 100.0 100.0 22.0
100.0 100.0 100.0 100.0 100.0 22.0
100.0 100.0 100.0 100.0 100.0 26.0
100.0 100.0 100.0 100.0 100.0 32.0
100.0 94.0 100.0 100.0 100.0 32.0
100.0 94.0 100.0 100.0 100.0 20.0
100.0 94.0 100.0 100.0 100.0 20.0
100.0 100.0 100.0 100.0 100.0 22.0
100.0 100.0 100.0 100.0 100.0 26.0
100.0 100.0 100.0 100.0 100.0 26.0
100.0 96.0 100.0 100.0 100.0 30.0
100.0 100.0 100.0 100.0 100.0 30.0
100.0 96.0 100.0 100.0 100.0 30.0
100.0 100.0 100.0 100.0 100.0 30.0
100.0 100.0 100.0 100.0 100.0 26.0
100.0 100.0 100.0 100.0 100.0 26.0
100.0 100.0 100.0 100.0 100.0 30.0
100.0 100.0 100.0 100.0 100.0 30.0
100.0 98.0 100.0 100.0 100.0 28.0
100.0 96.0 100.0 100.0 100.0 28.0
100.0 96.0 100.0 100.0 100.0 28.0
100.0 96.0 100.0 100.0 100.0 28.0
100.0 94.0 100.0 100.0 100.0 26.0
100.0 98.0 100.0 100.0 100.0 26.0
100.0 96.0 100.0 100.0 100.0 26.0
100.0 96.0 100.0 100.0 100.0 26.0
100.0 96.0 100.0 100.0 100.0 30.0
100.0 98.0 100.0 100.0 100.0 30.0
100.0 98.0 100.0 100.0 100.0 30.0
100.0 96.0 100.0 100.0 100.0 30.0
100.0 94.0 100.0 100.0 100.0 26.0
100.0 96.0 100.0 100.0 100.0 26.0
100.0 98.0 100.0 100.0 100.0 24.0
100.0 98.0 100.0 100.0 100.0 26.0
100.0 98.0 100.0 100.0 100.0 24.0
100.0 96.0 100.0 100.0 100.0 26.0
100.0 90.0 100.0 100.0 100.0 24.0
100.0 90.0 100.0 100.0 100.0 24.0
100.0 90.0 100.0 100.0 100.0 22.0
100.0 92.0 100.0 100.0 100.0 22.0
100.0 88.0 100.0 100.0 100.0 22.0
100.0 88.0 100.0 100.0 100.0 20.0
100.0 88.0 100.0 100.0 100.0 18.0
100.0 68.0 94.0 100.0 100.0 14.0
100.0 54.0 88.0 100.0 100.0 14.0
100.0 52.0 86.0 100.0 100.0 14.0
100.0 46.0 74.0 100.0 100.0 14.0
100.0 38.0 64.0 100.0 100.0 8.0
100.0 36.0 62.0 100.0 100.0 8.0
100.0 28.0 60.0 100.0 100.0 6.0
100.0 28.0 52.0 100.0 84.0 4.0
98.0 24.0 42.0 100.0 82.0 2.0
82.0 16.0 42.0 100.0 66.0 4.0
82.0 14.0 40.0 100.0 62.0 2.0
80.0 14.0 30.0 100.0 50.0 0.0
74.0 8.0 30.0 100.0 34.0 0.0
70.0 8.0 28.0 96.0 28.0 0.0
68.0 16.0 28.0 88.0 28.0 2.0
68.0 20.0 28.0 78.0 26.0 0.0
64.0 20.0 24.0 62.0 24.0 0.0
56.0 16.0 24.0 56.0 20.0 -2.0
50.0 16.0 24.0 56.0 20.0 -6.0
40.0 16.0 20.0 48.0 20.0 -8.0
36.0 16.0 12.0 48.0 20.0 -8.0
24.0 14.0 12.0 48.0 22.0 -12.0
24.0 14.0 12.0 54.0 20.0 -6.0
22.0 14.0 14.0 46.0 20.0 -4.0
24.0 16.0 14.0 56.0 16.0 -4.0
22.0 16.0 16.0 44.0 16.0 0.0
20.0 12.0 16.0 40.0 14.0 -2.0
20.0 12.0 14.0 30.0 16.0 0.0
20.0 14.0 14.0 40.0 14.0 0.0
20.0 14.0 14.0 30.0 18.0 2.0
20.0 10.0 12.0 40.0 18.0 2.0
18.0 10.0 12.0 40.0 18.0 0.0
10.0 10.0 12.0 40.0 20.0 -2.0
10.0 10.0 12.0 30.0 18.0 -2.0
10.0 8.0 14.0 30.0 18.0 -2.0
14.0 10.0 14.0 30.0 14.0 2.0
16.0 8.0 14.0 40.0 14.0 2.0
20.0 10.0 12.0 26.0 14.0 2.0
20.0 12.0 12.0 40.0 18.0 2.0
18.0 12.0 10.0 40.0 12.0 4.0
16.0 12.0 10.0 40.0 18.0 -2.0
18.0 14.0 12.0 28.0 14.0 -2.0
12.0 14.0 12.0 26.0 14.0 -2.0
18.0 14.0 14.0 24.0 14.0 0.0
12.0 8.0 8.0 22.0 12.0 0.0
16.0 8.0 8.0 22.0 14.0 2.0
16.0 10.0 6.0 28.0 12.0 4.0
16.0 10.0 6.0 28.0 20.0 4.0
16.0 12.0 14.0 28.0 12.0 -6.0
16.0 12.0 16.0 20.0 12.0 -6.0
14.0 12.0 16.0 14.0 8.0 -4.0
14.0 14.0 18.0 14.0 12.0 -4.0
14.0 12.0 12.0 28.0 12.0 0.0
14.0 12.0 18.0 28.0 12.0 0.0
18.0 0.0 12.0 24.0 14.0 2.0
12.0 0.0 18.0 24.0 14.0 4.0
12.0 10.0 12.0 24.0 18.0 4.0
12.0 10.0 10.0 24.0 18.0 4.0
14.0 10.0 10.0 28.0 18.0 8.0
16.0 10.0 10.0 22.0 8.0 8.0
14.0 10.0 10.0 10.0 18.0 6.0
14.0 8.0 8.0 10.0 8.0 0.0
14.0 10.0 10.0 22.0 10.0 -4.0
14.0 10.0 16.0 24.0 8.0 -4.0
14.0 10.0 16.0 26.0 8.0 -4.0
16.0 8.0 16.0 28.0 8.0 2.0
14.0 6.0 14.0 26.0 8.0 0.0
14.0 4.0 14.0 20.0 4.0 2.0
12.0 4.0 10.0 20.0 4.0 0.0
12.0 8.0 14.0 26.0 16.0 0.0
12.0 10.0 14.0 26.0 16.0 -2.0
14.0 12.0 14.0 26.0 12.0 0.0
10.0 10.0 10.0 40.0 10.0 0.0
10.0 12.0 10.0 22.0 12.0 2.0
10.0 8.0 20.0 22.0 12.0 0.0
10.0 8.0 20.0 22.0 14.0 4.0
18.0 8.0 8.0 22.0 14.0 -2.0
18.0 14.0 8.0 22.0 18.0 -8.0
16.0 14.0 12.0 22.0 12.0 -8.0
14.0 12.0 14.0 24.0 12.0 4.0
14.0 12.0 12.0 24.0 12.0 4.0
8.0 12.0 12.0 24.0 14.0 6.0
8.0 12.0 12.0 24.0 14.0 -4.0
8.0 16.0 14.0 20.0 14.0 -4.0
8.0 16.0 14.0 22.0 14.0 -4.0
14.0 16.0 14.0 22.0 14.0 0.0
14.0 16.0 10.0 22.0 8.0 0.0
14.0 10.0 10.0 30.0 8.0 -4.0
16.0 12.0 10.0 22.0 16.0 -4.0
14.0 6.0 10.0 22.0 16.0 -4.0
14.0 12.0 14.0 22.0 20.0 2.0
14.0 10.0 14.0 26.0 16.0 -4.0
16.0 12.0 20.0 26.0 12.0 -8.0
18.0 10.0 14.0 24.0 12.0 -8.0
18.0 10.0 12.0 22.0 10.0 -2.0
12.0 10.0 8.0 22.0 12.0 -2.0
12.0 10.0 10.0 22.0 10.0 -2.0
14.0 12.0 10.0 22.0 14.0 -2.0
14.0 12.0 10.0 22.0 12.0 -2.0
14.0 6.0 10.0 18.0 12.0 2.0
12.0 4.0 10.0 22.0 12.0 4.0
14.0 0.0 8.0 24.0 14.0 2.0
12.0 0.0 10.0 24.0 14.0 2.0
10.0 8.0 10.0 20.0 12.0 -2.0
6.0 10.0 10.0 20.0 12.0 -8.0
6.0 10.0 18.0 18.0 12.0 -8.0
