# Target: wrist_down
# Dominant_Vision: Open Hand
2.0 6.0 -2.0 8.0 0.0 0.0
0.0 2.0 0.0 0.0 0.0 0.0
2.0 4.0 2.0 4.0 2.0 0.0
4.0 4.0 2.0 4.0 4.0 8.0
4.0 4.0 -4.0 4.0 2.0 4.0
4.0 6.0 -6.0 2.0 4.0 4.0
0.0 6.0 -4.0 2.0 0.0 2.0
0.0 2.0 -6.0 8.0 0.0 -4.0
4.0 2.0 -6.0 8.0 0.0 2.0
6.0 2.0 -14.0 -10.0 2.0 -2.0
6.0 8.0 -6.0 -10.0 2.0 2.0
6.0 2.0 -8.0 -10.0 -2.0 2.0
6.0 4.0 0.0 -8.0 -4.0 2.0
-2.0 4.0 4.0 -14.0 -2.0 2.0
6.0 4.0 4.0 -8.0 2.0 2.0
-4.0 2.0 -2.0 6.0 6.0 2.0
-4.0 2.0 -6.0 6.0 2.0 2.0
-4.0 0.0 -8.0 6.0 0.0 2.0
0.0 0.0 -6.0 6.0 -2.0 2.0
0.0 0.0 -2.0 12.0 -2.0 4.0
0.0 0.0 -2.0 12.0 -2.0 4.0
-2.0 0.0 -6.0 12.0 0.0 6.0
2.0 4.0 -6.0 16.0 4.0 6.0
4.0 4.0 2.0 22.0 0.0 6.0
4.0 6.0 4.0 22.0 0.0 2.0
6.0 4.0 2.0 24.0 0.0 2.0
6.0 4.0 -2.0 24.0 0.0 4.0
8.0 4.0 -2.0 44.0 6.0 4.0
14.0 6.0 -2.0 48.0 14.0 0.0
20.0 10.0 2.0 74.0 16.0 0.0
32.0 10.0 4.0 100.0 28.0 10.0
42.0 18.0 12.0 100.0 30.0 10.0
60.0 22.0 22.0 100.0 56.0 14.0
100.0 38.0 28.0 100.0 76.0 16.0
100.0 46.0 36.0 100.0 80.0 16.0
100.0 50.0 38.0 100.0 100.0 18.0
100.0 56.0 42.0 100.0 100.0 18.0
100.0 62.0 42.0 100.0 100.0 18.0
100.0 62.0 44.0 100.0 100.0 18.0
100.0 62.0 48.0 100.0 100.0 22.0
100.0 62.0 50.0 100.0 100.0 24.0
100.0 64.0 52.0 100.0 100.0 24.0
100.0 70.0 58.0 100.0 100.0 20.0
100.0 76.0 70.0 100.0 100.0 20.0
100.0 84.0 78.0 100.0 100.0 20.0
100.0 86.0 88.0 100.0 100.0 18.0
100.0 86.0 88.0 100.0 100.0 18.0
100.0 90.0 86.0 100.0 100.0 18.0
100.0 90.0 84.0 100.0 100.0 22.0
100.0 90.0 86.0 100.0 100.0 24.0
100.0 96.0 88.0 100.0 100.0 24.0
100.0 96.0 88.0 100.0 100.0 20.0
100.0 90.0 82.0 100.0 100.0 20.0
100.0 90.0 82.0 100.0 100.0 14.0
100.0 90.0 82.0 100.0 100.0 14.0
100.0 92.0 84.0 100.0 100.0 16.0
100.0 92.0 84.0 100.0 100.0 16.0
100.0 94.0 86.0 100.0 100.0 16.0
100.0 94.0 88.0 100.0 100.0 16.0
100.0 92.0 88.0 100.0 100.0 16.0
100.0 90.0 88.0 100.0 100.0 16.0
100.0 92.0 88.0 100.0 100.0 16.0
100.0 84.0 88.0 100.0 100.0 14.0
100.0 92.0 88.0 100.0 100.0 22.0
100.0 98.0 88.0 100.0 100.0 22.0
100.0 98.0 90.0 100.0 100.0 22.0
100.0 94.0 94.0 100.0 100.0 20.0
100.0 94.0 90.0 100.0 100.0 18.0
100.0 94.0 88.0 100.0 100.0 16.0
100.0 90.0 86.0 100.0 100.0 16.0
100.0 90.0 86.0 100.0 100.0 14.0
100.0 94.0 86.0 100.0 100.0 14.0
100.0 98.0 84.0 100.0 100.0 14.0
100.0 98.0 86.0 100.0 100.0 20.0
100.0 98.0 86.0 100.0 100.0 22.0
100.0 96.0 86.0 100.0 100.0 22.0
100.0 96.0 88.0 100.0 100.0 20.0
100.0 96.0 88.0 100.0 100.0 20.0
100.0 88.0 90.0 100.0 100.0 22.0
100.0 88.0 92.0 100.0 100.0 22.0
100.0 94.0 92.0 100.0 100.0 22.0
100.0 98.0 92.0 100.0 100.0 22.0
100.0 94.0 90.0 100.0 100.0 22.0
100.0 96.0 88.0 100.0 100.0 22.0
100.0 90.0 90.0 100.0 100.0 24.0
100.0 96.0 94.0 100.0 100.0 24.0
100.0 96.0 94.0 100.0 100.0 26.0
100.0 96.0 92.0 100.0 100.0 26.0
100.0 96.0 88.0 100.0 100.0 22.0
100.0 92.0 86.0 100.0 100.0 22.0
100.0 96.0 84.0 100.0 100.0 22.0
100.0 92.0 84.0 100.0 100.0 22.0
100.0 96.0 86.0 100.0 100.0 24.0
100.0 94.0 90.0 100.0 100.0 24.0
100.0 96.0 92.0 100.0 100.0 24.0
100.0 94.0 94.0 100.0 100.0 20.0
100.0 96.0 94.0 100.0 100.0 20.0
100.0 96.0 90.0 100.0 100.0 22.0
100.0 96.0 84.0 100.0 100.0 22.0
100.0 96.0 90.0 100.0 100.0 18.0
100.0 96.0 88.0 100.0 100.0 18.0
100.0 96.0 88.0 100.0 100.0 18.0
100.0 98.0 88.0 100.0 100.0 26.0
100.0 98.0 86.0 100.0 100.0 26.0
100.0 98.0 86.0 100.0 100.0 20.0
100.0 96.0 88.0 100.0 100.0 20.0
100.0 96.0 88.0 100.0 100.0 22.0
100.0 94.0 84.0 100.0 100.0 24.0
100.0 90.0 84.0 100.0 100.0 22.0
100.0 92.0 88.0 100.0 100.0 18.0
100.0 90.0 90.0 100.0 100.0 16.0
100.0 92.0 90.0 100.0 100.0 18.0
100.0 92.0 90.0 100.0 100.0 16.0
100.0 100.0 88.0 100.0 100.0 16.0
100.0 92.0 88.0 100.0 100.0 16.0
100.0 86.0 88.0 100.0 100.0 20.0
100.0 86.0 88.0 100.0 100.0 20.0
100.0 96.0 86.0 100.0 100.0 16.0
100.0 96.0 86.0 100.0 100.0 16.0
100.0 94.0 88.0 100.0 100.0 18.0
100.0 94.0 88.0 100.0 100.0 18.0
100.0 90.0 90.0 100.0 100.0 18.0
100.0 90.0 90.0 100.0 100.0 18.0
100.0 90.0 90.0 100.0 100.0 18.0
100.0 88.0 88.0 100.0 100.0 18.0
100.0 88.0 88.0 100.0 100.0 18.0
100.0 94.0 88.0 100.0 100.0 22.0
100.0 94.0 88.0 100.0 100.0 22.0
100.0 94.0 90.0 100.0 100.0 22.0
100.0 98.0 90.0 100.0 100.0 20.0
100.0 100.0 84.0 100.0 100.0 20.0
100.0 100.0 84.0 100.0 100.0 20.0
100.0 96.0 88.0 100.0 100.0 20.0
100.0 94.0 88.0 100.0 100.0 20.0
100.0 94.0 88.0 100.0 100.0 20.0
100.0 98.0 88.0 100.0 100.0 26.0
100.0 98.0 86.0 100.0 100.0 18.0
100.0 100.0 86.0 100.0 100.0 18.0
100.0 100.0 84.0 100.0 100.0 18.0
100.0 96.0 84.0 100.0 100.0 18.0
100.0 90.0 86.0 100.0 100.0 16.0
100.0 92.0 90.0 100.0 100.0 22.0
100.0 92.0 90.0 100.0 100.0 22.0
100.0 96.0 88.0 100.0 100.0 22.0
100.0 96.0 86.0 100.0 100.0 18.0
100.0 98.0 86.0 100.0 100.0 18.0
100.0 100.0 86.0 100.0 100.0 26.0
100.0 100.0 88.0 100.0 100.0 26.0
100.0 88.0 94.0 100.0 100.0 20.0
100.0 88.0 94.0 100.0 100.0 16.0
100.0 88.0 92.0 100.0 100.0 20.0
100.0 94.0 88.0 100.0 100.0 16.0
100.0 94.0 82.0 100.0 100.0 18.0
100.0 96.0 82.0 100.0 100.0 18.0
100.0 96.0 84.0 100.0 100.0 26.0
100.0 96.0 86.0 100.0 100.0 26.0
100.0 94.0 88.0 100.0 100.0 22.0
100.0 94.0 88.0 100.0 100.0 22.0
100.0 94.0 88.0 100.0 100.0 18.0
100.0 94.0 84.0 100.0 100.0 18.0
100.0 94.0 90.0 100.0 100.0 18.0
100.0 94.0 86.0 100.0 100.0 16.0
100.0 94.0 86.0 100.0 100.0 16.0
100.0 96.0 86.0 100.0 100.0 16.0
100.0 96.0 84.0 100.0 100.0 18.0
100.0 96.0 84.0 100.0 100.0 18.0
100.0 96.0 82.0 100.0 100.0 18.0
100.0 96.0 84.0 100.0 100.0 20.0
100.0 94.0 86.0 100.0 100.0 16.0
100.0 94.0 88.0 100.0 100.0 16.0
100.0 98.0 88.0 100.0 100.0 16.0
100.0 98.0 90.0 100.0 100.0 14.0
100.0 88.0 86.0 100.0 100.0 12.0
100.0 88.0 86.0 100.0 100.0 12.0
100.0 92.0 86.0 100.0 100.0 14.0
100.0 94.0 88.0 100.0 100.0 20.0
100.0 96.0 88.0 100.0 100.0 24.0
100.0 94.0 88.0 100.0 100.0 22.0
100.0 92.0 86.0 100.0 100.0 22.0
100.0 90.0 82.0 100.0 100.0 20.0
100.0 90.0 86.0 100.0 100.0 20.0
100.0 90.0 88.0 100.0 100.0 22.0
100.0 96.0 88.0 100.0 100.0 22.0
100.0 90.0 88.0 100.0 100.0 16.0
100.0 88.0 86.0 100.0 100.0 16.0
100.0 88.0 86.0 100.0 100.0 18.0
100.0 92.0 86.0 100.0 100.0 20.0
100.0 92.0 88.0 100.0 100.0 20.0
100.0 92.0 88.0 100.0 100.0 20.0
100.0 80.0 88.0 100.0 100.0 18.0
100.0 80.0 88.0 100.0 100.0 18.0
100.0 90.0 90.0 100.0 100.0 16.0
100.0 94.0 90.0 100.0 100.0 16.0
100.0 94.0 84.0 100.0 100.0 20.0
100.0 94.0 82.0 100.0 100.0 20.0
100.0 94.0 80.0 100.0 100.0 20.0
100.0 92.0 80.0 100.0 100.0 20.0
100.0 92.0 90.0 100.0 100.0 22.0
100.0 96.0 90.0 100.0 100.0 20.0
100.0 96.0 90.0 100.0 100.0 16.0
100.0 96.0 86.0 100.0 100.0 16.0
100.0 90.0 84.0 100.0 100.0 16.0
100.0 90.0 84.0 100.0 100.0 22.0
100.0 82.0 84.0 100.0 100.0 22.0
100.0 82.0 86.0 100.0 100.0 22.0
100.0 82.0 86.0 100.0 100.0 22.0
100.0 76.0 86.0 100.0 100.0 14.0
100.0 76.0 80.0 100.0 100.0 14.0
100.0 74.0 70.0 100.0 100.0 14.0
100.0 66.0 62.0 100.0 100.0 14.0
100.0 62.0 54.0 100.0 100.0 14.0
100.0 60.0 58.0 100.0 100.0 14.0
100.0 60.0 54.0 100.0 100.0 16.0
100.0 56.0 52.0 100.0 100.0 4.0
100.0 56.0 52.0 100.0 100.0 8.0
100.0 54.0 50.0 100.0 100.0 4.0
100.0 56.0 50.0 100.0 100.0 8.0
100.0 54.0 50.0 100.0 100.0 10.0
100.0 46.0 40.0 100.0 92.0 10.0
82.0 40.0 34.0 100.0 92.0 8.0
82.0 36.0 34.0 100.0 82.0 6.0
82.0 36.0 36.0 100.0 78.0 6.0
82.0 30.0 36.0 100.0 62.0 6.0
84.0 38.0 34.0 100.0 56.0 4.0
84.0 28.0 32.0 100.0 56.0 2.0
80.0 28.0 28.0 100.0 56.0 2.0
78.0 22.0 28.0 100.0 46.0 2.0
56.0 18.0 28.0 96.0 44.0 0.0
48.0 18.0 20.0 96.0 38.0 0.0
38.0 22.0 10.0 86.0 34.0 -4.0
34.0 22.0 6.0 78.0 30.0 -4.0
34.0 16.0 6.0 56.0 16.0 -4.0
30.0 16.0 -2.0 56.0 16.0 -6.0
24.0 24.0 -2.0 46.0 22.0 -4.0
24.0 24.0 6.0 46.0 22.0 0.0
18.0 18.0 6.0 46.0 20.0 2.0
16.0 10.0 6.0 44.0 20.0 2.0
14.0 16.0 6.0 44.0 14.0 -2.0
2.0 16.0 8.0 34.0 14.0 -2.0
2.0 16.0 8.0 34.0 20.0 -4.0
4.0 14.0 4.0 34.0 20.0 -2.0
