# Target: wrist_down
# Dominant_Vision: Open Hand
0.0 -4.0 0.0 0.0 0.0 -12.0
-2.0 0.0 0.0 6.0 0.0 -8.0
-2.0 0.0 0.0 12.0 2.0 -12.0
0.0 0.0 0.0 14.0 0.0 -8.0
0.0 0.0 4.0 14.0 2.0 -8.0
0.0 0.0 6.0 14.0 4.0 -6.0
0.0 0.0 6.0 12.0 4.0 -8.0
2.0 0.0 6.0 12.0 0.0 -6.0
2.0 0.0 6.0 12.0 0.0 -10.0
2.0 0.0 8.0 12.0 6.0 -6.0
-4.0 0.0 8.0 16.0 6.0 -8.0
-4.0 0.0 6.0 16.0 2.0 -4.0
-2.0 4.0 6.0 10.0 2.0 -4.0
2.0 0.0 6.0 10.0 2.0 -4.0
4.0 4.0 6.0 14.0 2.0 -2.0
4.0 0.0 6.0 18.0 0.0 -10.0
2.0 0.0 6.0 14.0 0.0 -2.0
2.0 0.0 10.0 8.0 0.0 -10.0
4.0 0.0 10.0 8.0 0.0 -8.0
4.0 0.0 10.0 10.0 0.0 -10.0
-2.0 -2.0 8.0 12.0 0.0 -8.0
-2.0 -2.0 6.0 10.0 0.0 -6.0
-4.0 2.0 8.0 14.0 2.0 -6.0
-6.0 2.0 6.0 14.0 0.0 -6.0
-10.0 -2.0 6.0 14.0 -4.0 -8.0
-6.0 -2.0 6.0 10.0 -4.0 -8.0
-4.0 -6.0 6.0 10.0 0.0 -10.0
-2.0 2.0 2.0 8.0 0.0 -10.0
-2.0 -6.0 16.0 10.0 -2.0 -6.0
2.0 -6.0 12.0 10.0 -4.0 -6.0
2.0 -6.0 12.0 12.0 -4.0 -10.0
2.0 -6.0 10.0 12.0 -4.0 -10.0
-4.0 -2.0 6.0 12.0 -2.0 -10.0
-4.0 -2.0 10.0 12.0 0.0 -6.0
6.0 -2.0 10.0 12.0 0.0 -6.0
14.0 -2.0 10.0 28.0 0.0 -4.0
22.0 -2.0 10.0 32.0 6.0 -2.0
24.0 0.0 10.0 34.0 8.0 -2.0
32.0 2.0 14.0 48.0 12.0 -4.0
38.0 10.0 20.0 64.0 12.0 -4.0
62.0 10.0 20.0 64.0 12.0 -4.0
62.0 8.0 20.0 68.0 6.0 0.0
82.0 8.0 20.0 100.0 20.0 -2.0
88.0 12.0 22.0 100.0 20.0 0.0
100.0 12.0 20.0 100.0 24.0 -2.0
100.0 12.0 30.0 100.0 30.0 0.0
100.0 14.0 52.0 100.0 38.0 6.0
100.0 16.0 52.0 100.0 46.0 10.0
100.0 16.0 52.0 100.0 74.0 10.0
100.0 20.0 64.0 100.0 86.0 10.0
100.0 24.0 68.0 100.0 96.0 12.0
100.0 24.0 70.0 100.0 100.0 12.0
100.0 24.0 72.0 100.0 100.0 12.0
100.0 36.0 74.0 100.0 100.0 14.0
100.0 40.0 78.0 100.0 100.0 14.0
100.0 40.0 84.0 100.0 100.0 18.0
100.0 44.0 92.0 100.0 100.0 14.0
100.0 52.0 94.0 100.0 100.0 14.0
100.0 54.0 100.0 100.0 100.0 14.0
100.0 58.0 100.0 100.0 100.0 14.0
100.0 58.0 100.0 100.0 100.0 18.0
100.0 60.0 100.0 100.0 100.0 18.0
100.0 64.0 100.0 100.0 100.0 18.0
100.0 60.0 100.0 100.0 100.0 18.0
100.0 56.0 100.0 100.0 100.0 14.0
100.0 56.0 100.0 100.0 100.0 16.0
100.0 58.0 100.0 100.0 100.0 14.0
100.0 58.0 100.0 100.0 100.0 14.0
100.0 56.0 100.0 100.0 100.0 12.0
100.0 56.0 100.0 100.0 100.0 14.0
100.0 50.0 100.0 100.0 100.0 14.0
100.0 48.0 100.0 100.0 100.0 14.0
100.0 42.0 100.0 100.0 100.0 12.0
100.0 42.0 100.0 100.0 100.0 12.0
100.0 42.0 100.0 100.0 100.0 12.0
100.0 32.0 100.0 100.0 100.0 12.0
100.0 32.0 92.0 100.0 100.0 16.0
100.0 26.0 92.0 100.0 100.0 12.0
100.0 26.0 86.0 100.0 98.0 10.0
100.0 24.0 84.0 100.0 64.0 10.0
100.0 12.0 72.0 100.0 64.0 10.0
100.0 6.0 68.0 100.0 64.0 6.0
100.0 -2.0 68.0 100.0 54.0 6.0
100.0 -2.0 68.0 100.0 50.0 0.0
100.0 4.0 68.0 100.0 46.0 0.0
100.0 10.0 64.0 100.0 40.0 -6.0
100.0 4.0 54.0 100.0 36.0 -6.0
100.0 4.0 48.0 100.0 32.0 -10.0
100.0 4.0 48.0 100.0 32.0 0.0
100.0 4.0 44.0 100.0 32.0 0.0
100.0 6.0 38.0 100.0 26.0 0.0
100.0 6.0 34.0 100.0 20.0 0.0
100.0 -2.0 34.0 100.0 18.0 0.0
100.0 -2.0 32.0 100.0 18.0 -2.0
100.0 6.0 32.0 100.0 8.0 -10.0
100.0 8.0 32.0 92.0 8.0 -10.0
100.0 8.0 32.0 76.0 12.0 -12.0
100.0 6.0 32.0 72.0 12.0 -6.0
98.0 6.0 28.0 72.0 6.0 -12.0
94.0 6.0 28.0 72.0 6.0 -6.0
86.0 14.0 18.0 70.0 8.0 -4.0
86.0 14.0 20.0 70.0 14.0 -4.0
80.0 2.0 20.0 66.0 14.0 -4.0
76.0 2.0 20.0 70.0 8.0 -8.0
66.0 6.0 22.0 66.0 6.0 -8.0
60.0 6.0 18.0 66.0 6.0 -12.0
60.0 6.0 20.0 66.0 6.0 -20.0
60.0 4.0 18.0 66.0 8.0 -12.0
52.0 6.0 20.0 56.0 8.0 -10.0
50.0 6.0 16.0 54.0 8.0 -8.0
50.0 6.0 18.0 54.0 2.0 -8.0
54.0 6.0 18.0 58.0 2.0 -6.0
54.0 0.0 22.0 58.0 8.0 -8.0
54.0 6.0 22.0 50.0 8.0 -8.0
54.0 8.0 18.0 50.0 8.0 -8.0
54.0 8.0 16.0 50.0 2.0 -8.0
54.0 8.0 16.0 54.0 4.0 -8.0
56.0 2.0 22.0 46.0 4.0 -4.0
52.0 4.0 22.0 56.0 4.0 -4.0
56.0 4.0 22.0 52.0 2.0 -4.0
56.0 4.0 16.0 54.0 2.0 -10.0
58.0 0.0 16.0 54.0 12.0 -4.0
58.0 -2.0 16.0 56.0 12.0 -6.0
56.0 -2.0 16.0 56.0 10.0 -6.0
44.0 -2.0 16.0 56.0 10.0 -6.0
44.0 10.0 16.0 56.0 10.0 -6.0
50.0 14.0 18.0 58.0 -2.0 -6.0
50.0 14.0 18.0 58.0 -6.0 -10.0
56.0 -6.0 18.0 60.0 -6.0 -10.0
56.0 -6.0 16.0 60.0 4.0 -4.0
56.0 0.0 12.0 60.0 4.0 -4.0
56.0 0.0 12.0 50.0 6.0 -14.0
56.0 2.0 16.0 50.0 12.0 -14.0
56.0 0.0 22.0 52.0 12.0 -6.0
52.0 0.0 20.0 58.0 8.0 -6.0
52.0 0.0 22.0 52.0 6.0 -6.0
52.0 0.0 20.0 58.0 6.0 -6.0
54.0 0.0 18.0 54.0 6.0 -6.0
54.0 -4.0 16.0 56.0 6.0 -6.0
58.0 -4.0 12.0 54.0 6.0 -10.0
58.0 -2.0 12.0 54.0 6.0 -10.0
56.0 -2.0 14.0 54.0 8.0 -10.0
54.0 -2.0 18.0 48.0 8.0 -12.0
48.0 -2.0 14.0 48.0 10.0 -12.0
54.0 2.0 18.0 50.0 8.0 -8.0
62.0 6.0 18.0 54.0 8.0 -8.0
62.0 6.0 24.0 50.0 8.0 -10.0
62.0 0.0 24.0 48.0 6.0 -10.0
58.0 0.0 20.0 48.0 6.0 -10.0
54.0 0.0 16.0 48.0 6.0 -8.0
50.0 0.0 14.0 44.0 6.0 -8.0
48.0 2.0 14.0 38.0 4.0 -8.0
34.0 -6.0 14.0 44.0 2.0 -14.0
34.0 -2.0 16.0 46.0 0.0 -14.0
44.0 -2.0 20.0 52.0 0.0 -14.0
44.0 -2.0 22.0 52.0 0.0 -14.0
44.0 -4.0 22.0 48.0 0.0 -10.0
56.0 -4.0 18.0 44.0 0.0 -6.0
56.0 -4.0 14.0 40.0 0.0 -6.0
50.0 6.0 18.0 40.0 2.0 -6.0
50.0 6.0 18.0 54.0 4.0 -6.0
50.0 6.0 20.0 54.0 4.0 -6.0
50.0 8.0 20.0 54.0 4.0 -12.0
50.0 8.0 18.0 46.0 6.0 -12.0
50.0 8.0 18.0 46.0 6.0 -6.0
48.0 6.0 18.0 46.0 6.0 -6.0
46.0 8.0 12.0 52.0 8.0 -8.0
46.0 -4.0 12.0 52.0 8.0 -8.0
46.0 -4.0 18.0 46.0 2.0 -8.0
46.0 -4.0 18.0 38.0 2.0 -12.0
46.0 0.0 18.0 46.0 2.0 -12.0
50.0 6.0 14.0 38.0 2.0 -2.0
50.0 8.0 14.0 36.0 4.0 -2.0
48.0 6.0 18.0 36.0 6.0 -8.0
48.0 6.0 18.0 50.0 6.0 -8.0
52.0 -6.0 18.0 50.0 6.0 -8.0
52.0 2.0 20.0 50.0 4.0 -8.0
52.0 -4.0 20.0 44.0 2.0 -8.0
46.0 0.0 20.0 44.0 2.0 -6.0
48.0 0.0 14.0 44.0 2.0 -6.0
48.0 10.0 26.0 50.0 4.0 -6.0
48.0 10.0 24.0 50.0 4.0 -6.0
48.0 0.0 24.0 50.0 8.0 -6.0
48.0 0.0 18.0 46.0 8.0 -6.0
48.0 -6.0 18.0 50.0 2.0 -8.0
46.0 0.0 20.0 48.0 2.0 -10.0
48.0 -4.0 20.0 48.0 2.0 -10.0
46.0 -4.0 20.0 48.0 6.0 -6.0
48.0 -4.0 20.0 48.0 6.0 -6.0
48.0 2.0 18.0 48.0 6.0 -20.0
48.0 2.0 20.0 48.0 6.0 -20.0
48.0 2.0 18.0 42.0 6.0 -18.0
48.0 0.0 18.0 42.0 6.0 -10.0
48.0 -4.0 18.0 42.0 6.0 -10.0
48.0 0.0 16.0 42.0 6.0 -8.0
46.0 0.0 16.0 48.0 6.0 -6.0
46.0 0.0 16.0 52.0 8.0 -6.0
46.0 4.0 16.0 52.0 4.0 -4.0
48.0 4.0 20.0 50.0 4.0 -4.0
52.0 -2.0 16.0 50.0 -2.0 -4.0
50.0 -2.0 24.0 50.0 -2.0 -4.0
50.0 -2.0 24.0 50.0 -2.0 -4.0
46.0 0.0 24.0 48.0 4.0 -4.0
44.0 0.0 24.0 38.0 0.0 -14.0
44.0 4.0 22.0 46.0 4.0 -14.0
32.0 4.0 22.0 46.0 4.0 -4.0
48.0 10.0 22.0 46.0 4.0 -4.0
46.0 10.0 24.0 46.0 2.0 2.0
46.0 2.0 24.0 42.0 -4.0 -6.0
46.0 -2.0 22.0 42.0 -4.0 -4.0
50.0 -4.0 20.0 42.0 0.0 -4.0
50.0 -4.0 20.0 44.0 6.0 -4.0
50.0 -4.0 20.0 44.0 4.0 -8.0
42.0 -4.0 20.0 48.0 4.0 -8.0
40.0 -4.0 20.0 48.0 4.0 -2.0
40.0 2.0 20.0 48.0 4.0 -2.0
50.0 2.0 20.0 46.0 8.0 -10.0
52.0 -4.0 20.0 46.0 6.0 -10.0
50.0 -4.0 18.0 46.0 8.0 -2.0
46.0 6.0 18.0 46.0 6.0 -2.0
46.0 6.0 16.0 44.0 2.0 -2.0
50.0 0.0 16.0 44.0 0.0 -4.0
50.0 -2.0 20.0 44.0 2.0 -4.0
52.0 -2.0 20.0 44.0 2.0 -6.0
52.0 -2.0 18.0 40.0 2.0 -10.0
52.0 0.0 16.0 38.0 0.0 -12.0
48.0 0.0 14.0 40.0 -8.0 -10.0
40.0 0.0 14.0 38.0 -4.0 -8.0
40.0 2.0 14.0 42.0 -4.0 -4.0
50.0 2.0 20.0 42.0 2.0 -4.0
50.0 2.0 20.0 42.0 2.0 -4.0
50.0 0.0 16.0 44.0 2.0 -4.0
40.0 0.0 16.0 46.0 0.0 -2.0
40.0 -6.0 16.0 46.0 0.0 -2.0
44.0 4.0 16.0 44.0 0.0 -8.0
44.0 4.0 12.0 38.0 0.0 -16.0
44.0 4.0 12.0 42.0 8.0 -16.0
44.0 0.0 20.0 42.0 2.0 -14.0
46.0 0.0 20.0 50.0 8.0 -4.0
50.0 0.0 24.0 50.0 12.0 -6.0
46.0 -4.0 16.0 44.0 12.0 -6.0
48.0 -4.0 20.0 42.0 8.0 -6.0
46.0 -2.0 16.0 42.0 2.0 -6.0
46.0 2.0 16.0 42.0 2.0 -6.0
46.0 2.0 16.0 44.0 4.0 -6.0
50.0 2.0 14.0 44.0 6.0 -6.0
50.0 4.0 18.0 46.0 6.0 -6.0
50.0 4.0 20.0 46.0 6.0 -2.0
