# Target: wrist_down
# Dominant_Vision: Open Hand
0.0 0.0 0.0 0.0 0.0 -6.0
4.0 0.0 2.0 0.0 -6.0 0.0
4.0 0.0 4.0 10.0 -50.0 -6.0
2.0 0.0 4.0 10.0 -6.0 -8.0
-2.0 -6.0 0.0 10.0 2.0 -8.0
-2.0 0.0 -2.0 10.0 2.0 -4.0
0.0 2.0 0.0 10.0 2.0 -4.0
0.0 2.0 2.0 10.0 6.0 -6.0
4.0 4.0 2.0 10.0 6.0 -8.0
4.0 6.0 2.0 6.0 0.0 -6.0
6.0 8.0 2.0 12.0 -2.0 -10.0
8.0 8.0 0.0 12.0 -4.0 -8.0
10.0 6.0 2.0 12.0 -4.0 -8.0
8.0 6.0 0.0 12.0 -4.0 -6.0
8.0 6.0 4.0 6.0 -4.0 -6.0
8.0 2.0 -4.0 10.0 -4.0 -8.0
8.0 6.0 -6.0 10.0 4.0 -8.0
8.0 4.0 -6.0 14.0 6.0 -4.0
4.0 6.0 2.0 14.0 4.0 -4.0
2.0 10.0 4.0 14.0 2.0 -4.0
2.0 14.0 4.0 6.0 2.0 -6.0
2.0 14.0 4.0 2.0 -2.0 -8.0
4.0 8.0 4.0 6.0 2.0 -12.0
4.0 -4.0 4.0 6.0 2.0 -12.0
4.0 2.0 -4.0 10.0 2.0 -2.0
0.0 2.0 4.0 12.0 8.0 -2.0
0.0 4.0 4.0 12.0 4.0 -4.0
0.0 4.0 6.0 12.0 6.0 -6.0
-2.0 -2.0 6.0 12.0 4.0 -4.0
8.0 -2.0 6.0 16.0 6.0 -8.0
18.0 2.0 4.0 28.0 10.0 -4.0
24.0 6.0 4.0 36.0 10.0 -8.0
48.0 10.0 4.0 68.0 12.0 4.0
70.0 12.0 12.0 78.0 12.0 6.0
84.0 12.0 14.0 96.0 22.0 6.0
100.0 12.0 14.0 98.0 36.0 6.0
100.0 10.0 14.0 100.0 44.0 4.0
100.0 10.0 34.0 100.0 70.0 4.0
100.0 12.0 40.0 100.0 100.0 4.0
100.0 12.0 50.0 100.0 100.0 10.0
100.0 10.0 60.0 100.0 100.0 10.0
100.0 10.0 62.0 100.0 100.0 18.0
100.0 12.0 66.0 100.0 100.0 18.0
100.0 20.0 100.0 100.0 100.0 18.0
100.0 22.0 100.0 100.0 100.0 18.0
100.0 22.0 100.0 100.0 100.0 24.0
100.0 26.0 100.0 100.0 100.0 24.0
100.0 28.0 100.0 100.0 100.0 22.0
100.0 30.0 100.0 100.0 100.0 22.0
100.0 32.0 100.0 100.0 100.0 22.0
100.0 34.0 100.0 100.0 100.0 22.0
100.0 34.0 100.0 100.0 100.0 20.0
100.0 34.0 100.0 100.0 100.0 18.0
100.0 30.0 100.0 100.0 100.0 18.0
100.0 30.0 100.0 100.0 100.0 14.0
100.0 30.0 100.0 100.0 100.0 14.0
100.0 26.0 100.0 100.0 100.0 12.0
100.0 -16.0 100.0 100.0 100.0 12.0
100.0 22.0 100.0 100.0 100.0 12.0
100.0 22.0 100.0 100.0 100.0 12.0
100.0 22.0 100.0 100.0 100.0 12.0
100.0 24.0 100.0 100.0 100.0 10.0
100.0 16.0 100.0 100.0 100.0 8.0
100.0 16.0 100.0 100.0 100.0 6.0
100.0 14.0 100.0 100.0 100.0 8.0
100.0 12.0 94.0 100.0 100.0 4.0
100.0 8.0 86.0 100.0 100.0 4.0
100.0 8.0 78.0 100.0 74.0 -2.0
100.0 2.0 62.0 100.0 74.0 -4.0
100.0 2.0 58.0 100.0 46.0 -4.0
100.0 2.0 54.0 100.0 40.0 -4.0
100.0 2.0 54.0 100.0 34.0 -8.0
100.0 0.0 48.0 100.0 26.0 -8.0
100.0 0.0 32.0 100.0 26.0 -10.0
100.0 0.0 32.0 100.0 16.0 -10.0
100.0 12.0 32.0 100.0 16.0 -10.0
100.0 12.0 28.0 100.0 14.0 -10.0
100.0 4.0 28.0 100.0 12.0 -6.0
100.0 4.0 28.0 98.0 12.0 -14.0
88.0 4.0 26.0 98.0 12.0 -10.0
78.0 12.0 26.0 96.0 12.0 -16.0
76.0 6.0 26.0 96.0 10.0 -10.0
76.0 8.0 26.0 92.0 12.0 -8.0
76.0 8.0 20.0 90.0 10.0 -8.0
64.0 12.0 20.0 86.0 8.0 -8.0
64.0 12.0 22.0 86.0 6.0 -8.0
66.0 10.0 22.0 84.0 8.0 -6.0
66.0 6.0 28.0 76.0 6.0 -6.0
66.0 -2.0 16.0 76.0 8.0 -6.0
62.0 -2.0 26.0 76.0 6.0 -8.0
64.0 6.0 16.0 80.0 8.0 -10.0
64.0 10.0 18.0 74.0 10.0 -10.0
64.0 10.0 18.0 74.0 10.0 -10.0
62.0 10.0 18.0 70.0 8.0 -8.0
62.0 12.0 12.0 66.0 8.0 -6.0
62.0 6.0 12.0 66.0 8.0 -6.0
62.0 10.0 12.0 68.0 8.0 -8.0
62.0 6.0 12.0 68.0 4.0 -8.0
62.0 10.0 10.0 64.0 4.0 -12.0
62.0 10.0 10.0 64.0 4.0 -4.0
62.0 10.0 10.0 64.0 4.0 -4.0
60.0 6.0 2.0 68.0 4.0 -4.0
60.0 6.0 2.0 68.0 8.0 -6.0
60.0 8.0 10.0 64.0 8.0 -6.0
58.0 8.0 10.0 60.0 8.0 -12.0
58.0 8.0 10.0 64.0 6.0 -12.0
58.0 8.0 8.0 62.0 4.0 -12.0
54.0 8.0 16.0 62.0 4.0 -10.0
54.0 8.0 14.0 58.0 -4.0 -10.0
56.0 10.0 14.0 58.0 6.0 -8.0
56.0 10.0 12.0 50.0 6.0 -12.0
56.0 8.0 10.0 50.0 6.0 -12.0
48.0 8.0 10.0 54.0 6.0 -12.0
50.0 8.0 10.0 56.0 0.0 -12.0
48.0 6.0 10.0 56.0 0.0 -6.0
50.0 6.0 10.0 56.0 6.0 -8.0
56.0 6.0 10.0 56.0 10.0 -4.0
56.0 6.0 10.0 60.0 10.0 -8.0
52.0 8.0 10.0 56.0 4.0 -8.0
48.0 6.0 8.0 56.0 4.0 -8.0
48.0 2.0 12.0 56.0 4.0 -12.0
48.0 2.0 8.0 50.0 4.0 -12.0
-8.0 2.0 4.0 50.0 4.0 -12.0
52.0 10.0 4.0 50.0 4.0 -10.0
-8.0 10.0 8.0 54.0 6.0 -8.0
48.0 10.0 12.0 54.0 6.0 -8.0
48.0 10.0 8.0 54.0 4.0 -10.0
48.0 8.0 4.0 60.0 4.0 -10.0
48.0 8.0 4.0 50.0 2.0 -10.0
50.0 4.0 6.0 50.0 4.0 -4.0
44.0 4.0 14.0 50.0 2.0 -4.0
44.0 4.0 14.0 48.0 4.0 -2.0
44.0 4.0 14.0 54.0 2.0 -8.0
44.0 4.0 10.0 54.0 -4.0 -8.0
48.0 -38.0 14.0 54.0 -4.0 -10.0
48.0 12.0 12.0 54.0 2.0 -10.0
48.0 8.0 12.0 48.0 2.0 -10.0
48.0 8.0 12.0 48.0 2.0 -10.0
48.0 -2.0 10.0 48.0 4.0 -8.0
44.0 -2.0 10.0 54.0 2.0 -8.0
44.0 0.0 4.0 54.0 4.0 -8.0
44.0 0.0 4.0 48.0 6.0 -4.0
42.0 0.0 14.0 48.0 6.0 -2.0
42.0 4.0 14.0 54.0 6.0 -4.0
46.0 4.0 14.0 54.0 0.0 -8.0
48.0 4.0 12.0 54.0 -2.0 -8.0
48.0 4.0 8.0 56.0 -2.0 -8.0
50.0 6.0 8.0 56.0 -2.0 -8.0
50.0 6.0 8.0 56.0 -2.0 -6.0
50.0 6.0 8.0 52.0 2.0 -6.0
46.0 4.0 8.0 50.0 2.0 -6.0
46.0 4.0 8.0 50.0 8.0 -8.0
52.0 4.0 8.0 50.0 8.0 -8.0
52.0 10.0 8.0 48.0 8.0 -6.0
52.0 10.0 6.0 48.0 6.0 -6.0
40.0 8.0 12.0 54.0 6.0 -4.0
40.0 2.0 12.0 54.0 6.0 -4.0
44.0 2.0 12.0 50.0 0.0 -6.0
50.0 2.0 10.0 50.0 6.0 -8.0
50.0 2.0 10.0 56.0 -2.0 -8.0
52.0 2.0 10.0 56.0 -2.0 -8.0
50.0 2.0 12.0 48.0 -2.0 -8.0
50.0 8.0 12.0 44.0 2.0 -6.0
46.0 12.0 10.0 44.0 2.0 -8.0
46.0 12.0 8.0 54.0 2.0 -4.0
46.0 10.0 10.0 54.0 2.0 -12.0
46.0 10.0 12.0 46.0 4.0 -10.0
44.0 2.0 12.0 46.0 4.0 -10.0
48.0 2.0 6.0 46.0 4.0 -6.0
44.0 2.0 6.0 50.0 10.0 -6.0
48.0 4.0 8.0 52.0 10.0 -8.0
46.0 8.0 8.0 52.0 10.0 -12.0
48.0 4.0 8.0 50.0 4.0 -12.0
46.0 6.0 8.0 50.0 4.0 -12.0
46.0 2.0 6.0 48.0 4.0 -12.0
46.0 2.0 6.0 42.0 8.0 -10.0
46.0 2.0 6.0 42.0 8.0 -4.0
46.0 2.0 14.0 58.0 10.0 -4.0
42.0 4.0 8.0 58.0 4.0 -6.0
42.0 4.0 8.0 54.0 8.0 -16.0
48.0 4.0 6.0 54.0 6.0 -16.0
48.0 6.0 6.0 50.0 8.0 -16.0
46.0 8.0 6.0 50.0 8.0 -8.0
46.0 8.0 6.0 46.0 8.0 -8.0
46.0 10.0 10.0 46.0 8.0 -8.0
48.0 0.0 12.0 48.0 8.0 -8.0
48.0 4.0 14.0 48.0 8.0 -12.0
46.0 4.0 14.0 42.0 2.0 -8.0
40.0 4.0 8.0 42.0 -2.0 -12.0
44.0 4.0 8.0 58.0 2.0 -8.0
44.0 4.0 10.0 58.0 2.0 -12.0
46.0 8.0 10.0 54.0 10.0 -6.0
50.0 8.0 8.0 54.0 2.0 -4.0
50.0 8.0 8.0 50.0 2.0 -4.0
50.0 4.0 8.0 50.0 0.0 -6.0
44.0 0.0 6.0 52.0 -8.0 -8.0
44.0 0.0 6.0 52.0 0.0 -12.0
44.0 6.0 10.0 52.0 8.0 -8.0
48.0 6.0 10.0 60.0 8.0 -8.0
48.0 4.0 10.0 60.0 6.0 -6.0
48.0 4.0 12.0 42.0 6.0 -4.0
48.0 6.0 12.0 42.0 6.0 -4.0
42.0 6.0 12.0 54.0 6.0 -8.0
42.0 6.0 8.0 54.0 2.0 -8.0
48.0 4.0 8.0 54.0 2.0 -6.0
48.0 8.0 12.0 54.0 2.0 -2.0
48.0 8.0 12.0 58.0 8.0 -2.0
46.0 8.0 6.0 52.0 8.0 -2.0
48.0 10.0 6.0 58.0 4.0 -6.0
48.0 2.0 6.0 58.0 4.0 -6.0
50.0 2.0 14.0 58.0 6.0 -6.0
50.0 2.0 6.0 54.0 6.0 -4.0
48.0 10.0 6.0 52.0 -2.0 -6.0
44.0 10.0 6.0 50.0 -2.0 -4.0
46.0 10.0 6.0 46.0 2.0 -2.0
44.0 10.0 2.0 46.0 2.0 -2.0
46.0 10.0 6.0 52.0 8.0 -2.0
46.0 4.0 8.0 56.0 8.0 -10.0
46.0 2.0 8.0 58.0 4.0 -10.0
46.0 4.0 6.0 58.0 4.0 -10.0
46.0 2.0 4.0 58.0 2.0 -14.0
48.0 2.0 4.0 52.0 2.0 -14.0
48.0 2.0 6.0 52.0 0.0 -2.0
44.0 2.0 8.0 56.0 2.0 0.0
44.0 10.0 8.0 56.0 0.0 0.0
4.0 -32.0 8.0 60.0 4.0 -6.0
50.0 4.0 6.0 58.0 4.0 -12.0
50.0 -40.0 10.0 58.0 6.0 -12.0
50.0 4.0 6.0 54.0 6.0 -12.0
44.0 8.0 6.0 52.0 6.0 -10.0
44.0 8.0 6.0 52.0 6.0 -10.0
40.0 6.0 8.0 56.0 10.0 -10.0
40.0 4.0 10.0 56.0 10.0 -8.0
40.0 4.0 10.0 54.0 6.0 -8.0
42.0 6.0 14.0 54.0 6.0 -8.0
40.0 6.0 14.0 56.0 4.0 -8.0
