# Target: wrist_down
# Dominant_Vision: Open Hand
0.0 2.0 -12.0 -8.0 0.0 -4.0
-4.0 0.0 -6.0 -2.0 0.0 0.0
-4.0 2.0 -12.0 -2.0 0.0 -4.0
-4.0 0.0 -8.0 -2.0 4.0 6.0
-10.0 0.0 -12.0 -2.0 4.0 6.0
-10.0 -4.0 -12.0 -2.0 0.0 10.0
-4.0 -4.0 -12.0 0.0 0.0 10.0
-4.0 -4.0 -10.0 -6.0 0.0 8.0
-6.0 0.0 -10.0 0.0 2.0 2.0
-6.0 0.0 -4.0 0.0 2.0 4.0
2.0 0.0 -12.0 0.0 2.0 4.0
2.0 0.0 -10.0 -4.0 2.0 4.0
-6.0 0.0 -10.0 -4.0 2.0 4.0
-6.0 0.0 -8.0 -4.0 0.0 2.0
-10.0 -8.0 -8.0 -4.0 2.0 4.0
-8.0 -8.0 -4.0 -4.0 -2.0 4.0
-8.0 4.0 -12.0 -4.0 2.0 4.0
-8.0 4.0 -2.0 -4.0 2.0 4.0
-2.0 0.0 -12.0 2.0 2.0 6.0
-8.0 0.0 -12.0 2.0 6.0 6.0
-8.0 -4.0 -12.0 0.0 6.0 0.0
-8.0 -2.0 -16.0 -2.0 -8.0 0.0
2.0 -4.0 -16.0 0.0 -8.0 6.0
4.0 -6.0 -12.0 0.0 -4.0 8.0
6.0 -6.0 -10.0 18.0 2.0 8.0
8.0 0.0 -10.0 18.0 4.0 8.0
10.0 8.0 -6.0 24.0 6.0 8.0
24.0 8.0 -10.0 36.0 4.0 18.0
28.0 2.0 -2.0 36.0 10.0 18.0
60.0 2.0 -2.0 80.0 20.0 14.0
72.0 2.0 10.0 100.0 24.0 10.0
100.0 4.0 14.0 100.0 34.0 14.0
100.0 -4.0 14.0 100.0 48.0 18.0
100.0 2.0 36.0 100.0 88.0 18.0
100.0 2.0 44.0 100.0 100.0 18.0
100.0 2.0 52.0 100.0 100.0 28.0
100.0 6.0 54.0 100.0 100.0 18.0
100.0 6.0 70.0 100.0 100.0 28.0
100.0 12.0 76.0 100.0 100.0 36.0
100.0 18.0 84.0 100.0 100.0 40.0
100.0 20.0 94.0 100.0 100.0 40.0
100.0 32.0 96.0 100.0 100.0 38.0
100.0 32.0 100.0 100.0 100.0 34.0
100.0 32.0 100.0 100.0 100.0 34.0
100.0 32.0 100.0 100.0 100.0 32.0
100.0 28.0 100.0 100.0 100.0 28.0
100.0 28.0 100.0 100.0 100.0 28.0
100.0 28.0 100.0 100.0 100.0 26.0
100.0 22.0 100.0 100.0 100.0 26.0
100.0 24.0 100.0 100.0 100.0 26.0
100.0 14.0 100.0 100.0 100.0 26.0
100.0 20.0 100.0 100.0 100.0 26.0
100.0 18.0 98.0 100.0 100.0 32.0
100.0 18.0 98.0 100.0 100.0 20.0
100.0 10.0 98.0 100.0 100.0 20.0
100.0 4.0 84.0 100.0 100.0 20.0
100.0 4.0 76.0 100.0 100.0 16.0
100.0 -2.0 74.0 100.0 92.0 12.0
100.0 -2.0 58.0 100.0 92.0 12.0
100.0 -2.0 58.0 100.0 88.0 6.0
100.0 -2.0 58.0 100.0 68.0 14.0
100.0 -6.0 44.0 100.0 44.0 12.0
100.0 -2.0 40.0 100.0 36.0 12.0
100.0 0.0 36.0 100.0 34.0 8.0
100.0 0.0 32.0 100.0 32.0 8.0
100.0 0.0 30.0 100.0 28.0 8.0
100.0 0.0 24.0 100.0 20.0 8.0
100.0 -2.0 18.0 96.0 18.0 8.0
100.0 -4.0 16.0 90.0 16.0 8.0
100.0 -6.0 14.0 66.0 14.0 6.0
100.0 -4.0 14.0 64.0 14.0 6.0
90.0 -4.0 16.0 50.0 12.0 2.0
90.0 -4.0 16.0 46.0 12.0 2.0
90.0 0.0 8.0 46.0 12.0 2.0
58.0 -2.0 8.0 46.0 12.0 2.0
58.0 -2.0 16.0 48.0 12.0 0.0
52.0 -4.0 16.0 48.0 12.0 6.0
46.0 -4.0 8.0 44.0 6.0 4.0
46.0 0.0 0.0 40.0 6.0 4.0
46.0 0.0 0.0 36.0 8.0 0.0
44.0 -6.0 4.0 36.0 8.0 0.0
42.0 -8.0 4.0 36.0 4.0 4.0
42.0 -8.0 0.0 36.0 4.0 6.0
38.0 -10.0 0.0 40.0 4.0 6.0
38.0 -10.0 0.0 32.0 10.0 6.0
44.0 -8.0 4.0 34.0 4.0 4.0
44.0 -6.0 4.0 34.0 4.0 4.0
44.0 -6.0 8.0 34.0 4.0 6.0
46.0 0.0 8.0 34.0 6.0 6.0
50.0 -6.0 0.0 16.0 6.0 2.0
46.0 -14.0 0.0 16.0 8.0 0.0
46.0 -14.0 0.0 8.0 10.0 0.0
46.0 -6.0 -2.0 8.0 10.0 2.0
46.0 -6.0 -2.0 8.0 14.0 2.0
46.0 -10.0 4.0 14.0 14.0 2.0
46.0 -16.0 4.0 14.0 2.0 -2.0
40.0 -16.0 2.0 12.0 2.0 4.0
40.0 -6.0 2.0 12.0 2.0 12.0
38.0 4.0 2.0 6.0 2.0 12.0
40.0 4.0 0.0 12.0 2.0 2.0
40.0 -8.0 0.0 6.0 0.0 2.0
40.0 -8.0 0.0 6.0 4.0 12.0
42.0 -8.0 -8.0 4.0 2.0 12.0
42.0 -8.0 -8.0 2.0 2.0 10.0
42.0 -6.0 -8.0 4.0 2.0 4.0
38.0 -6.0 -4.0 6.0 6.0 4.0
38.0 -6.0 -2.0 12.0 6.0 -2.0
38.0 -6.0 -2.0 12.0 6.0 0.0
38.0 -2.0 -2.0 0.0 4.0 0.0
40.0 -6.0 -2.0 -34.0 4.0 0.0
40.0 -2.0 -2.0 -2.0 2.0 4.0
38.0 -6.0 -4.0 -2.0 2.0 -4.0
36.0 -6.0 -6.0 -2.0 2.0 2.0
38.0 -6.0 -6.0 2.0 -4.0 0.0
36.0 -4.0 -6.0 2.0 -2.0 0.0
40.0 -4.0 -6.0 6.0 -2.0 0.0
40.0 -4.0 -2.0 6.0 -2.0 -2.0
40.0 4.0 -2.0 6.0 -2.0 8.0
36.0 4.0 -2.0 -2.0 -2.0 -2.0
36.0 -4.0 2.0 -2.0 -4.0 -2.0
36.0 -4.0 2.0 12.0 -2.0 -2.0
32.0 -4.0 2.0 12.0 -2.0 6.0
32.0 -4.0 4.0 14.0 0.0 6.0
36.0 -4.0 0.0 8.0 2.0 6.0
36.0 4.0 6.0 8.0 2.0 -2.0
36.0 4.0 0.0 2.0 2.0 4.0
36.0 -4.0 0.0 0.0 2.0 4.0
40.0 -4.0 0.0 0.0 2.0 4.0
38.0 -4.0 0.0 0.0 -10.0 4.0
40.0 -4.0 0.0 2.0 -10.0 0.0
38.0 -4.0 0.0 6.0 -6.0 0.0
44.0 -4.0 0.0 6.0 -2.0 2.0
40.0 0.0 0.0 2.0 0.0 4.0
40.0 -4.0 0.0 2.0 2.0 4.0
38.0 0.0 0.0 4.0 2.0 4.0
36.0 -4.0 4.0 4.0 4.0 4.0
36.0 -4.0 2.0 8.0 4.0 2.0
40.0 -4.0 2.0 2.0 4.0 2.0
40.0 -8.0 2.0 8.0 4.0 2.0
44.0 -4.0 0.0 16.0 4.0 4.0
40.0 -4.0 0.0 16.0 2.0 4.0
42.0 -2.0 0.0 16.0 2.0 8.0
40.0 -2.0 0.0 10.0 -2.0 8.0
36.0 -6.0 -2.0 10.0 -2.0 8.0
36.0 -6.0 -6.0 10.0 -6.0 0.0
36.0 -6.0 -6.0 10.0 -2.0 -4.0
40.0 -6.0 -4.0 8.0 0.0 -4.0
36.0 -6.0 -4.0 6.0 0.0 0.0
38.0 -12.0 -8.0 4.0 0.0 2.0
38.0 -12.0 -8.0 -2.0 0.0 0.0
38.0 -4.0 -12.0 -2.0 2.0 0.0
42.0 -4.0 0.0 4.0 2.0 -2.0
42.0 -4.0 0.0 4.0 2.0 -4.0
38.0 -6.0 2.0 4.0 2.0 -4.0
38.0 -6.0 2.0 8.0 2.0 4.0
38.0 -8.0 -4.0 8.0 0.0 4.0
34.0 -10.0 -8.0 0.0 0.0 -2.0
34.0 -8.0 -4.0 0.0 0.0 -2.0
40.0 -6.0 2.0 0.0 0.0 2.0
40.0 -4.0 2.0 -6.0 -2.0 2.0
40.0 -4.0 2.0 -6.0 -2.0 0.0
32.0 -2.0 -2.0 -2.0 -2.0 -4.0
38.0 -2.0 -2.0 -2.0 0.0 0.0
38.0 -2.0 -4.0 6.0 0.0 0.0
38.0 -4.0 -4.0 6.0 2.0 2.0
36.0 -6.0 0.0 6.0 2.0 12.0
36.0 -6.0 2.0 6.0 0.0 12.0
36.0 -2.0 0.0 6.0 0.0 12.0
32.0 -2.0 0.0 6.0 0.0 4.0
32.0 -2.0 -4.0 0.0 -2.0 4.0
34.0 -2.0 -4.0 0.0 -2.0 0.0
36.0 -2.0 -8.0 6.0 -2.0 0.0
40.0 0.0 -4.0 8.0 0.0 0.0
40.0 -6.0 -4.0 12.0 0.0 4.0
38.0 -10.0 -4.0 8.0 0.0 4.0
36.0 -10.0 2.0 6.0 0.0 4.0
36.0 -10.0 -2.0 6.0 2.0 0.0
36.0 -10.0 -2.0 4.0 4.0 0.0
36.0 -12.0 -4.0 4.0 4.0 0.0
40.0 -12.0 -4.0 8.0 2.0 2.0
40.0 -6.0 -4.0 8.0 2.0 2.0
40.0 -4.0 -4.0 2.0 2.0 0.0
38.0 -6.0 -4.0 2.0 2.0 0.0
34.0 -16.0 0.0 0.0 2.0 2.0
34.0 -16.0 0.0 0.0 2.0 6.0
34.0 -4.0 0.0 0.0 6.0 6.0
34.0 -4.0 -2.0 0.0 2.0 6.0
40.0 -4.0 -4.0 4.0 -4.0 6.0
40.0 -6.0 -4.0 4.0 -4.0 6.0
40.0 0.0 -4.0 4.0 2.0 4.0
34.0 -6.0 -4.0 4.0 2.0 2.0
34.0 -4.0 -2.0 6.0 2.0 4.0
34.0 -4.0 -6.0 6.0 -4.0 8.0
34.0 -4.0 -6.0 6.0 -4.0 8.0
34.0 -4.0 -6.0 6.0 6.0 6.0
34.0 -4.0 0.0 2.0 6.0 6.0
34.0 -4.0 0.0 2.0 6.0 6.0
34.0 -4.0 -4.0 10.0 2.0 6.0
36.0 -6.0 -4.0 14.0 0.0 6.0
32.0 -6.0 -4.0 14.0 0.0 6.0
32.0 0.0 0.0 6.0 0.0 6.0
32.0 0.0 2.0 0.0 0.0 6.0
34.0 -2.0 2.0 2.0 6.0 2.0
34.0 -2.0 0.0 2.0 6.0 0.0
30.0 -2.0 -6.0 2.0 2.0 0.0
30.0 -2.0 -6.0 6.0 0.0 2.0
32.0 -4.0 -6.0 6.0 -2.0 2.0
34.0 -4.0 -6.0 6.0 -2.0 2.0
32.0 -38.0 -6.0 6.0 0.0 4.0
32.0 -38.0 -4.0 6.0 4.0 4.0
32.0 -6.0 -6.0 8.0 4.0 4.0
32.0 0.0 0.0 8.0 6.0 2.0
36.0 -6.0 -6.0 6.0 -6.0 -2.0
32.0 0.0 -4.0 4.0 6.0 -2.0
36.0 -4.0 -4.0 4.0 6.0 2.0
44.0 -4.0 -4.0 4.0 6.0 4.0
44.0 -4.0 -6.0 2.0 6.0 12.0
44.0 -2.0 -6.0 -2.0 0.0 12.0
38.0 -2.0 -4.0 -12.0 0.0 8.0
38.0 -38.0 -2.0 -12.0 -4.0 6.0
38.0 -38.0 -2.0 -2.0 -2.0 4.0
32.0 -20.0 -6.0 6.0 -2.0 2.0
32.0 -8.0 -6.0 6.0 -2.0 2.0
32.0 -8.0 0.0 6.0 0.0 4.0
38.0 -8.0 0.0 10.0 -2.0 4.0
38.0 -10.0 2.0 10.0 -2.0 -4.0
38.0 -4.0 2.0 -2.0 -6.0 -4.0
38.0 -6.0 2.0 -2.0 -6.0 -2.0
