# Target: wrist_down
# Dominant_Vision: Open Hand
8.0 10.0 0.0 6.0 -8.0 2.0
0.0 10.0 -2.0 6.0 -2.0 2.0
4.0 10.0 -2.0 6.0 -6.0 8.0
4.0 8.0 0.0 10.0 -6.0 8.0
4.0 8.0 8.0 10.0 -6.0 8.0
4.0 6.0 0.0 4.0 -4.0 8.0
4.0 8.0 0.0 -2.0 -4.0 6.0
4.0 4.0 0.0 -2.0 -8.0 6.0
2.0 8.0 0.0 4.0 -8.0 6.0
0.0 4.0 0.0 10.0 -6.0 6.0
0.0 2.0 -2.0 4.0 -4.0 2.0
-2.0 0.0 -2.0 2.0 -4.0 10.0
0.0 2.0 -2.0 0.0 -4.0 8.0
6.0 10.0 4.0 2.0 -2.0 8.0
6.0 10.0 4.0 6.0 -2.0 8.0
6.0 8.0 0.0 6.0 -10.0 12.0
4.0 4.0 -6.0 4.0 -10.0 12.0
4.0 8.0 0.0 0.0 -6.0 10.0
4.0 10.0 -6.0 4.0 -4.0 10.0
4.0 10.0 8.0 8.0 -6.0 10.0
6.0 8.0 4.0 10.0 -6.0 8.0
8.0 8.0 4.0 10.0 -6.0 6.0
8.0 6.0 0.0 18.0 0.0 6.0
8.0 10.0 0.0 18.0 0.0 6.0
8.0 6.0 -2.0 20.0 0.0 10.0
10.0 10.0 2.0 48.0 -10.0 14.0
20.0 8.0 -2.0 68.0 -4.0 14.0
34.0 8.0 2.0 84.0 -4.0 4.0
50.0 8.0 -4.0 100.0 2.0 4.0
64.0 20.0 4.0 100.0 4.0 6.0
90.0 26.0 10.0 100.0 24.0 14.0
100.0 34.0 12.0 100.0 38.0 14.0
100.0 38.0 20.0 100.0 40.0 14.0
100.0 56.0 28.0 100.0 44.0 14.0
100.0 58.0 42.0 100.0 64.0 16.0
100.0 62.0 54.0 100.0 100.0 30.0
100.0 74.0 68.0 100.0 100.0 28.0
100.0 74.0 70.0 100.0 100.0 28.0
100.0 76.0 74.0 100.0 100.0 28.0
100.0 84.0 74.0 100.0 100.0 32.0
100.0 84.0 82.0 100.0 100.0 32.0
100.0 98.0 86.0 100.0 100.0 32.0
100.0 100.0 94.0 100.0 100.0 34.0
100.0 100.0 100.0 100.0 100.0 34.0
100.0 100.0 100.0 100.0 100.0 34.0
100.0 100.0 100.0 100.0 100.0 34.0
100.0 100.0 100.0 100.0 100.0 34.0
100.0 100.0 100.0 100.0 100.0 36.0
100.0 100.0 100.0 100.0 100.0 36.0
100.0 100.0 100.0 100.0 100.0 36.0
100.0 100.0 100.0 100.0 100.0 36.0
100.0 100.0 100.0 100.0 100.0 36.0
100.0 100.0 100.0 100.0 100.0 36.0
100.0 100.0 100.0 100.0 100.0 36.0
100.0 100.0 100.0 100.0 100.0 30.0
100.0 100.0 100.0 100.0 100.0 36.0
100.0 100.0 100.0 100.0 100.0 34.0
100.0 100.0 100.0 100.0 100.0 34.0
100.0 100.0 100.0 100.0 100.0 32.0
100.0 100.0 100.0 100.0 100.0 32.0
100.0 100.0 100.0 100.0 100.0 34.0
100.0 100.0 100.0 100.0 100.0 34.0
100.0 100.0 100.0 100.0 100.0 34.0
100.0 100.0 100.0 100.0 100.0 34.0
100.0 100.0 100.0 100.0 100.0 38.0
100.0 100.0 100.0 100.0 100.0 40.0
100.0 100.0 100.0 100.0 100.0 40.0
100.0 100.0 100.0 100.0 100.0 38.0
100.0 100.0 100.0 100.0 100.0 36.0
100.0 100.0 100.0 100.0 100.0 36.0
100.0 100.0 100.0 100.0 100.0 36.0
100.0 100.0 100.0 100.0 100.0 38.0
100.0 100.0 100.0 100.0 100.0 38.0
100.0 100.0 100.0 100.0 100.0 38.0
100.0 100.0 100.0 100.0 100.0 32.0
100.0 100.0 100.0 100.0 100.0 38.0
100.0 100.0 100.0 100.0 100.0 34.0
100.0 100.0 100.0 100.0 100.0 34.0
100.0 100.0 100.0 100.0 100.0 32.0
100.0 100.0 100.0 100.0 100.0 32.0
100.0 100.0 100.0 100.0 100.0 32.0
100.0 100.0 100.0 100.0 100.0 32.0
100.0 100.0 100.0 100.0 100.0 32.0
100.0 100.0 100.0 100.0 100.0 32.0
100.0 100.0 100.0 100.0 100.0 32.0
100.0 100.0 100.0 100.0 100.0 36.0
100.0 100.0 100.0 100.0 100.0 36.0
100.0 100.0 100.0 100.0 100.0 36.0
100.0 100.0 100.0 100.0 100.0 34.0
100.0 100.0 100.0 100.0 100.0 30.0
100.0 100.0 100.0 100.0 100.0 32.0
100.0 100.0 100.0 100.0 100.0 28.0
100.0 100.0 100.0 100.0 100.0 28.0
100.0 100.0 100.0 100.0 100.0 28.0
100.0 100.0 100.0 100.0 100.0 30.0
100.0 100.0 100.0 100.0 100.0 30.0
100.0 100.0 100.0 100.0 100.0 30.0
100.0 100.0 100.0 100.0 100.0 30.0
100.0 100.0 100.0 100.0 100.0 30.0
100.0 100.0 100.0 100.0 100.0 28.0
100.0 100.0 100.0 100.0 100.0 24.0
100.0 100.0 100.0 100.0 100.0 24.0
100.0 100.0 100.0 100.0 100.0 24.0
100.0 100.0 100.0 100.0 100.0 20.0
100.0 100.0 100.0 100.0 100.0 20.0
100.0 100.0 100.0 100.0 100.0 20.0
100.0 84.0 100.0 100.0 100.0 20.0
100.0 72.0 90.0 100.0 100.0 18.0
100.0 72.0 84.0 100.0 100.0 16.0
100.0 70.0 78.0 100.0 100.0 16.0
100.0 66.0 70.0 100.0 100.0 14.0
100.0 56.0 58.0 100.0 100.0 12.0
100.0 56.0 56.0 100.0 100.0 8.0
100.0 48.0 56.0 100.0 100.0 6.0
100.0 46.0 44.0 100.0 96.0 8.0
100.0 38.0 28.0 100.0 70.0 4.0
100.0 38.0 26.0 100.0 62.0 -4.0
96.0 44.0 20.0 100.0 54.0 -4.0
90.0 44.0 18.0 100.0 48.0 2.0
84.0 44.0 14.0 100.0 40.0 2.0
80.0 38.0 12.0 100.0 36.0 2.0
70.0 38.0 12.0 100.0 36.0 -4.0
68.0 40.0 10.0 100.0 34.0 -2.0
60.0 40.0 10.0 100.0 32.0 -2.0
56.0 38.0 10.0 100.0 28.0 -2.0
44.0 38.0 8.0 100.0 28.0 -2.0
42.0 46.0 6.0 100.0 28.0 -8.0
40.0 46.0 0.0 100.0 30.0 -8.0
40.0 38.0 0.0 100.0 30.0 0.0
32.0 34.0 6.0 100.0 30.0 4.0
32.0 38.0 8.0 90.0 30.0 8.0
30.0 34.0 6.0 90.0 30.0 8.0
22.0 38.0 8.0 100.0 28.0 2.0
20.0 40.0 10.0 100.0 24.0 2.0
20.0 40.0 10.0 82.0 24.0 2.0
22.0 42.0 4.0 82.0 24.0 2.0
22.0 42.0 4.0 82.0 24.0 0.0
16.0 34.0 6.0 82.0 16.0 2.0
16.0 34.0 6.0 82.0 16.0 -2.0
14.0 38.0 2.0 84.0 16.0 -2.0
14.0 44.0 0.0 84.0 14.0 -2.0
12.0 42.0 0.0 80.0 14.0 0.0
10.0 42.0 4.0 78.0 12.0 2.0
12.0 42.0 4.0 78.0 16.0 2.0
12.0 34.0 0.0 78.0 10.0 2.0
14.0 34.0 0.0 78.0 22.0 6.0
14.0 34.0 0.0 80.0 22.0 2.0
14.0 36.0 2.0 80.0 22.0 4.0
12.0 36.0 -4.0 76.0 22.0 4.0
12.0 38.0 2.0 72.0 12.0 4.0
10.0 38.0 2.0 72.0 30.0 10.0
14.0 36.0 2.0 68.0 20.0 2.0
10.0 36.0 -2.0 70.0 20.0 2.0
14.0 34.0 -4.0 68.0 20.0 2.0
22.0 38.0 -4.0 66.0 24.0 2.0
22.0 34.0 -4.0 66.0 24.0 2.0
6.0 36.0 -8.0 68.0 12.0 2.0
6.0 36.0 -8.0 70.0 12.0 4.0
6.0 36.0 -4.0 70.0 12.0 4.0
10.0 38.0 0.0 70.0 16.0 8.0
10.0 38.0 0.0 66.0 16.0 4.0
14.0 38.0 0.0 70.0 16.0 4.0
14.0 30.0 0.0 66.0 16.0 4.0
12.0 30.0 -2.0 70.0 16.0 4.0
12.0 28.0 0.0 76.0 16.0 4.0
12.0 34.0 6.0 76.0 18.0 6.0
12.0 40.0 6.0 74.0 18.0 6.0
14.0 40.0 -2.0 70.0 20.0 4.0
14.0 40.0 -2.0 70.0 20.0 4.0
12.0 40.0 -6.0 68.0 16.0 6.0
12.0 42.0 -2.0 68.0 14.0 8.0
12.0 38.0 -2.0 68.0 14.0 10.0
14.0 40.0 0.0 68.0 18.0 10.0
14.0 38.0 0.0 68.0 20.0 6.0
12.0 40.0 -2.0 68.0 20.0 6.0
6.0 38.0 -4.0 70.0 16.0 4.0
6.0 44.0 -4.0 70.0 8.0 2.0
6.0 38.0 2.0 70.0 14.0 2.0
10.0 44.0 2.0 70.0 14.0 2.0
10.0 38.0 -2.0 70.0 14.0 4.0
8.0 44.0 -2.0 64.0 14.0 2.0
8.0 38.0 0.0 60.0 14.0 6.0
8.0 36.0 0.0 60.0 10.0 2.0
10.0 34.0 0.0 60.0 6.0 2.0
10.0 34.0 -4.0 62.0 6.0 2.0
10.0 32.0 0.0 62.0 6.0 4.0
12.0 32.0 -6.0 64.0 12.0 8.0
4.0 34.0 0.0 64.0 12.0 4.0
12.0 38.0 0.0 64.0 12.0 10.0
4.0 38.0 0.0 62.0 24.0 4.0
8.0 38.0 -4.0 62.0 18.0 6.0
8.0 44.0 -4.0 64.0 18.0 4.0
10.0 38.0 2.0 68.0 16.0 2.0
10.0 38.0 4.0 68.0 14.0 2.0
8.0 38.0 4.0 74.0 12.0 2.0
8.0 38.0 0.0 74.0 12.0 -4.0
10.0 38.0 0.0 70.0 12.0 -6.0
10.0 38.0 -2.0 62.0 12.0 -4.0
10.0 38.0 -2.0 62.0 14.0 4.0
12.0 42.0 -2.0 68.0 14.0 8.0
6.0 42.0 -2.0 70.0 16.0 4.0
16.0 42.0 2.0 74.0 14.0 6.0
14.0 42.0 2.0 74.0 16.0 6.0
14.0 42.0 4.0 68.0 18.0 6.0
10.0 36.0 2.0 68.0 18.0 6.0
10.0 38.0 -2.0 64.0 16.0 2.0
16.0 36.0 -2.0 66.0 14.0 6.0
16.0 38.0 4.0 66.0 16.0 -6.0
12.0 34.0 4.0 70.0 16.0 6.0
12.0 40.0 0.0 70.0 16.0 8.0
12.0 34.0 0.0 62.0 16.0 8.0
12.0 42.0 0.0 62.0 16.0 8.0
12.0 44.0 0.0 66.0 16.0 0.0
12.0 44.0 0.0 70.0 14.0 6.0
12.0 42.0 2.0 74.0 10.0 0.0
14.0 40.0 0.0 70.0 12.0 0.0
14.0 42.0 -2.0 62.0 12.0 0.0
14.0 42.0 -4.0 62.0 16.0 0.0
16.0 42.0 -4.0 68.0 16.0 6.0
16.0 42.0 -4.0 70.0 20.0 8.0
16.0 38.0 0.0 68.0 20.0 8.0
14.0 38.0 -2.0 74.0 20.0 8.0
8.0 36.0 2.0 70.0 16.0 6.0
14.0 36.0 -2.0 70.0 14.0 2.0
12.0 34.0 -2.0 70.0 16.0 2.0
12.0 36.0 -2.0 66.0 16.0 -2.0
12.0 36.0 -4.0 70.0 16.0 -2.0
