# Target: wrist_down
# Dominant_Vision: Open Hand
0.0 0.0 -8.0 0.0 0.0 -10.0
0.0 4.0 0.0 0.0 0.0 -4.0
-2.0 4.0 6.0 0.0 4.0 -10.0
2.0 2.0 6.0 0.0 2.0 -4.0
8.0 0.0 6.0 -2.0 2.0 -12.0
8.0 -2.0 4.0 -2.0 0.0 -6.0
2.0 -6.0 2.0 -2.0 0.0 -6.0
2.0 -2.0 2.0 0.0 -4.0 -6.0
4.0 2.0 2.0 6.0 -4.0 -6.0
4.0 2.0 -2.0 0.0 2.0 -10.0
0.0 2.0 -4.0 -6.0 4.0 -10.0
0.0 4.0 -4.0 -6.0 8.0 -12.0
0.0 4.0 -6.0 4.0 8.0 -6.0
0.0 4.0 -8.0 4.0 4.0 -8.0
4.0 4.0 -8.0 4.0 4.0 -6.0
4.0 -2.0 4.0 -4.0 2.0 -8.0
0.0 -2.0 4.0 -4.0 4.0 -10.0
0.0 2.0 2.0 -4.0 2.0 -14.0
4.0 2.0 -6.0 -2.0 0.0 -14.0
4.0 2.0 -6.0 0.0 -6.0 -14.0
6.0 -2.0 2.0 2.0 0.0 -14.0
4.0 -2.0 2.0 0.0 -6.0 -10.0
4.0 -2.0 0.0 -6.0 -2.0 -10.0
4.0 -10.0 0.0 -6.0 -2.0 -8.0
2.0 -10.0 0.0 -6.0 2.0 -6.0
0.0 -10.0 -2.0 -2.0 2.0 -8.0
0.0 6.0 -6.0 4.0 -2.0 -12.0
-34.0 6.0 -2.0 12.0 -2.0 -12.0
4.0 2.0 6.0 14.0 6.0 -6.0
14.0 2.0 6.0 14.0 8.0 -6.0
18.0 2.0 6.0 14.0 12.0 -8.0
32.0 -2.0 10.0 24.0 12.0 -8.0
54.0 -2.0 4.0 32.0 12.0 -8.0
64.0 -2.0 4.0 48.0 20.0 -8.0
72.0 -2.0 4.0 66.0 32.0 -8.0
72.0 -2.0 4.0 72.0 32.0 -8.0
98.0 -2.0 6.0 100.0 42.0 -6.0
100.0 -2.0 12.0 100.0 50.0 -2.0
100.0 -2.0 16.0 100.0 56.0 4.0
100.0 -2.0 18.0 100.0 68.0 -2.0
100.0 4.0 24.0 100.0 84.0 -2.0
100.0 14.0 26.0 100.0 100.0 -2.0
100.0 8.0 50.0 100.0 100.0 0.0
100.0 8.0 56.0 100.0 100.0 10.0
100.0 0.0 58.0 100.0 100.0 2.0
100.0 0.0 62.0 100.0 100.0 4.0
100.0 14.0 70.0 100.0 100.0 4.0
100.0 18.0 74.0 100.0 100.0 8.0
100.0 18.0 80.0 100.0 100.0 8.0
100.0 18.0 80.0 100.0 100.0 10.0
100.0 20.0 86.0 100.0 100.0 6.0
100.0 18.0 86.0 100.0 100.0 6.0
100.0 18.0 94.0 100.0 100.0 6.0
100.0 18.0 98.0 100.0 100.0 14.0
100.0 20.0 98.0 100.0 100.0 14.0
100.0 24.0 100.0 100.0 100.0 14.0
100.0 24.0 100.0 100.0 100.0 14.0
100.0 26.0 100.0 100.0 100.0 14.0
100.0 26.0 100.0 100.0 100.0 8.0
100.0 22.0 100.0 100.0 100.0 8.0
100.0 18.0 100.0 100.0 100.0 8.0
100.0 18.0 100.0 100.0 100.0 16.0
100.0 22.0 100.0 100.0 100.0 16.0
100.0 22.0 100.0 100.0 100.0 8.0
100.0 22.0 100.0 100.0 100.0 8.0
100.0 22.0 100.0 100.0 100.0 10.0
100.0 26.0 100.0 100.0 100.0 14.0
100.0 28.0 100.0 100.0 100.0 10.0
100.0 26.0 100.0 100.0 100.0 14.0
100.0 28.0 100.0 100.0 100.0 10.0
100.0 22.0 100.0 100.0 100.0 10.0
100.0 22.0 100.0 100.0 100.0 10.0
100.0 22.0 100.0 100.0 100.0 6.0
100.0 24.0 100.0 100.0 100.0 6.0
100.0 24.0 100.0 100.0 100.0 12.0
100.0 20.0 100.0 100.0 100.0 12.0
100.0 20.0 100.0 100.0 100.0 14.0
100.0 22.0 100.0 100.0 100.0 18.0
100.0 22.0 100.0 100.0 100.0 18.0
100.0 30.0 100.0 100.0 100.0 18.0
100.0 30.0 100.0 100.0 100.0 14.0
100.0 30.0 100.0 100.0 100.0 14.0
100.0 28.0 100.0 100.0 100.0 14.0
100.0 24.0 100.0 100.0 100.0 14.0
100.0 24.0 80.0 100.0 100.0 16.0
100.0 24.0 100.0 100.0 100.0 16.0
100.0 22.0 100.0 100.0 100.0 20.0
100.0 22.0 100.0 100.0 100.0 12.0
100.0 28.0 100.0 100.0 100.0 20.0
100.0 28.0 100.0 100.0 100.0 20.0
100.0 -12.0 100.0 100.0 100.0 20.0
100.0 -12.0 100.0 100.0 100.0 20.0
100.0 22.0 100.0 100.0 100.0 12.0
100.0 28.0 100.0 100.0 100.0 12.0
100.0 28.0 100.0 100.0 100.0 14.0
100.0 30.0 100.0 100.0 100.0 16.0
100.0 30.0 100.0 100.0 100.0 16.0
100.0 28.0 100.0 100.0 100.0 16.0
100.0 24.0 100.0 100.0 100.0 14.0
100.0 24.0 100.0 100.0 100.0 16.0
100.0 24.0 100.0 100.0 100.0 14.0
100.0 20.0 100.0 100.0 100.0 12.0
100.0 20.0 100.0 100.0 100.0 12.0
100.0 32.0 100.0 100.0 100.0 10.0
100.0 32.0 100.0 100.0 100.0 10.0
100.0 26.0 100.0 100.0 100.0 12.0
100.0 26.0 100.0 100.0 100.0 12.0
100.0 26.0 100.0 100.0 100.0 12.0
100.0 22.0 100.0 100.0 100.0 12.0
100.0 18.0 100.0 100.0 100.0 16.0
100.0 18.0 100.0 100.0 100.0 16.0
100.0 18.0 100.0 100.0 100.0 8.0
100.0 18.0 100.0 100.0 100.0 8.0
100.0 4.0 100.0 100.0 100.0 10.0
100.0 4.0 100.0 100.0 100.0 10.0
100.0 6.0 100.0 100.0 100.0 4.0
100.0 6.0 100.0 100.0 100.0 2.0
100.0 6.0 100.0 100.0 100.0 0.0
100.0 2.0 92.0 100.0 100.0 0.0
100.0 0.0 90.0 100.0 100.0 -4.0
100.0 -4.0 78.0 100.0 96.0 -4.0
100.0 -8.0 70.0 100.0 70.0 -4.0
100.0 -8.0 54.0 100.0 50.0 -10.0
100.0 -6.0 54.0 100.0 50.0 -10.0
100.0 -4.0 50.0 100.0 30.0 -10.0
100.0 -2.0 38.0 100.0 26.0 -18.0
100.0 -2.0 36.0 100.0 20.0 -18.0
100.0 -2.0 28.0 100.0 14.0 -12.0
100.0 -4.0 28.0 86.0 12.0 -12.0
100.0 -4.0 36.0 84.0 12.0 -12.0
100.0 -6.0 36.0 64.0 10.0 -20.0
100.0 -6.0 36.0 64.0 4.0 -20.0
100.0 -8.0 36.0 84.0 4.0 -18.0
100.0 -8.0 36.0 88.0 14.0 -18.0
100.0 -10.0 34.0 92.0 14.0 -16.0
100.0 -10.0 26.0 92.0 10.0 -12.0
100.0 -10.0 26.0 72.0 8.0 -12.0
100.0 -10.0 26.0 72.0 8.0 -16.0
100.0 -10.0 30.0 72.0 10.0 -18.0
100.0 -4.0 30.0 54.0 14.0 -16.0
100.0 -10.0 34.0 54.0 14.0 -16.0
100.0 -4.0 32.0 36.0 12.0 -16.0
100.0 -10.0 32.0 36.0 10.0 -16.0
100.0 -6.0 32.0 36.0 12.0 -12.0
100.0 -6.0 32.0 40.0 6.0 -12.0
100.0 -6.0 32.0 40.0 12.0 -12.0
100.0 -8.0 28.0 40.0 10.0 -14.0
100.0 -8.0 28.0 52.0 18.0 -18.0
100.0 -4.0 28.0 52.0 10.0 -18.0
100.0 -2.0 22.0 52.0 18.0 -8.0
100.0 -2.0 22.0 52.0 4.0 -8.0
100.0 -2.0 26.0 34.0 4.0 -24.0
100.0 -2.0 26.0 34.0 4.0 -24.0
100.0 -12.0 26.0 40.0 8.0 -12.0
100.0 -12.0 26.0 40.0 10.0 -12.0
100.0 -6.0 24.0 40.0 12.0 -16.0
100.0 -4.0 24.0 40.0 12.0 -16.0
100.0 -4.0 24.0 50.0 12.0 -16.0
100.0 -2.0 30.0 50.0 14.0 -16.0
100.0 -4.0 30.0 56.0 14.0 -16.0
100.0 -2.0 18.0 56.0 14.0 -16.0
100.0 -2.0 18.0 56.0 10.0 -16.0
100.0 -2.0 18.0 60.0 12.0 -16.0
100.0 0.0 30.0 60.0 10.0 -16.0
100.0 2.0 30.0 56.0 10.0 -12.0
100.0 0.0 26.0 56.0 10.0 -10.0
100.0 0.0 24.0 48.0 10.0 -10.0
100.0 -6.0 24.0 46.0 6.0 -10.0
100.0 -6.0 26.0 46.0 4.0 -10.0
100.0 -50.0 28.0 40.0 4.0 -16.0
100.0 -50.0 26.0 52.0 6.0 -12.0
100.0 -8.0 30.0 50.0 8.0 -12.0
100.0 -2.0 30.0 56.0 8.0 -10.0
100.0 -2.0 30.0 52.0 8.0 -10.0
100.0 -2.0 30.0 56.0 8.0 -12.0
100.0 -2.0 28.0 52.0 6.0 -12.0
100.0 2.0 30.0 56.0 6.0 -18.0
100.0 2.0 34.0 54.0 6.0 -18.0
100.0 2.0 34.0 56.0 10.0 -18.0
100.0 -10.0 26.0 54.0 8.0 -12.0
100.0 -10.0 26.0 38.0 8.0 -12.0
100.0 -6.0 24.0 38.0 8.0 -18.0
100.0 -4.0 20.0 46.0 8.0 -18.0
100.0 -4.0 20.0 46.0 6.0 -14.0
100.0 -4.0 20.0 40.0 6.0 -12.0
100.0 -4.0 24.0 36.0 6.0 -14.0
100.0 -2.0 24.0 38.0 6.0 -18.0
100.0 -2.0 24.0 38.0 0.0 -18.0
100.0 -2.0 24.0 38.0 0.0 -14.0
100.0 -8.0 26.0 38.0 0.0 -12.0
100.0 -8.0 28.0 34.0 2.0 -8.0
100.0 -8.0 28.0 38.0 0.0 -8.0
100.0 -8.0 26.0 48.0 0.0 -8.0
100.0 -10.0 24.0 48.0 0.0 -8.0
100.0 -10.0 24.0 48.0 2.0 -12.0
100.0 -4.0 30.0 38.0 4.0 -12.0
100.0 -4.0 30.0 38.0 8.0 -12.0
100.0 -6.0 30.0 38.0 6.0 -12.0
100.0 -6.0 32.0 40.0 6.0 -8.0
100.0 -6.0 32.0 40.0 6.0 -12.0
100.0 -6.0 28.0 34.0 6.0 -12.0
100.0 -10.0 28.0 34.0 6.0 -14.0
100.0 -8.0 26.0 22.0 6.0 -16.0
100.0 -8.0 26.0 22.0 4.0 -16.0
100.0 -6.0 26.0 28.0 4.0 -10.0
100.0 -4.0 26.0 40.0 4.0 -10.0
100.0 -4.0 20.0 36.0 6.0 -20.0
100.0 -4.0 20.0 36.0 6.0 -20.0
100.0 -12.0 20.0 36.0 6.0 -18.0
100.0 -12.0 22.0 34.0 -6.0 -14.0
100.0 -38.0 20.0 32.0 6.0 -12.0
100.0 -6.0 20.0 26.0 4.0 -12.0
100.0 -12.0 20.0 26.0 4.0 -14.0
100.0 -6.0 18.0 26.0 4.0 -14.0
100.0 -10.0 20.0 26.0 6.0 -20.0
100.0 -8.0 20.0 26.0 10.0 -20.0
100.0 -10.0 20.0 30.0 10.0 -8.0
100.0 -8.0 20.0 30.0 8.0 -8.0
100.0 -4.0 28.0 30.0 8.0 -8.0
100.0 -4.0 30.0 34.0 6.0 -8.0
100.0 -8.0 30.0 38.0 6.0 -12.0
96.0 -8.0 30.0 38.0 4.0 -14.0
96.0 -12.0 30.0 32.0 4.0 -14.0
100.0 -6.0 30.0 30.0 4.0 -12.0
100.0 -6.0 24.0 30.0 4.0 -8.0
100.0 0.0 20.0 30.0 4.0 -12.0
100.0 -6.0 24.0 30.0 4.0 -14.0
100.0 -4.0 22.0 30.0 6.0 -14.0
100.0 -14.0 26.0 22.0 6.0 -16.0
100.0 -48.0 26.0 22.0 0.0 -12.0
