# Target: wrist_down
# Dominant_Vision: Open Hand
4.0 -2.0 0.0 -2.0 0.0 4.0
2.0 -2.0 0.0 -6.0 -4.0 14.0
4.0 -2.0 -2.0 -6.0 -4.0 16.0
2.0 -2.0 4.0 -4.0 -4.0 16.0
2.0 -2.0 0.0 -4.0 -4.0 16.0
2.0 -2.0 0.0 -4.0 -2.0 14.0
0.0 4.0 -2.0 -4.0 -2.0 14.0
2.0 0.0 -2.0 2.0 -4.0 14.0
0.0 4.0 -2.0 2.0 -4.0 14.0
-4.0 0.0 -8.0 0.0 -4.0 6.0
-4.0 4.0 -8.0 0.0 -4.0 2.0
-6.0 -4.0 -8.0 2.0 -4.0 2.0
0.0 -8.0 -12.0 2.0 -8.0 10.0
0.0 -8.0 -4.0 2.0 -12.0 10.0
0.0 -8.0 -2.0 -4.0 -12.0 10.0
0.0 -2.0 -2.0 -4.0 -8.0 12.0
0.0 -2.0 -4.0 -4.0 -6.0 12.0
2.0 -2.0 -4.0 -6.0 -6.0 10.0
2.0 0.0 -4.0 -6.0 -6.0 10.0
2.0 -2.0 -4.0 -6.0 -6.0 8.0
2.0 -6.0 -6.0 -4.0 -6.0 8.0
4.0 -6.0 -8.0 6.0 -2.0 8.0
10.0 -6.0 -6.0 10.0 2.0 12.0
16.0 0.0 -12.0 30.0 6.0 18.0
26.0 0.0 -6.0 40.0 6.0 12.0
30.0 2.0 -6.0 62.0 6.0 18.0
44.0 4.0 -6.0 100.0 18.0 22.0
66.0 4.0 4.0 100.0 24.0 22.0
66.0 2.0 14.0 100.0 52.0 22.0
72.0 2.0 18.0 100.0 64.0 24.0
98.0 2.0 28.0 100.0 94.0 24.0
100.0 2.0 28.0 100.0 100.0 26.0
100.0 2.0 36.0 100.0 100.0 26.0
100.0 4.0 60.0 100.0 100.0 36.0
100.0 14.0 80.0 100.0 100.0 36.0
100.0 18.0 84.0 100.0 100.0 40.0
100.0 18.0 84.0 100.0 100.0 40.0
100.0 20.0 90.0 100.0 100.0 38.0
100.0 30.0 96.0 100.0 100.0 36.0
100.0 30.0 100.0 100.0 100.0 36.0
100.0 22.0 100.0 100.0 100.0 40.0
100.0 22.0 100.0 100.0 100.0 40.0
100.0 24.0 100.0 100.0 100.0 36.0
100.0 24.0 100.0 100.0 100.0 36.0
100.0 22.0 100.0 100.0 100.0 36.0
100.0 22.0 100.0 100.0 100.0 28.0
100.0 26.0 100.0 100.0 100.0 28.0
100.0 26.0 100.0 100.0 100.0 30.0
100.0 26.0 100.0 100.0 100.0 30.0
100.0 20.0 100.0 100.0 100.0 26.0
100.0 20.0 100.0 100.0 100.0 26.0
100.0 20.0 98.0 100.0 100.0 26.0
100.0 16.0 98.0 100.0 100.0 26.0
100.0 14.0 84.0 100.0 100.0 26.0
100.0 8.0 82.0 100.0 100.0 26.0
100.0 2.0 82.0 100.0 100.0 26.0
100.0 2.0 68.0 100.0 94.0 20.0
100.0 2.0 66.0 100.0 80.0 20.0
100.0 -6.0 34.0 100.0 62.0 20.0
100.0 -8.0 28.0 100.0 60.0 14.0
100.0 -8.0 26.0 100.0 32.0 14.0
100.0 2.0 22.0 100.0 30.0 12.0
100.0 2.0 22.0 100.0 28.0 12.0
100.0 2.0 20.0 100.0 18.0 12.0
100.0 4.0 24.0 100.0 18.0 12.0
100.0 2.0 8.0 88.0 18.0 12.0
100.0 2.0 6.0 86.0 18.0 12.0
100.0 2.0 4.0 84.0 12.0 10.0
66.0 0.0 4.0 68.0 4.0 10.0
66.0 2.0 4.0 64.0 4.0 10.0
66.0 -2.0 0.0 42.0 4.0 12.0
26.0 -12.0 -2.0 42.0 0.0 14.0
20.0 -12.0 -2.0 54.0 0.0 14.0
20.0 -10.0 -2.0 54.0 0.0 8.0
20.0 -2.0 -2.0 48.0 0.0 8.0
20.0 -2.0 -2.0 44.0 -2.0 8.0
20.0 -2.0 -2.0 34.0 -4.0 6.0
20.0 -4.0 -2.0 34.0 -4.0 6.0
18.0 -4.0 -2.0 30.0 2.0 6.0
14.0 -8.0 0.0 28.0 2.0 6.0
14.0 -4.0 2.0 30.0 -4.0 6.0
14.0 0.0 2.0 38.0 -6.0 4.0
14.0 0.0 -6.0 38.0 -6.0 4.0
14.0 0.0 -8.0 36.0 -2.0 10.0
14.0 4.0 -6.0 36.0 -2.0 10.0
14.0 -4.0 -2.0 28.0 -6.0 12.0
14.0 4.0 -2.0 36.0 -6.0 10.0
20.0 -4.0 -2.0 30.0 2.0 12.0
20.0 2.0 -2.0 36.0 2.0 10.0
24.0 0.0 -2.0 30.0 -4.0 14.0
24.0 0.0 -4.0 32.0 -4.0 10.0
22.0 -6.0 -4.0 32.0 6.0 12.0
20.0 -6.0 -4.0 34.0 6.0 2.0
22.0 2.0 0.0 34.0 0.0 12.0
20.0 2.0 2.0 32.0 0.0 14.0
16.0 4.0 2.0 32.0 0.0 14.0
12.0 -10.0 4.0 34.0 4.0 14.0
12.0 4.0 2.0 34.0 4.0 12.0
12.0 -4.0 4.0 32.0 2.0 14.0
14.0 6.0 2.0 28.0 -6.0 12.0
14.0 2.0 2.0 28.0 -6.0 14.0
14.0 2.0 -4.0 30.0 4.0 18.0
12.0 0.0 -4.0 30.0 4.0 18.0
14.0 -2.0 -4.0 30.0 4.0 10.0
12.0 0.0 -4.0 26.0 -2.0 8.0
14.0 0.0 -4.0 30.0 4.0 4.0
20.0 0.0 -6.0 30.0 0.0 8.0
20.0 0.0 -6.0 30.0 4.0 14.0
20.0 0.0 -2.0 26.0 4.0 14.0
18.0 -2.0 2.0 24.0 4.0 10.0
20.0 -4.0 0.0 24.0 2.0 10.0
18.0 -2.0 2.0 24.0 2.0 12.0
18.0 -4.0 6.0 24.0 6.0 12.0
16.0 -6.0 6.0 24.0 6.0 12.0
14.0 -6.0 0.0 30.0 -2.0 12.0
16.0 -4.0 0.0 34.0 -2.0 12.0
14.0 4.0 0.0 34.0 0.0 12.0
10.0 4.0 0.0 28.0 4.0 12.0
10.0 -2.0 0.0 24.0 0.0 12.0
14.0 -2.0 -2.0 20.0 0.0 14.0
14.0 -2.0 0.0 20.0 0.0 16.0
14.0 0.0 0.0 28.0 4.0 16.0
12.0 0.0 0.0 34.0 4.0 16.0
12.0 -2.0 2.0 28.0 2.0 12.0
12.0 -2.0 2.0 34.0 0.0 6.0
10.0 -2.0 0.0 26.0 0.0 6.0
14.0 0.0 0.0 28.0 2.0 12.0
10.0 0.0 2.0 28.0 2.0 12.0
14.0 -2.0 2.0 28.0 2.0 12.0
14.0 -2.0 -2.0 34.0 0.0 16.0
16.0 -2.0 -2.0 22.0 4.0 16.0
16.0 -2.0 2.0 32.0 -4.0 12.0
16.0 -2.0 2.0 28.0 -4.0 12.0
14.0 2.0 2.0 30.0 -4.0 10.0
16.0 2.0 2.0 28.0 -4.0 12.0
14.0 2.0 2.0 22.0 0.0 10.0
8.0 2.0 0.0 18.0 0.0 8.0
6.0 2.0 0.0 18.0 0.0 8.0
6.0 0.0 -4.0 30.0 2.0 14.0
10.0 -6.0 -4.0 30.0 8.0 14.0
10.0 -6.0 0.0 24.0 2.0 14.0
8.0 -2.0 2.0 24.0 4.0 12.0
8.0 -2.0 4.0 26.0 4.0 14.0
10.0 -4.0 2.0 30.0 4.0 14.0
16.0 -4.0 -14.0 30.0 0.0 14.0
16.0 0.0 -14.0 28.0 0.0 10.0
14.0 4.0 10.0 28.0 0.0 10.0
14.0 4.0 10.0 30.0 0.0 10.0
14.0 4.0 -2.0 30.0 0.0 12.0
14.0 -4.0 -4.0 30.0 0.0 12.0
14.0 -4.0 -4.0 30.0 0.0 16.0
10.0 0.0 0.0 30.0 4.0 16.0
10.0 0.0 0.0 34.0 10.0 16.0
12.0 -2.0 -4.0 20.0 10.0 12.0
12.0 -2.0 -4.0 20.0 0.0 12.0
12.0 -2.0 -2.0 20.0 -2.0 8.0
8.0 -4.0 0.0 22.0 -2.0 8.0
10.0 4.0 -2.0 26.0 -2.0 8.0
10.0 -6.0 0.0 26.0 -2.0 10.0
14.0 2.0 2.0 26.0 -2.0 12.0
14.0 0.0 2.0 24.0 -2.0 12.0
16.0 0.0 2.0 24.0 -4.0 12.0
16.0 -4.0 2.0 30.0 -4.0 10.0
16.0 -6.0 4.0 30.0 -4.0 12.0
12.0 -6.0 4.0 24.0 0.0 14.0
12.0 -6.0 4.0 22.0 0.0 14.0
14.0 4.0 -46.0 22.0 0.0 2.0
14.0 4.0 -46.0 24.0 0.0 -34.0
10.0 4.0 -6.0 34.0 0.0 2.0
10.0 0.0 -4.0 34.0 -2.0 6.0
10.0 -2.0 -4.0 34.0 4.0 8.0
12.0 -2.0 2.0 24.0 0.0 12.0
12.0 -10.0 2.0 24.0 6.0 12.0
12.0 0.0 2.0 28.0 0.0 12.0
8.0 -6.0 -2.0 28.0 0.0 12.0
8.0 0.0 -8.0 24.0 0.0 4.0
8.0 2.0 -8.0 24.0 0.0 4.0
16.0 2.0 2.0 20.0 0.0 8.0
16.0 0.0 2.0 24.0 -4.0 8.0
14.0 -4.0 2.0 24.0 -4.0 8.0
14.0 -4.0 2.0 26.0 -2.0 8.0
10.0 -4.0 -2.0 26.0 -2.0 10.0
16.0 -4.0 -2.0 26.0 -2.0 10.0
16.0 -2.0 -2.0 26.0 0.0 10.0
16.0 0.0 2.0 30.0 0.0 10.0
16.0 -2.0 4.0 26.0 -4.0 12.0
14.0 0.0 4.0 28.0 -4.0 12.0
14.0 -2.0 4.0 26.0 -2.0 6.0
12.0 0.0 6.0 28.0 -2.0 6.0
12.0 0.0 6.0 26.0 -4.0 8.0
12.0 0.0 2.0 24.0 -6.0 10.0
12.0 -4.0 0.0 24.0 -6.0 8.0
12.0 -12.0 2.0 28.0 -2.0 16.0
12.0 -4.0 2.0 28.0 -2.0 16.0
14.0 -6.0 6.0 28.0 0.0 16.0
14.0 -4.0 6.0 28.0 4.0 10.0
14.0 -4.0 4.0 28.0 4.0 8.0
10.0 -4.0 2.0 26.0 4.0 8.0
16.0 -4.0 0.0 26.0 2.0 8.0
16.0 -4.0 -4.0 26.0 0.0 8.0
16.0 -2.0 -4.0 26.0 0.0 14.0
10.0 4.0 -6.0 26.0 2.0 12.0
10.0 4.0 0.0 28.0 2.0 12.0
10.0 0.0 -6.0 28.0 -2.0 6.0
10.0 0.0 -2.0 28.0 -2.0 6.0
8.0 4.0 -2.0 20.0 -2.0 10.0
12.0 4.0 0.0 26.0 2.0 10.0
12.0 -4.0 4.0 20.0 2.0 2.0
14.0 -4.0 0.0 24.0 2.0 2.0
18.0 -6.0 -2.0 24.0 0.0 8.0
18.0 -6.0 -2.0 26.0 0.0 10.0
14.0 -6.0 -2.0 26.0 0.0 10.0
6.0 -4.0 -4.0 26.0 0.0 10.0
6.0 -6.0 -4.0 28.0 -2.0 12.0
10.0 -6.0 8.0 32.0 4.0 12.0
12.0 -6.0 8.0 28.0 -2.0 12.0
12.0 2.0 0.0 28.0 2.0 12.0
12.0 2.0 0.0 26.0 -2.0 14.0
16.0 2.0 0.0 28.0 2.0 14.0
18.0 2.0 2.0 26.0 2.0 18.0
18.0 -2.0 2.0 28.0 2.0 18.0
18.0 -46.0 4.0 26.0 0.0 18.0
10.0 -6.0 8.0 28.0 -4.0 14.0
14.0 -12.0 8.0 26.0 0.0 18.0
14.0 -6.0 6.0 26.0 4.0 18.0
14.0 -2.0 4.0 26.0 6.0 18.0
