# Target: wrist_down
# Dominant_Vision: Open Hand
0.0 8.0 4.0 0.0 0.0 0.0
0.0 4.0 6.0 0.0 -4.0 -2.0
0.0 6.0 8.0 -2.0 -10.0 -2.0
0.0 6.0 6.0 -2.0 -10.0 -2.0
2.0 8.0 10.0 -2.0 -10.0 2.0
2.0 10.0 2.0 -4.0 -10.0 4.0
2.0 14.0 8.0 0.0 -2.0 6.0
2.0 14.0 2.0 0.0 -2.0 6.0
2.0 6.0 2.0 0.0 -2.0 6.0
-4.0 6.0 0.0 0.0 -8.0 12.0
-4.0 8.0 2.0 -2.0 -8.0 4.0
-2.0 8.0 8.0 -2.0 -8.0 0.0
-2.0 10.0 12.0 -4.0 -8.0 -2.0
-2.0 8.0 8.0 -6.0 -8.0 0.0
-2.0 6.0 10.0 -4.0 -8.0 6.0
2.0 6.0 0.0 -2.0 -8.0 6.0
2.0 6.0 2.0 -2.0 -4.0 4.0
2.0 2.0 2.0 -2.0 -4.0 4.0
2.0 2.0 6.0 -2.0 -4.0 4.0
0.0 2.0 8.0 -2.0 -4.0 0.0
-4.0 10.0 6.0 -6.0 -4.0 4.0
-4.0 10.0 -2.0 -2.0 -4.0 0.0
2.0 10.0 -2.0 -6.0 -6.0 4.0
4.0 8.0 2.0 0.0 -6.0 6.0
2.0 8.0 4.0 0.0 -6.0 6.0
6.0 8.0 4.0 8.0 -6.0 2.0
6.0 8.0 4.0 20.0 -6.0 2.0
6.0 12.0 -6.0 28.0 -10.0 6.0
8.0 12.0 12.0 42.0 -4.0 6.0
18.0 8.0 18.0 46.0 -4.0 6.0
28.0 6.0 18.0 58.0 8.0 6.0
34.0 8.0 16.0 76.0 14.0 12.0
46.0 12.0 16.0 92.0 14.0 16.0
50.0 20.0 18.0 100.0 20.0 16.0
64.0 20.0 18.0 100.0 36.0 16.0
76.0 34.0 18.0 100.0 40.0 16.0
86.0 34.0 24.0 100.0 54.0 20.0
98.0 40.0 34.0 100.0 64.0 20.0
100.0 42.0 44.0 100.0 86.0 20.0
100.0 62.0 50.0 100.0 100.0 26.0
100.0 64.0 60.0 100.0 100.0 26.0
100.0 66.0 62.0 100.0 100.0 26.0
100.0 70.0 62.0 100.0 100.0 26.0
100.0 74.0 68.0 100.0 100.0 26.0
100.0 78.0 80.0 100.0 100.0 26.0
100.0 84.0 80.0 100.0 100.0 28.0
100.0 86.0 84.0 100.0 100.0 28.0
100.0 88.0 86.0 100.0 100.0 30.0
100.0 96.0 92.0 100.0 100.0 24.0
100.0 100.0 96.0 100.0 100.0 28.0
100.0 100.0 100.0 100.0 100.0 24.0
100.0 100.0 100.0 100.0 100.0 24.0
100.0 98.0 100.0 100.0 100.0 24.0
100.0 100.0 100.0 100.0 100.0 26.0
100.0 98.0 100.0 100.0 100.0 26.0
100.0 100.0 100.0 100.0 100.0 26.0
100.0 98.0 100.0 100.0 100.0 22.0
100.0 98.0 100.0 100.0 100.0 22.0
100.0 98.0 100.0 100.0 100.0 24.0
100.0 98.0 94.0 100.0 100.0 26.0
100.0 100.0 94.0 100.0 100.0 28.0
100.0 100.0 98.0 100.0 100.0 28.0
100.0 100.0 98.0 100.0 100.0 28.0
100.0 100.0 98.0 100.0 100.0 28.0
100.0 100.0 100.0 100.0 100.0 24.0
100.0 100.0 100.0 100.0 100.0 20.0
100.0 100.0 100.0 100.0 100.0 20.0
100.0 98.0 100.0 100.0 100.0 24.0
100.0 100.0 100.0 100.0 100.0 24.0
100.0 98.0 100.0 100.0 100.0 26.0
100.0 100.0 100.0 100.0 100.0 26.0
100.0 100.0 100.0 100.0 100.0 26.0
100.0 100.0 96.0 100.0 100.0 26.0
100.0 100.0 96.0 100.0 100.0 30.0
100.0 100.0 100.0 100.0 100.0 30.0
100.0 100.0 100.0 100.0 100.0 26.0
100.0 100.0 100.0 100.0 100.0 20.0
100.0 100.0 100.0 100.0 100.0 20.0
100.0 100.0 100.0 100.0 100.0 20.0
100.0 100.0 100.0 100.0 100.0 18.0
100.0 100.0 100.0 100.0 100.0 22.0
100.0 100.0 96.0 100.0 100.0 22.0
100.0 100.0 96.0 100.0 100.0 24.0
100.0 100.0 98.0 100.0 100.0 26.0
100.0 98.0 98.0 100.0 100.0 24.0
100.0 86.0 92.0 100.0 100.0 26.0
100.0 80.0 80.0 100.0 100.0 18.0
100.0 74.0 76.0 100.0 100.0 18.0
100.0 66.0 70.0 100.0 100.0 18.0
100.0 60.0 70.0 100.0 100.0 24.0
100.0 50.0 68.0 100.0 100.0 24.0
100.0 50.0 68.0 100.0 100.0 18.0
100.0 36.0 58.0 100.0 100.0 18.0
100.0 34.0 52.0 100.0 100.0 12.0
100.0 28.0 50.0 100.0 92.0 12.0
96.0 26.0 44.0 100.0 86.0 12.0
88.0 18.0 40.0 100.0 72.0 12.0
78.0 18.0 34.0 100.0 62.0 2.0
70.0 12.0 30.0 100.0 56.0 2.0
52.0 14.0 22.0 100.0 52.0 6.0
50.0 12.0 22.0 96.0 34.0 8.0
52.0 12.0 22.0 86.0 30.0 6.0
58.0 12.0 18.0 70.0 30.0 6.0
58.0 12.0 18.0 64.0 24.0 6.0
52.0 14.0 18.0 48.0 18.0 0.0
50.0 14.0 12.0 48.0 16.0 -2.0
42.0 14.0 12.0 44.0 16.0 0.0
42.0 14.0 12.0 42.0 10.0 0.0
38.0 14.0 12.0 22.0 14.0 0.0
34.0 10.0 6.0 42.0 8.0 4.0
28.0 8.0 4.0 42.0 10.0 -4.0
28.0 6.0 6.0 42.0 10.0 2.0
28.0 0.0 6.0 42.0 10.0 2.0
28.0 0.0 6.0 36.0 8.0 2.0
26.0 2.0 2.0 22.0 6.0 2.0
26.0 6.0 2.0 20.0 4.0 4.0
26.0 6.0 4.0 22.0 4.0 4.0
26.0 6.0 4.0 32.0 2.0 2.0
28.0 6.0 14.0 32.0 2.0 2.0
30.0 6.0 0.0 22.0 6.0 4.0
28.0 10.0 14.0 22.0 6.0 10.0
24.0 12.0 12.0 22.0 0.0 8.0
24.0 10.0 14.0 28.0 0.0 8.0
24.0 6.0 14.0 22.0 -2.0 6.0
20.0 6.0 14.0 22.0 6.0 2.0
20.0 6.0 6.0 22.0 6.0 2.0
26.0 6.0 6.0 22.0 6.0 -2.0
28.0 0.0 14.0 22.0 6.0 -6.0
28.0 0.0 14.0 22.0 -2.0 -6.0
24.0 0.0 -2.0 22.0 -2.0 0.0
16.0 12.0 -2.0 22.0 -2.0 0.0
16.0 0.0 4.0 22.0 0.0 0.0
20.0 4.0 10.0 26.0 0.0 2.0
26.0 4.0 4.0 26.0 4.0 2.0
26.0 8.0 2.0 26.0 2.0 2.0
18.0 8.0 2.0 22.0 4.0 -2.0
18.0 8.0 6.0 22.0 6.0 -2.0
14.0 6.0 8.0 20.0 6.0 6.0
16.0 4.0 8.0 16.0 6.0 8.0
14.0 -2.0 8.0 8.0 4.0 6.0
16.0 -2.0 4.0 8.0 4.0 8.0
18.0 -8.0 4.0 8.0 4.0 6.0
22.0 8.0 4.0 8.0 4.0 6.0
20.0 6.0 10.0 8.0 0.0 6.0
20.0 6.0 10.0 8.0 -2.0 8.0
20.0 6.0 2.0 8.0 -4.0 8.0
16.0 4.0 2.0 8.0 -2.0 8.0
16.0 4.0 4.0 8.0 -2.0 8.0
16.0 4.0 6.0 8.0 -2.0 8.0
16.0 0.0 4.0 12.0 2.0 6.0
12.0 6.0 4.0 12.0 -2.0 4.0
12.0 6.0 4.0 12.0 -2.0 4.0
18.0 8.0 8.0 18.0 -2.0 2.0
22.0 10.0 8.0 18.0 2.0 2.0
28.0 8.0 8.0 18.0 2.0 2.0
22.0 10.0 4.0 22.0 2.0 4.0
18.0 0.0 0.0 30.0 -2.0 4.0
18.0 4.0 0.0 30.0 -2.0 2.0
22.0 4.0 4.0 36.0 -2.0 2.0
22.0 4.0 4.0 36.0 -2.0 -2.0
22.0 -2.0 8.0 26.0 0.0 4.0
26.0 -2.0 8.0 26.0 0.0 2.0
28.0 -2.0 8.0 32.0 0.0 4.0
26.0 -2.0 6.0 32.0 0.0 4.0
24.0 0.0 4.0 32.0 0.0 4.0
24.0 8.0 6.0 32.0 -2.0 6.0
24.0 10.0 8.0 38.0 6.0 6.0
24.0 10.0 8.0 38.0 -2.0 6.0
24.0 10.0 6.0 30.0 -2.0 6.0
26.0 6.0 6.0 30.0 -2.0 8.0
28.0 10.0 8.0 32.0 0.0 4.0
26.0 6.0 8.0 32.0 2.0 4.0
28.0 -4.0 4.0 32.0 0.0 -2.0
28.0 -4.0 4.0 26.0 -2.0 -2.0
28.0 2.0 4.0 26.0 -2.0 -2.0
26.0 6.0 10.0 32.0 0.0 8.0
26.0 6.0 12.0 32.0 0.0 8.0
24.0 8.0 10.0 30.0 0.0 0.0
22.0 6.0 10.0 30.0 0.0 0.0
20.0 4.0 6.0 30.0 0.0 0.0
22.0 4.0 10.0 30.0 0.0 0.0
18.0 4.0 6.0 32.0 0.0 0.0
18.0 4.0 0.0 32.0 0.0 -2.0
18.0 4.0 0.0 32.0 4.0 -8.0
24.0 4.0 6.0 28.0 6.0 -8.0
24.0 4.0 6.0 28.0 6.0 0.0
18.0 4.0 2.0 32.0 -4.0 0.0
18.0 4.0 2.0 34.0 -4.0 -2.0
26.0 10.0 12.0 32.0 -8.0 -2.0
30.0 8.0 12.0 40.0 -10.0 10.0
26.0 8.0 12.0 36.0 -10.0 10.0
26.0 -2.0 6.0 36.0 -10.0 6.0
24.0 -2.0 12.0 34.0 -2.0 4.0
26.0 8.0 12.0 34.0 -2.0 4.0
28.0 8.0 12.0 34.0 -2.0 4.0
28.0 2.0 6.0 28.0 2.0 4.0
26.0 2.0 6.0 34.0 4.0 4.0
20.0 2.0 2.0 20.0 4.0 4.0
20.0 8.0 10.0 34.0 0.0 4.0
16.0 8.0 8.0 34.0 0.0 4.0
12.0 8.0 10.0 40.0 0.0 4.0
12.0 10.0 16.0 40.0 0.0 8.0
20.0 12.0 16.0 34.0 -2.0 8.0
22.0 12.0 14.0 34.0 -2.0 2.0
24.0 4.0 14.0 34.0 -2.0 2.0
24.0 4.0 6.0 36.0 -2.0 4.0
18.0 4.0 14.0 34.0 -2.0 4.0
16.0 0.0 10.0 34.0 -2.0 4.0
18.0 0.0 10.0 28.0 -2.0 0.0
16.0 2.0 0.0 28.0 0.0 -2.0
20.0 2.0 0.0 30.0 2.0 -2.0
20.0 2.0 2.0 30.0 6.0 0.0
20.0 2.0 12.0 32.0 6.0 0.0
16.0 2.0 2.0 32.0 6.0 4.0
16.0 -8.0 12.0 32.0 0.0 2.0
22.0 -8.0 0.0 32.0 0.0 4.0
24.0 6.0 12.0 32.0 2.0 2.0
24.0 6.0 10.0 30.0 2.0 2.0
28.0 0.0 14.0 26.0 2.0 2.0
26.0 0.0 10.0 30.0 -2.0 6.0
26.0 -4.0 12.0 26.0 -4.0 6.0
24.0 4.0 10.0 20.0 -4.0 6.0
24.0 4.0 12.0 20.0 4.0 4.0
24.0 4.0 10.0 18.0 4.0 4.0
24.0 8.0 10.0 30.0 4.0 4.0
24.0 4.0 10.0 30.0 2.0 4.0
24.0 4.0 10.0 34.0 2.0 4.0
22.0 4.0 10.0 34.0 -4.0 4.0
