# Target: wrist_down
# Dominant_Vision: Open Hand
0.0 0.0 4.0 -10.0 -4.0 -10.0
0.0 0.0 8.0 -10.0 0.0 -4.0
0.0 0.0 8.0 -10.0 0.0 -4.0
0.0 -2.0 2.0 -10.0 2.0 -4.0
0.0 -2.0 2.0 -10.0 0.0 -12.0
2.0 -6.0 6.0 -10.0 2.0 -14.0
0.0 -6.0 6.0 -10.0 -2.0 -12.0
-2.0 0.0 6.0 -10.0 4.0 -8.0
-4.0 0.0 6.0 -10.0 4.0 -8.0
-2.0 4.0 8.0 -10.0 4.0 0.0
-2.0 -2.0 8.0 -10.0 2.0 0.0
-2.0 6.0 8.0 -10.0 0.0 -8.0
0.0 -2.0 8.0 -10.0 -2.0 -10.0
-2.0 0.0 8.0 2.0 0.0 -8.0
-2.0 -4.0 6.0 -10.0 0.0 2.0
-4.0 0.0 4.0 -10.0 0.0 2.0
-4.0 -6.0 6.0 -10.0 0.0 -2.0
2.0 -8.0 8.0 -10.0 -4.0 -6.0
2.0 -8.0 8.0 -10.0 4.0 -2.0
-2.0 -8.0 8.0 -10.0 2.0 -6.0
-2.0 -4.0 10.0 -10.0 2.0 -8.0
-2.0 -4.0 14.0 -2.0 2.0 -8.0
-2.0 0.0 10.0 -2.0 2.0 -8.0
0.0 -12.0 8.0 0.0 2.0 -4.0
0.0 -12.0 8.0 0.0 2.0 -4.0
0.0 -12.0 8.0 0.0 2.0 -4.0
-2.0 0.0 8.0 -10.0 2.0 -4.0
-2.0 0.0 8.0 -10.0 2.0 -4.0
0.0 0.0 4.0 -10.0 -2.0 -2.0
2.0 -8.0 2.0 -10.0 -2.0 -2.0
0.0 -8.0 2.0 -10.0 -2.0 -2.0
-6.0 -4.0 4.0 -10.0 -4.0 -10.0
-6.0 -4.0 4.0 -10.0 4.0 -10.0
-4.0 -8.0 4.0 -10.0 4.0 -6.0
-4.0 -8.0 4.0 -10.0 6.0 -6.0
-4.0 -8.0 2.0 -10.0 6.0 -6.0
-2.0 -8.0 2.0 -12.0 2.0 -2.0
-2.0 -8.0 2.0 -12.0 0.0 -2.0
-2.0 -8.0 4.0 -14.0 0.0 -2.0
-6.0 -8.0 8.0 -18.0 -2.0 0.0
-8.0 -6.0 8.0 -18.0 -2.0 0.0
-8.0 -10.0 8.0 -18.0 -2.0 0.0
-8.0 -6.0 -2.0 -10.0 -4.0 -2.0
-8.0 -10.0 -2.0 2.0 -4.0 0.0
-8.0 -6.0 6.0 4.0 -4.0 -6.0
-6.0 2.0 6.0 20.0 2.0 -10.0
-4.0 4.0 10.0 38.0 14.0 -10.0
-2.0 2.0 12.0 58.0 20.0 0.0
8.0 2.0 16.0 78.0 34.0 6.0
38.0 2.0 16.0 98.0 36.0 6.0
38.0 14.0 20.0 100.0 50.0 2.0
52.0 18.0 30.0 100.0 58.0 -2.0
64.0 18.0 32.0 100.0 84.0 -2.0
88.0 28.0 44.0 100.0 100.0 12.0
100.0 32.0 48.0 100.0 100.0 16.0
100.0 42.0 56.0 100.0 100.0 14.0
100.0 42.0 56.0 100.0 100.0 14.0
100.0 48.0 56.0 100.0 100.0 14.0
100.0 48.0 60.0 100.0 100.0 14.0
100.0 56.0 64.0 100.0 100.0 14.0
100.0 56.0 68.0 100.0 100.0 18.0
100.0 62.0 82.0 100.0 100.0 20.0
100.0 70.0 82.0 100.0 100.0 20.0
100.0 70.0 90.0 100.0 100.0 18.0
100.0 76.0 92.0 100.0 100.0 16.0
100.0 76.0 94.0 100.0 100.0 16.0
100.0 76.0 94.0 100.0 100.0 14.0
100.0 78.0 92.0 100.0 100.0 12.0
100.0 78.0 92.0 100.0 100.0 12.0
100.0 78.0 92.0 100.0 100.0 14.0
100.0 72.0 92.0 100.0 100.0 14.0
100.0 70.0 90.0 100.0 100.0 20.0
100.0 70.0 90.0 100.0 100.0 20.0
100.0 72.0 90.0 100.0 100.0 22.0
100.0 78.0 90.0 100.0 100.0 20.0
100.0 78.0 94.0 100.0 100.0 20.0
100.0 82.0 94.0 100.0 100.0 14.0
100.0 82.0 94.0 100.0 100.0 14.0
100.0 82.0 96.0 100.0 100.0 14.0
100.0 80.0 98.0 100.0 100.0 20.0
100.0 80.0 100.0 100.0 100.0 22.0
100.0 80.0 100.0 100.0 100.0 22.0
100.0 82.0 98.0 100.0 100.0 20.0
100.0 78.0 90.0 100.0 100.0 18.0
100.0 78.0 90.0 100.0 100.0 18.0
100.0 78.0 90.0 100.0 100.0 14.0
100.0 78.0 90.0 100.0 100.0 14.0
100.0 78.0 90.0 100.0 100.0 14.0
100.0 78.0 90.0 100.0 100.0 20.0
100.0 82.0 84.0 100.0 100.0 20.0
100.0 84.0 90.0 100.0 100.0 12.0
100.0 84.0 86.0 100.0 100.0 12.0
100.0 82.0 94.0 100.0 100.0 14.0
100.0 74.0 94.0 100.0 100.0 16.0
100.0 80.0 94.0 100.0 100.0 22.0
100.0 80.0 92.0 100.0 100.0 18.0
100.0 80.0 90.0 100.0 100.0 18.0
100.0 82.0 90.0 100.0 100.0 16.0
100.0 78.0 90.0 100.0 100.0 16.0
100.0 76.0 90.0 100.0 100.0 18.0
100.0 74.0 92.0 100.0 100.0 18.0
100.0 74.0 92.0 100.0 100.0 18.0
100.0 74.0 92.0 100.0 100.0 12.0
100.0 64.0 90.0 100.0 100.0 12.0
100.0 62.0 90.0 100.0 100.0 14.0
100.0 56.0 80.0 100.0 100.0 14.0
100.0 52.0 70.0 100.0 100.0 16.0
100.0 46.0 68.0 100.0 100.0 14.0
100.0 40.0 66.0 100.0 100.0 8.0
100.0 34.0 62.0 100.0 100.0 6.0
100.0 32.0 58.0 100.0 100.0 6.0
100.0 30.0 58.0 100.0 100.0 6.0
100.0 28.0 56.0 100.0 100.0 6.0
100.0 12.0 56.0 100.0 96.0 6.0
100.0 12.0 50.0 100.0 94.0 2.0
100.0 6.0 50.0 100.0 88.0 2.0
96.0 4.0 40.0 100.0 78.0 0.0
86.0 0.0 40.0 100.0 66.0 0.0
70.0 0.0 24.0 98.0 48.0 0.0
64.0 0.0 22.0 88.0 46.0 -2.0
56.0 0.0 20.0 74.0 44.0 -4.0
52.0 -2.0 14.0 72.0 40.0 -4.0
50.0 2.0 14.0 56.0 20.0 -4.0
48.0 2.0 14.0 48.0 20.0 -2.0
48.0 4.0 14.0 38.0 20.0 -2.0
44.0 2.0 12.0 34.0 18.0 -4.0
38.0 -2.0 12.0 26.0 16.0 -6.0
26.0 -4.0 16.0 16.0 14.0 -8.0
22.0 -4.0 18.0 12.0 6.0 -6.0
18.0 -10.0 18.0 4.0 6.0 -6.0
12.0 -10.0 4.0 4.0 6.0 -4.0
12.0 -10.0 2.0 6.0 2.0 -4.0
2.0 -6.0 2.0 6.0 2.0 -10.0
2.0 -6.0 12.0 10.0 2.0 -10.0
-2.0 -6.0 12.0 8.0 8.0 -6.0
-6.0 -6.0 12.0 8.0 0.0 -6.0
-10.0 -6.0 10.0 0.0 0.0 -10.0
-10.0 -10.0 10.0 0.0 0.0 -10.0
-10.0 -6.0 8.0 -2.0 12.0 -12.0
-4.0 -10.0 8.0 -10.0 12.0 -12.0
-4.0 -14.0 12.0 -10.0 2.0 -12.0
-2.0 -14.0 12.0 -10.0 2.0 -6.0
-2.0 -12.0 12.0 0.0 0.0 -6.0
-8.0 -2.0 6.0 -10.0 2.0 -8.0
-8.0 -2.0 2.0 -10.0 2.0 -8.0
-8.0 -6.0 2.0 -10.0 2.0 -8.0
-10.0 -6.0 6.0 -10.0 4.0 -6.0
-12.0 -6.0 6.0 -10.0 0.0 -2.0
-12.0 -4.0 6.0 -10.0 2.0 -2.0
-2.0 -4.0 6.0 -10.0 2.0 -6.0
-2.0 -4.0 6.0 -10.0 4.0 -10.0
-10.0 -2.0 6.0 -10.0 4.0 -6.0
-10.0 -2.0 8.0 -10.0 0.0 -2.0
-10.0 -2.0 8.0 -10.0 -2.0 -2.0
-8.0 -2.0 0.0 -10.0 -2.0 -8.0
-8.0 -14.0 -2.0 -10.0 -2.0 -8.0
-2.0 -14.0 0.0 -10.0 -2.0 -10.0
2.0 -14.0 -2.0 -10.0 2.0 -10.0
2.0 -2.0 4.0 -10.0 2.0 -10.0
-10.0 -2.0 10.0 -10.0 2.0 -10.0
-10.0 -4.0 10.0 -10.0 0.0 -10.0
-2.0 -6.0 12.0 -10.0 0.0 -8.0
-2.0 -6.0 12.0 -6.0 -2.0 -8.0
-2.0 -6.0 12.0 -10.0 -6.0 -8.0
-6.0 -6.0 12.0 -10.0 -6.0 -8.0
-12.0 -10.0 6.0 -10.0 2.0 -8.0
-12.0 -10.0 6.0 -10.0 2.0 -8.0
-8.0 -12.0 6.0 -10.0 2.0 -4.0
-4.0 -10.0 6.0 -10.0 -2.0 -4.0
-4.0 -12.0 6.0 -10.0 -2.0 -4.0
-2.0 -10.0 8.0 -16.0 -2.0 -4.0
-2.0 -8.0 8.0 -16.0 0.0 -4.0
-4.0 -8.0 8.0 -14.0 0.0 -6.0
-4.0 -4.0 8.0 -12.0 0.0 -10.0
2.0 -12.0 8.0 -10.0 0.0 -10.0
4.0 -12.0 -2.0 -10.0 0.0 -10.0
4.0 -14.0 -2.0 -10.0 2.0 -8.0
4.0 -14.0 2.0 -10.0 2.0 -4.0
4.0 -12.0 4.0 -4.0 10.0 -4.0
0.0 -10.0 4.0 -4.0 10.0 -4.0
0.0 -10.0 2.0 -4.0 8.0 -12.0
0.0 -10.0 2.0 -10.0 2.0 -12.0
0.0 -10.0 16.0 -10.0 0.0 -8.0
0.0 -10.0 16.0 -10.0 0.0 -4.0
4.0 -8.0 -4.0 -10.0 -4.0 -4.0
6.0 -8.0 -4.0 -10.0 -4.0 -4.0
4.0 -8.0 4.0 -10.0 0.0 -10.0
-4.0 -12.0 6.0 -10.0 0.0 -10.0
-4.0 -12.0 4.0 -12.0 -4.0 -8.0
0.0 -12.0 6.0 -12.0 -4.0 -8.0
0.0 -10.0 4.0 -16.0 -4.0 -12.0
-8.0 -8.0 10.0 -12.0 0.0 -12.0
-8.0 -8.0 8.0 -16.0 0.0 -8.0
-4.0 -8.0 12.0 -16.0 0.0 -8.0
-4.0 -10.0 12.0 -16.0 -2.0 -8.0
-4.0 -8.0 12.0 -22.0 -2.0 -10.0
-4.0 -12.0 0.0 -16.0 -2.0 -8.0
0.0 -8.0 0.0 -16.0 2.0 -8.0
0.0 -8.0 2.0 -14.0 2.0 -8.0
-4.0 -4.0 2.0 -10.0 -6.0 -10.0
-6.0 -4.0 2.0 -10.0 -6.0 -10.0
-6.0 -8.0 4.0 -10.0 0.0 -8.0
-8.0 -10.0 4.0 -10.0 0.0 -8.0
-6.0 -16.0 8.0 -10.0 4.0 -2.0
-6.0 -10.0 10.0 -18.0 2.0 0.0
-4.0 -2.0 10.0 -22.0 2.0 -2.0
-4.0 -2.0 8.0 -18.0 -4.0 -10.0
-4.0 -6.0 8.0 -14.0 -6.0 -10.0
-8.0 -6.0 8.0 -14.0 -6.0 -12.0
-8.0 -6.0 2.0 -16.0 -6.0 -8.0
-8.0 -6.0 2.0 -16.0 -6.0 -8.0
-10.0 -12.0 2.0 -16.0 -2.0 -8.0
-4.0 -10.0 4.0 -12.0 6.0 -6.0
-10.0 -10.0 4.0 -18.0 6.0 -6.0
-14.0 -10.0 4.0 -12.0 6.0 -6.0
-14.0 -8.0 0.0 -12.0 -2.0 -8.0
-14.0 -10.0 0.0 -12.0 -2.0 -8.0
-12.0 -10.0 -6.0 -12.0 -10.0 -8.0
-10.0 -12.0 -8.0 -20.0 -10.0 -8.0
-10.0 -12.0 -8.0 -20.0 -10.0 0.0
-10.0 -12.0 -10.0 -18.0 0.0 -8.0
-10.0 -8.0 4.0 -18.0 0.0 -8.0
-16.0 -8.0 4.0 -18.0 2.0 -8.0
-16.0 -8.0 4.0 -16.0 2.0 -8.0
-16.0 -8.0 4.0 -16.0 -6.0 -8.0
-16.0 -8.0 4.0 -22.0 -6.0 -6.0
-14.0 -8.0 4.0 -22.0 -6.0 -8.0
-14.0 -8.0 8.0 -22.0 -6.0 -4.0
