# Target: wrist_down
# Dominant_Vision: Open Hand
6.0 14.0 4.0 36.0 -4.0 0.0
4.0 10.0 4.0 28.0 0.0 0.0
8.0 14.0 12.0 36.0 -2.0 0.0
6.0 18.0 16.0 40.0 -2.0 2.0
6.0 18.0 16.0 40.0 -6.0 2.0
6.0 14.0 16.0 36.0 -6.0 2.0
4.0 12.0 14.0 36.0 -8.0 0.0
6.0 12.0 14.0 36.0 -8.0 2.0
0.0 22.0 14.0 40.0 -12.0 6.0
4.0 22.0 12.0 42.0 -12.0 6.0
4.0 14.0 12.0 42.0 -14.0 6.0
4.0 12.0 12.0 42.0 -8.0 6.0
4.0 12.0 14.0 36.0 -8.0 6.0
0.0 12.0 12.0 42.0 -4.0 6.0
-4.0 20.0 14.0 36.0 -4.0 6.0
-4.0 12.0 4.0 42.0 -8.0 6.0
2.0 12.0 14.0 36.0 -8.0 -2.0
2.0 12.0 4.0 42.0 -8.0 -2.0
2.0 10.0 12.0 38.0 -6.0 -2.0
2.0 22.0 10.0 42.0 -4.0 2.0
4.0 20.0 12.0 42.0 -4.0 8.0
4.0 20.0 14.0 44.0 -4.0 8.0
12.0 14.0 14.0 44.0 -6.0 4.0
6.0 14.0 14.0 42.0 -6.0 4.0
6.0 16.0 14.0 40.0 -6.0 4.0
4.0 24.0 6.0 40.0 -10.0 4.0
4.0 16.0 6.0 42.0 -10.0 4.0
4.0 16.0 10.0 42.0 -10.0 2.0
4.0 16.0 10.0 42.0 -8.0 2.0
4.0 16.0 10.0 48.0 -8.0 2.0
12.0 14.0 14.0 48.0 -10.0 8.0
16.0 26.0 14.0 58.0 -10.0 10.0
20.0 16.0 12.0 62.0 -6.0 10.0
28.0 26.0 12.0 70.0 0.0 10.0
34.0 26.0 12.0 74.0 2.0 10.0
52.0 26.0 8.0 88.0 2.0 14.0
72.0 32.0 8.0 100.0 2.0 14.0
84.0 22.0 20.0 100.0 14.0 14.0
92.0 34.0 20.0 100.0 14.0 14.0
98.0 26.0 34.0 100.0 14.0 16.0
100.0 26.0 34.0 100.0 26.0 22.0
100.0 26.0 38.0 100.0 34.0 22.0
100.0 28.0 44.0 100.0 58.0 22.0
100.0 36.0 46.0 100.0 68.0 16.0
100.0 44.0 54.0 100.0 100.0 16.0
100.0 50.0 56.0 100.0 100.0 32.0
100.0 44.0 62.0 100.0 100.0 32.0
100.0 50.0 68.0 100.0 100.0 32.0
100.0 50.0 80.0 100.0 100.0 36.0
100.0 50.0 84.0 100.0 100.0 36.0
100.0 50.0 84.0 100.0 100.0 32.0
100.0 70.0 92.0 100.0 100.0 30.0
100.0 78.0 100.0 100.0 100.0 30.0
100.0 78.0 100.0 100.0 100.0 28.0
100.0 80.0 100.0 100.0 100.0 28.0
100.0 80.0 100.0 100.0 100.0 28.0
100.0 84.0 100.0 100.0 100.0 26.0
100.0 80.0 100.0 100.0 100.0 26.0
100.0 84.0 100.0 100.0 100.0 30.0
100.0 84.0 100.0 100.0 100.0 38.0
100.0 84.0 100.0 100.0 100.0 38.0
100.0 84.0 100.0 100.0 100.0 38.0
100.0 84.0 100.0 100.0 100.0 34.0
100.0 84.0 100.0 100.0 100.0 34.0
100.0 86.0 100.0 100.0 100.0 34.0
100.0 86.0 100.0 100.0 100.0 34.0
100.0 86.0 100.0 100.0 100.0 36.0
100.0 88.0 100.0 100.0 100.0 32.0
100.0 88.0 100.0 100.0 100.0 32.0
100.0 88.0 100.0 100.0 100.0 32.0
100.0 88.0 100.0 100.0 100.0 32.0
100.0 86.0 100.0 100.0 100.0 34.0
100.0 82.0 100.0 100.0 100.0 34.0
100.0 82.0 100.0 100.0 100.0 28.0
100.0 82.0 100.0 100.0 100.0 28.0
100.0 82.0 100.0 100.0 100.0 28.0
100.0 82.0 100.0 100.0 100.0 30.0
100.0 86.0 100.0 100.0 100.0 28.0
100.0 84.0 100.0 100.0 100.0 28.0
100.0 84.0 100.0 100.0 100.0 28.0
100.0 84.0 100.0 100.0 100.0 28.0
100.0 78.0 100.0 100.0 100.0 28.0
100.0 82.0 100.0 100.0 100.0 28.0
100.0 82.0 100.0 100.0 100.0 28.0
100.0 82.0 100.0 100.0 100.0 28.0
100.0 70.0 100.0 100.0 100.0 24.0
100.0 70.0 100.0 100.0 100.0 24.0
100.0 76.0 100.0 100.0 100.0 30.0
100.0 76.0 100.0 100.0 100.0 30.0
100.0 68.0 100.0 100.0 100.0 28.0
100.0 58.0 100.0 100.0 100.0 28.0
100.0 64.0 94.0 100.0 100.0 24.0
100.0 58.0 92.0 100.0 100.0 24.0
100.0 48.0 84.0 100.0 100.0 16.0
100.0 44.0 82.0 100.0 100.0 16.0
100.0 44.0 78.0 100.0 100.0 16.0
100.0 42.0 66.0 100.0 98.0 12.0
100.0 40.0 64.0 100.0 74.0 10.0
100.0 38.0 56.0 100.0 68.0 6.0
100.0 28.0 54.0 100.0 64.0 6.0
100.0 26.0 46.0 100.0 54.0 6.0
80.0 28.0 44.0 100.0 26.0 2.0
78.0 34.0 28.0 100.0 22.0 0.0
80.0 34.0 26.0 100.0 16.0 0.0
78.0 32.0 20.0 100.0 12.0 0.0
74.0 32.0 18.0 100.0 12.0 0.0
70.0 32.0 10.0 84.0 10.0 0.0
66.0 34.0 10.0 68.0 0.0 -2.0
62.0 32.0 12.0 52.0 -8.0 -2.0
62.0 36.0 12.0 50.0 -8.0 -2.0
58.0 32.0 12.0 48.0 -2.0 -2.0
42.0 32.0 10.0 46.0 0.0 -2.0
22.0 28.0 6.0 48.0 0.0 0.0
-24.0 18.0 0.0 46.0 -6.0 -2.0
-28.0 18.0 0.0 52.0 -6.0 4.0
-42.0 18.0 0.0 46.0 -8.0 -2.0
-42.0 20.0 6.0 42.0 -8.0 -2.0
-40.0 20.0 6.0 42.0 -10.0 -2.0
-40.0 22.0 4.0 42.0 -14.0 0.0
-42.0 30.0 2.0 42.0 -14.0 0.0
-42.0 24.0 0.0 42.0 -14.0 6.0
-48.0 30.0 0.0 36.0 -14.0 2.0
-42.0 30.0 4.0 24.0 -14.0 2.0
-42.0 30.0 4.0 28.0 -14.0 2.0
-42.0 20.0 0.0 28.0 -16.0 -6.0
-46.0 20.0 -2.0 34.0 -12.0 -6.0
-46.0 20.0 -8.0 40.0 -14.0 -6.0
-48.0 24.0 -8.0 40.0 -8.0 -2.0
-48.0 24.0 -8.0 36.0 -6.0 -2.0
-50.0 24.0 0.0 34.0 -6.0 -28.0
-50.0 24.0 -8.0 34.0 -6.0 -28.0
-50.0 24.0 0.0 36.0 -14.0 -2.0
-54.0 24.0 -8.0 36.0 -8.0 -2.0
-54.0 22.0 2.0 36.0 -8.0 -2.0
-54.0 22.0 2.0 36.0 -8.0 -4.0
-54.0 10.0 4.0 38.0 -8.0 -4.0
-54.0 12.0 2.0 36.0 -14.0 -4.0
-54.0 12.0 2.0 36.0 -18.0 0.0
-52.0 16.0 -2.0 36.0 -20.0 0.0
-52.0 16.0 -6.0 26.0 -18.0 0.0
-50.0 22.0 -6.0 24.0 -18.0 0.0
-50.0 24.0 -6.0 22.0 -18.0 4.0
-54.0 22.0 0.0 20.0 -10.0 4.0
-54.0 22.0 0.0 22.0 -18.0 -2.0
-54.0 16.0 2.0 20.0 -14.0 -2.0
-52.0 16.0 0.0 20.0 -14.0 -2.0
-50.0 16.0 -2.0 10.0 -14.0 2.0
-50.0 20.0 -2.0 16.0 -10.0 2.0
-50.0 22.0 -10.0 10.0 -10.0 0.0
-52.0 22.0 -10.0 10.0 -10.0 0.0
-56.0 22.0 -2.0 10.0 -12.0 -2.0
-52.0 16.0 -2.0 10.0 -12.0 -4.0
-52.0 16.0 -6.0 10.0 -12.0 -10.0
-52.0 16.0 -6.0 10.0 -14.0 -10.0
-58.0 20.0 -16.0 6.0 -18.0 -10.0
-58.0 20.0 -14.0 6.0 -18.0 -4.0
-58.0 20.0 -14.0 0.0 -12.0 -4.0
-84.0 18.0 -14.0 0.0 -10.0 -4.0
-54.0 26.0 -14.0 0.0 -12.0 -2.0
-62.0 24.0 -26.0 0.0 -10.0 -32.0
-62.0 26.0 -28.0 -4.0 -16.0 -2.0
-66.0 24.0 -28.0 -6.0 -10.0 -12.0
-74.0 26.0 -28.0 -12.0 -16.0 -12.0
-74.0 22.0 -28.0 -12.0 -18.0 -12.0
-74.0 18.0 -30.0 -12.0 -24.0 -8.0
-90.0 18.0 -32.0 -12.0 -24.0 -2.0
-90.0 16.0 -36.0 -14.0 -20.0 -2.0
-88.0 14.0 -42.0 -14.0 -14.0 -2.0
-88.0 14.0 -42.0 -22.0 -20.0 -2.0
-88.0 20.0 -42.0 -18.0 -14.0 -4.0
-94.0 20.0 -40.0 -18.0 -14.0 -8.0
-96.0 12.0 -34.0 -18.0 -10.0 -8.0
-100.0 10.0 -40.0 -14.0 -14.0 -8.0
-100.0 12.0 -44.0 -20.0 -16.0 -2.0
-100.0 6.0 -48.0 -20.0 -16.0 -2.0
-100.0 12.0 -48.0 -20.0 -16.0 -2.0
-100.0 8.0 -52.0 -22.0 -16.0 -6.0
-100.0 8.0 -52.0 -28.0 -18.0 -8.0
-100.0 8.0 -56.0 -32.0 -18.0 -8.0
-100.0 2.0 -56.0 -38.0 -18.0 -8.0
-100.0 2.0 -44.0 -38.0 -22.0 -12.0
-100.0 4.0 -42.0 -32.0 -22.0 -8.0
-100.0 4.0 -40.0 -30.0 -18.0 -8.0
-100.0 4.0 -42.0 -30.0 -18.0 -6.0
-100.0 4.0 -44.0 -36.0 -18.0 -6.0
-100.0 4.0 -48.0 -36.0 -20.0 -6.0
-100.0 4.0 -54.0 -28.0 -18.0 -8.0
-100.0 0.0 -54.0 -28.0 -20.0 -8.0
-100.0 0.0 -52.0 -30.0 -20.0 -8.0
-94.0 6.0 -52.0 -34.0 -20.0 -10.0
-94.0 6.0 -52.0 -34.0 -16.0 -12.0
-94.0 6.0 -52.0 -34.0 -16.0 -12.0
-96.0 4.0 -44.0 -34.0 -16.0 -10.0
-98.0 8.0 -46.0 -36.0 -14.0 -10.0
-96.0 4.0 -46.0 -36.0 -14.0 -14.0
-96.0 4.0 -46.0 -28.0 -16.0 -14.0
-90.0 4.0 -44.0 -18.0 -16.0 -16.0
-90.0 8.0 -42.0 -12.0 -14.0 -6.0
-90.0 8.0 -42.0 -12.0 -8.0 -6.0
-90.0 10.0 -42.0 -14.0 -14.0 -6.0
-90.0 10.0 -46.0 -14.0 -10.0 -6.0
-90.0 10.0 -42.0 -14.0 -14.0 -10.0
-92.0 14.0 -42.0 -14.0 -10.0 -10.0
-92.0 16.0 -34.0 -14.0 -16.0 -6.0
-98.0 20.0 -34.0 -8.0 -10.0 -4.0
-100.0 20.0 -34.0 -4.0 -10.0 -4.0
-100.0 20.0 -34.0 -4.0 -10.0 -4.0
-100.0 20.0 -34.0 -8.0 -10.0 0.0
-100.0 32.0 -40.0 -10.0 -10.0 0.0
-100.0 32.0 -42.0 -14.0 -10.0 4.0
-100.0 20.0 -40.0 -16.0 -12.0 -4.0
-100.0 20.0 -38.0 -16.0 -12.0 -4.0
-100.0 26.0 -38.0 -16.0 -12.0 -4.0
-100.0 28.0 -38.0 -10.0 -2.0 4.0
-100.0 26.0 -38.0 -8.0 -14.0 4.0
-100.0 22.0 -32.0 -8.0 -10.0 4.0
-100.0 22.0 -32.0 -8.0 -10.0 4.0
-100.0 14.0 -42.0 -8.0 -10.0 2.0
-100.0 22.0 -44.0 -2.0 -10.0 2.0
-100.0 20.0 -42.0 -2.0 -14.0 -4.0
-100.0 22.0 -40.0 -2.0 -8.0 -4.0
-100.0 26.0 -40.0 -2.0 -8.0 -4.0
-100.0 26.0 -46.0 -6.0 -8.0 -4.0
-100.0 24.0 -46.0 -10.0 -10.0 -6.0
-100.0 24.0 -42.0 -10.0 -12.0 -6.0
-100.0 22.0 -42.0 -10.0 -18.0 -6.0
-100.0 20.0 -40.0 -10.0 -18.0 4.0
-100.0 20.0 -40.0 -10.0 -18.0 4.0
-100.0 20.0 -40.0 -10.0 -10.0 2.0
-100.0 22.0 -44.0 -12.0 -18.0 -2.0
-100.0 22.0 -44.0 -14.0 -16.0 -8.0
-100.0 22.0 -42.0 -16.0 -16.0 -8.0
-100.0 22.0 -42.0 -16.0 -16.0 0.0
-100.0 22.0 -42.0 -14.0 -12.0 0.0
-100.0 24.0 -40.0 -12.0 -10.0 0.0
-100.0 24.0 -40.0 -14.0 -12.0 0.0
-100.0 28.0 -40.0 -12.0 -12.0 0.0
-100.0 22.0 -44.0 -12.0 -16.0 0.0
-100.0 26.0 -44.0 -8.0 -12.0 0.0
-100.0 26.0 -44.0 -8.0 -8.0 0.0
-100.0 26.0 -46.0 -14.0 -8.0 0.0
-100.0 30.0 -46.0 -14.0 -8.0 0.0
-100.0 24.0 -46.0 -12.0 -16.0 4.0
-100.0 26.0 -44.0 -8.0 -16.0 4.0
-100.0 26.0 -44.0 -12.0 -14.0 4.0
-100.0 26.0 -44.0 -16.0 -12.0 -4.0
-100.0 26.0 -46.0 -18.0 -14.0 -4.0
-100.0 28.0 -46.0 -16.0 -18.0 0.0
-100.0 26.0 -40.0 -20.0 -18.0 0.0
-100.0 26.0 -40.0 -20.0 -18.0 -4.0
-100.0 24.0 -44.0 -20.0 -18.0 -6.0
-100.0 24.0 -46.0 -14.0 -14.0 -6.0
-100.0 24.0 -46.0 -10.0 -16.0 4.0
-100.0 24.0 -46.0 -10.0 -16.0 4.0
-100.0 24.0 -46.0 -12.0 -16.0 2.0
-100.0 24.0 -44.0 -18.0 -8.0 2.0
-100.0 22.0 -44.0 -12.0 -6.0 2.0
-100.0 20.0 -46.0 -16.0 -8.0 2.0
-100.0 22.0 -46.0 -16.0 -16.0 -4.0
-100.0 18.0 -46.0 -18.0 -16.0 -4.0
-100.0 18.0 -46.0 -20.0 -14.0 -4.0
-100.0 18.0 -46.0 -24.0 -14.0 -4.0
-100.0 18.0 -44.0 -24.0 -10.0 -4.0
-100.0 16.0 -44.0 -24.0 -10.0 -2.0
