# Target: wrist_down
# Dominant_Vision: Open Hand
0.0 4.0 0.0 6.0 6.0 -4.0
0.0 0.0 4.0 4.0 6.0 -2.0
-2.0 4.0 4.0 4.0 6.0 -2.0
0.0 2.0 4.0 4.0 6.0 -2.0
-2.0 6.0 -2.0 10.0 6.0 0.0
2.0 8.0 0.0 10.0 6.0 -2.0
6.0 8.0 0.0 10.0 6.0 -2.0
6.0 8.0 2.0 8.0 6.0 -2.0
-2.0 6.0 4.0 8.0 12.0 2.0
-2.0 4.0 2.0 4.0 12.0 2.0
0.0 6.0 4.0 8.0 12.0 4.0
0.0 4.0 0.0 8.0 4.0 4.0
0.0 -2.0 4.0 8.0 4.0 -6.0
-10.0 -2.0 4.0 10.0 4.0 -10.0
2.0 2.0 4.0 10.0 6.0 -10.0
-10.0 2.0 6.0 12.0 6.0 -4.0
0.0 2.0 -2.0 4.0 6.0 -4.0
0.0 0.0 4.0 12.0 6.0 -4.0
0.0 -2.0 -2.0 14.0 6.0 -6.0
2.0 -2.0 -2.0 14.0 0.0 -6.0
2.0 4.0 -8.0 10.0 0.0 -4.0
2.0 12.0 -8.0 10.0 0.0 0.0
4.0 4.0 0.0 10.0 -2.0 -4.0
4.0 12.0 4.0 4.0 -2.0 -2.0
0.0 -2.0 10.0 4.0 4.0 -4.0
-2.0 2.0 10.0 10.0 6.0 -4.0
0.0 0.0 10.0 10.0 6.0 -8.0
-2.0 0.0 0.0 10.0 2.0 -8.0
2.0 0.0 4.0 8.0 0.0 -8.0
0.0 6.0 4.0 14.0 0.0 -8.0
0.0 6.0 6.0 8.0 0.0 -8.0
0.0 8.0 10.0 14.0 0.0 2.0
2.0 6.0 10.0 20.0 0.0 2.0
12.0 6.0 2.0 20.0 6.0 -6.0
18.0 4.0 2.0 20.0 2.0 -6.0
22.0 4.0 2.0 20.0 2.0 -6.0
36.0 4.0 -2.0 32.0 2.0 4.0
64.0 4.0 6.0 58.0 6.0 4.0
86.0 4.0 12.0 88.0 16.0 12.0
100.0 16.0 14.0 100.0 34.0 16.0
100.0 16.0 18.0 100.0 40.0 12.0
100.0 16.0 26.0 100.0 62.0 12.0
100.0 16.0 36.0 100.0 72.0 10.0
100.0 12.0 40.0 100.0 92.0 6.0
100.0 12.0 48.0 100.0 100.0 6.0
100.0 24.0 52.0 100.0 100.0 18.0
100.0 26.0 60.0 100.0 100.0 18.0
100.0 34.0 62.0 100.0 100.0 22.0
100.0 36.0 62.0 100.0 100.0 20.0
100.0 44.0 78.0 100.0 100.0 22.0
100.0 50.0 80.0 100.0 100.0 20.0
100.0 44.0 96.0 100.0 100.0 22.0
100.0 44.0 100.0 100.0 100.0 20.0
100.0 44.0 100.0 100.0 100.0 18.0
100.0 44.0 100.0 100.0 100.0 18.0
100.0 46.0 100.0 100.0 100.0 20.0
100.0 46.0 100.0 100.0 100.0 22.0
100.0 48.0 100.0 100.0 100.0 22.0
100.0 44.0 100.0 100.0 100.0 22.0
100.0 48.0 100.0 100.0 100.0 32.0
100.0 46.0 100.0 100.0 100.0 32.0
100.0 48.0 100.0 100.0 100.0 24.0
100.0 48.0 100.0 100.0 100.0 24.0
100.0 48.0 100.0 100.0 100.0 24.0
100.0 58.0 100.0 100.0 100.0 24.0
100.0 46.0 100.0 100.0 100.0 24.0
100.0 46.0 100.0 100.0 100.0 22.0
100.0 44.0 100.0 100.0 100.0 22.0
100.0 44.0 100.0 100.0 100.0 22.0
100.0 44.0 100.0 100.0 100.0 22.0
100.0 44.0 100.0 100.0 100.0 20.0
100.0 44.0 100.0 100.0 100.0 22.0
100.0 44.0 100.0 100.0 100.0 22.0
100.0 44.0 100.0 100.0 100.0 26.0
100.0 44.0 100.0 100.0 100.0 26.0
100.0 40.0 100.0 100.0 100.0 26.0
100.0 44.0 100.0 100.0 100.0 22.0
100.0 40.0 100.0 100.0 100.0 26.0
100.0 46.0 100.0 100.0 100.0 26.0
100.0 46.0 100.0 100.0 100.0 26.0
100.0 46.0 100.0 100.0 100.0 26.0
100.0 34.0 100.0 100.0 100.0 24.0
100.0 34.0 98.0 100.0 100.0 24.0
100.0 32.0 98.0 100.0 100.0 18.0
100.0 38.0 98.0 100.0 100.0 18.0
100.0 32.0 94.0 100.0 100.0 18.0
100.0 34.0 92.0 100.0 100.0 18.0
100.0 30.0 90.0 100.0 100.0 10.0
100.0 22.0 84.0 100.0 100.0 10.0
100.0 20.0 80.0 100.0 100.0 10.0
100.0 20.0 72.0 100.0 100.0 10.0
100.0 8.0 70.0 100.0 100.0 6.0
100.0 8.0 66.0 100.0 88.0 6.0
100.0 8.0 64.0 100.0 70.0 4.0
100.0 8.0 52.0 100.0 56.0 4.0
100.0 2.0 42.0 100.0 42.0 -6.0
100.0 8.0 32.0 100.0 34.0 8.0
100.0 10.0 32.0 100.0 34.0 2.0
100.0 10.0 30.0 100.0 30.0 2.0
100.0 14.0 36.0 100.0 28.0 2.0
100.0 14.0 30.0 100.0 28.0 2.0
100.0 14.0 26.0 100.0 18.0 2.0
100.0 22.0 24.0 68.0 18.0 -2.0
100.0 22.0 26.0 68.0 14.0 -2.0
100.0 18.0 32.0 72.0 14.0 0.0
100.0 14.0 32.0 72.0 14.0 0.0
100.0 14.0 32.0 72.0 14.0 -2.0
100.0 14.0 20.0 66.0 14.0 -2.0
100.0 10.0 26.0 66.0 12.0 0.0
100.0 10.0 26.0 68.0 10.0 2.0
78.0 12.0 26.0 68.0 10.0 2.0
78.0 12.0 26.0 62.0 16.0 4.0
80.0 12.0 26.0 62.0 16.0 -2.0
84.0 12.0 26.0 60.0 16.0 -4.0
80.0 12.0 26.0 62.0 16.0 -4.0
84.0 14.0 24.0 60.0 16.0 -4.0
80.0 14.0 24.0 62.0 16.0 0.0
86.0 6.0 26.0 62.0 10.0 2.0
82.0 6.0 26.0 62.0 4.0 2.0
82.0 6.0 26.0 62.0 4.0 2.0
82.0 14.0 28.0 64.0 6.0 -2.0
82.0 14.0 28.0 64.0 14.0 -6.0
82.0 12.0 24.0 64.0 8.0 -2.0
84.0 12.0 24.0 62.0 12.0 2.0
82.0 16.0 24.0 64.0 8.0 6.0
84.0 16.0 24.0 62.0 12.0 6.0
82.0 12.0 34.0 62.0 12.0 -4.0
78.0 12.0 24.0 62.0 12.0 -4.0
78.0 12.0 28.0 64.0 12.0 -4.0
78.0 14.0 28.0 64.0 6.0 2.0
76.0 12.0 32.0 58.0 6.0 0.0
82.0 16.0 32.0 58.0 6.0 2.0
76.0 18.0 28.0 60.0 12.0 2.0
76.0 18.0 28.0 60.0 12.0 2.0
76.0 8.0 34.0 58.0 12.0 4.0
78.0 8.0 34.0 54.0 12.0 0.0
78.0 12.0 30.0 52.0 12.0 0.0
76.0 22.0 30.0 52.0 10.0 0.0
76.0 22.0 30.0 56.0 10.0 0.0
76.0 26.0 32.0 56.0 10.0 2.0
76.0 26.0 32.0 54.0 10.0 2.0
84.0 26.0 32.0 54.0 12.0 2.0
84.0 28.0 40.0 58.0 12.0 0.0
82.0 28.0 36.0 58.0 12.0 2.0
80.0 28.0 44.0 58.0 12.0 4.0
70.0 26.0 36.0 60.0 8.0 4.0
70.0 18.0 34.0 66.0 14.0 4.0
82.0 18.0 34.0 66.0 14.0 4.0
82.0 24.0 38.0 60.0 14.0 4.0
88.0 28.0 42.0 60.0 10.0 2.0
84.0 28.0 42.0 62.0 8.0 6.0
84.0 28.0 42.0 62.0 8.0 6.0
84.0 28.0 38.0 64.0 8.0 6.0
84.0 28.0 38.0 64.0 12.0 2.0
84.0 28.0 44.0 64.0 16.0 2.0
74.0 26.0 44.0 68.0 16.0 -2.0
88.0 24.0 44.0 64.0 8.0 4.0
84.0 24.0 46.0 70.0 8.0 4.0
88.0 24.0 46.0 68.0 12.0 8.0
84.0 26.0 46.0 68.0 12.0 10.0
78.0 24.0 46.0 68.0 12.0 10.0
78.0 24.0 44.0 66.0 12.0 6.0
86.0 24.0 44.0 70.0 12.0 6.0
86.0 26.0 44.0 66.0 10.0 8.0
82.0 26.0 44.0 70.0 12.0 8.0
82.0 28.0 46.0 66.0 4.0 8.0
84.0 30.0 46.0 66.0 12.0 6.0
86.0 30.0 36.0 66.0 14.0 12.0
90.0 32.0 36.0 66.0 14.0 6.0
90.0 32.0 36.0 66.0 14.0 10.0
90.0 30.0 40.0 66.0 14.0 8.0
84.0 30.0 40.0 66.0 14.0 10.0
84.0 24.0 44.0 68.0 12.0 10.0
84.0 28.0 46.0 72.0 14.0 10.0
86.0 28.0 44.0 72.0 18.0 12.0
94.0 34.0 42.0 72.0 18.0 16.0
96.0 38.0 42.0 68.0 20.0 16.0
96.0 34.0 42.0 82.0 18.0 12.0
98.0 34.0 42.0 86.0 18.0 12.0
98.0 28.0 42.0 86.0 18.0 12.0
100.0 26.0 38.0 86.0 18.0 10.0
96.0 24.0 42.0 78.0 14.0 14.0
96.0 26.0 38.0 86.0 14.0 10.0
96.0 36.0 38.0 78.0 14.0 14.0
100.0 36.0 38.0 76.0 14.0 12.0
100.0 34.0 40.0 76.0 14.0 14.0
100.0 24.0 44.0 76.0 12.0 12.0
100.0 24.0 46.0 84.0 14.0 8.0
100.0 28.0 46.0 84.0 16.0 8.0
100.0 30.0 44.0 74.0 16.0 6.0
94.0 34.0 42.0 74.0 16.0 10.0
98.0 34.0 42.0 78.0 12.0 12.0
98.0 36.0 42.0 80.0 12.0 12.0
98.0 36.0 40.0 80.0 12.0 12.0
92.0 36.0 40.0 70.0 16.0 4.0
74.0 34.0 44.0 70.0 16.0 4.0
90.0 34.0 44.0 72.0 18.0 6.0
88.0 28.0 44.0 72.0 16.0 14.0
90.0 28.0 38.0 72.0 10.0 14.0
98.0 24.0 38.0 74.0 10.0 12.0
98.0 24.0 46.0 74.0 18.0 10.0
92.0 24.0 46.0 74.0 18.0 10.0
88.0 30.0 42.0 74.0 16.0 10.0
84.0 28.0 40.0 74.0 16.0 10.0
84.0 30.0 42.0 74.0 16.0 2.0
86.0 30.0 46.0 70.0 12.0 2.0
86.0 30.0 46.0 58.0 12.0 6.0
84.0 30.0 46.0 58.0 16.0 8.0
84.0 32.0 46.0 64.0 16.0 10.0
86.0 32.0 44.0 80.0 16.0 16.0
86.0 30.0 42.0 80.0 14.0 16.0
86.0 30.0 38.0 56.0 14.0 8.0
84.0 30.0 38.0 56.0 12.0 8.0
86.0 34.0 38.0 66.0 14.0 18.0
84.0 34.0 38.0 66.0 14.0 18.0
88.0 30.0 36.0 70.0 14.0 14.0
90.0 26.0 34.0 70.0 14.0 12.0
90.0 30.0 34.0 74.0 16.0 12.0
88.0 30.0 48.0 74.0 16.0 12.0
88.0 30.0 48.0 74.0 16.0 12.0
90.0 24.0 46.0 72.0 16.0 12.0
90.0 24.0 42.0 72.0 16.0 10.0
90.0 24.0 40.0 66.0 18.0 10.0
92.0 24.0 40.0 66.0 18.0 10.0
94.0 24.0 38.0 66.0 12.0 10.0
92.0 24.0 36.0 64.0 12.0 10.0
88.0 24.0 36.0 60.0 12.0 8.0
88.0 28.0 38.0 60.0 8.0 6.0
90.0 28.0 40.0 60.0 10.0 6.0
