# Target: wrist_down
# Dominant_Vision: Open Hand
0.0 0.0 -2.0 0.0 0.0 2.0
4.0 0.0 -12.0 0.0 0.0 2.0
4.0 0.0 -12.0 0.0 -4.0 2.0
2.0 0.0 -12.0 0.0 -8.0 2.0
2.0 0.0 -6.0 0.0 -8.0 2.0
4.0 0.0 -2.0 0.0 -2.0 2.0
4.0 2.0 -6.0 2.0 -2.0 -8.0
4.0 2.0 -4.0 2.0 -6.0 -8.0
4.0 0.0 -6.0 0.0 -6.0 2.0
10.0 0.0 -4.0 0.0 2.0 6.0
10.0 -10.0 -4.0 0.0 2.0 6.0
8.0 -4.0 -4.0 6.0 6.0 6.0
8.0 -6.0 -8.0 6.0 2.0 6.0
8.0 -4.0 -8.0 10.0 2.0 4.0
12.0 -6.0 -6.0 18.0 2.0 4.0
16.0 6.0 -6.0 30.0 2.0 4.0
76.0 4.0 -6.0 78.0 8.0 4.0
88.0 6.0 -4.0 80.0 10.0 8.0
100.0 6.0 4.0 100.0 20.0 8.0
100.0 16.0 10.0 100.0 26.0 10.0
100.0 16.0 28.0 100.0 42.0 10.0
100.0 16.0 32.0 100.0 58.0 10.0
100.0 16.0 42.0 100.0 92.0 10.0
100.0 16.0 58.0 100.0 100.0 18.0
100.0 12.0 72.0 100.0 100.0 20.0
100.0 20.0 80.0 100.0 100.0 20.0
100.0 22.0 94.0 100.0 100.0 32.0
100.0 22.0 100.0 100.0 100.0 32.0
100.0 22.0 100.0 100.0 100.0 30.0
100.0 22.0 100.0 100.0 100.0 26.0
100.0 24.0 100.0 100.0 100.0 24.0
100.0 32.0 100.0 100.0 100.0 24.0
100.0 28.0 100.0 100.0 100.0 22.0
100.0 28.0 100.0 100.0 100.0 20.0
100.0 24.0 100.0 100.0 100.0 20.0
100.0 24.0 100.0 100.0 100.0 18.0
100.0 22.0 100.0 100.0 100.0 16.0
100.0 16.0 96.0 100.0 100.0 12.0
100.0 12.0 82.0 100.0 100.0 12.0
100.0 6.0 78.0 100.0 98.0 12.0
100.0 -2.0 62.0 100.0 80.0 10.0
100.0 -2.0 58.0 100.0 70.0 10.0
100.0 -6.0 46.0 100.0 44.0 8.0
100.0 -6.0 34.0 100.0 38.0 8.0
100.0 -4.0 24.0 100.0 30.0 8.0
100.0 -4.0 22.0 100.0 30.0 4.0
100.0 0.0 12.0 100.0 16.0 0.0
100.0 -6.0 10.0 100.0 16.0 -4.0
76.0 2.0 10.0 66.0 10.0 0.0
76.0 4.0 14.0 36.0 -2.0 -8.0
68.0 10.0 14.0 26.0 -2.0 0.0
78.0 10.0 8.0 24.0 -2.0 2.0
68.0 2.0 8.0 22.0 -4.0 2.0
68.0 2.0 6.0 22.0 -8.0 2.0
56.0 10.0 2.0 22.0 -4.0 2.0
32.0 10.0 2.0 24.0 -6.0 2.0
6.0 2.0 0.0 24.0 -6.0 0.0
6.0 2.0 4.0 24.0 -6.0 0.0
-4.0 2.0 0.0 24.0 -2.0 2.0
-4.0 -2.0 -2.0 24.0 0.0 2.0
-6.0 -4.0 -2.0 20.0 -2.0 0.0
-6.0 -4.0 6.0 22.0 -6.0 -2.0
-6.0 -4.0 6.0 20.0 -6.0 -2.0
-4.0 -4.0 2.0 22.0 -6.0 -2.0
-4.0 0.0 2.0 20.0 -4.0 6.0
-4.0 0.0 2.0 20.0 -4.0 6.0
-4.0 2.0 2.0 18.0 -4.0 4.0
-2.0 2.0 2.0 18.0 -4.0 2.0
-2.0 6.0 2.0 16.0 -6.0 2.0
-6.0 -2.0 4.0 16.0 -8.0 2.0
-18.0 6.0 2.0 16.0 -8.0 0.0
-12.0 -2.0 2.0 16.0 -6.0 0.0
-14.0 6.0 0.0 22.0 -6.0 0.0
-14.0 8.0 0.0 22.0 -6.0 0.0
-14.0 8.0 0.0 22.0 -6.0 0.0
-10.0 8.0 4.0 22.0 -8.0 4.0
-10.0 0.0 6.0 20.0 -8.0 4.0
-8.0 0.0 6.0 22.0 -8.0 8.0
-8.0 0.0 6.0 20.0 -4.0 8.0
-12.0 0.0 0.0 16.0 -6.0 8.0
-12.0 0.0 -2.0 8.0 -6.0 0.0
-12.0 0.0 0.0 8.0 -8.0 0.0
-12.0 2.0 -2.0 8.0 -8.0 0.0
-16.0 0.0 -2.0 10.0 -12.0 0.0
-16.0 0.0 -2.0 12.0 -12.0 -4.0
-10.0 -8.0 2.0 22.0 -8.0 -4.0
-10.0 -4.0 2.0 22.0 -8.0 -4.0
-10.0 -4.0 4.0 16.0 -8.0 2.0
-14.0 2.0 2.0 16.0 -6.0 2.0
-10.0 2.0 2.0 18.0 -6.0 2.0
-14.0 2.0 0.0 18.0 -4.0 2.0
-14.0 4.0 0.0 18.0 -4.0 -2.0
-14.0 8.0 0.0 16.0 -4.0 0.0
-10.0 12.0 4.0 16.0 -4.0 0.0
-10.0 12.0 6.0 16.0 -12.0 2.0
-14.0 2.0 6.0 18.0 -4.0 2.0
-14.0 2.0 6.0 18.0 -6.0 2.0
-14.0 2.0 2.0 18.0 -4.0 -2.0
-14.0 0.0 4.0 16.0 -4.0 -2.0
-14.0 -4.0 4.0 14.0 -4.0 -2.0
-12.0 -4.0 4.0 14.0 -6.0 -2.0
-12.0 0.0 4.0 10.0 -10.0 -2.0
-12.0 0.0 4.0 10.0 -10.0 -4.0
-12.0 4.0 2.0 14.0 -8.0 2.0
-8.0 -2.0 2.0 14.0 -8.0 0.0
-6.0 -8.0 2.0 12.0 -8.0 2.0
-6.0 -8.0 4.0 8.0 -12.0 2.0
-6.0 0.0 4.0 8.0 -8.0 2.0
-4.0 0.0 -6.0 16.0 -10.0 2.0
-4.0 4.0 -8.0 16.0 -8.0 -2.0
-12.0 4.0 -8.0 6.0 -6.0 -2.0
-12.0 4.0 -2.0 6.0 -6.0 -2.0
-12.0 2.0 8.0 10.0 -12.0 0.0
-12.0 2.0 -2.0 10.0 -12.0 -2.0
-12.0 2.0 8.0 10.0 -12.0 0.0
-10.0 2.0 10.0 14.0 -10.0 0.0
-10.0 -2.0 10.0 16.0 -10.0 0.0
-8.0 6.0 8.0 22.0 -10.0 6.0
-8.0 -2.0 6.0 16.0 -10.0 6.0
-8.0 6.0 6.0 8.0 -10.0 4.0
-10.0 0.0 6.0 8.0 -10.0 -6.0
-10.0 0.0 8.0 12.0 -10.0 0.0
-10.0 0.0 8.0 12.0 -6.0 0.0
-8.0 0.0 8.0 12.0 -6.0 0.0
-8.0 0.0 6.0 10.0 -8.0 6.0
-8.0 8.0 6.0 12.0 -8.0 6.0
-4.0 8.0 6.0 10.0 -4.0 6.0
-4.0 8.0 6.0 12.0 -4.0 2.0
-4.0 4.0 6.0 20.0 -2.0 0.0
-8.0 4.0 8.0 20.0 -4.0 2.0
-10.0 0.0 -2.0 20.0 -4.0 2.0
-10.0 0.0 8.0 12.0 -4.0 2.0
-14.0 0.0 0.0 14.0 -6.0 2.0
-10.0 0.0 8.0 14.0 -10.0 2.0
-14.0 0.0 0.0 14.0 -10.0 0.0
-16.0 0.0 0.0 20.0 -10.0 2.0
-16.0 -2.0 -2.0 8.0 -6.0 2.0
-16.0 2.0 -2.0 8.0 -6.0 2.0
-16.0 2.0 0.0 8.0 -10.0 0.0
-14.0 2.0 0.0 12.0 -12.0 -2.0
-10.0 -4.0 0.0 12.0 -10.0 -2.0
-10.0 -4.0 0.0 12.0 -12.0 -2.0
-18.0 -4.0 0.0 12.0 -6.0 -2.0
-18.0 2.0 0.0 6.0 -12.0 0.0
-10.0 2.0 0.0 6.0 -12.0 0.0
-10.0 -2.0 0.0 6.0 -12.0 2.0
-16.0 -8.0 -2.0 6.0 -12.0 2.0
-16.0 -6.0 -2.0 4.0 -10.0 2.0
-14.0 -6.0 6.0 6.0 -10.0 2.0
-8.0 0.0 6.0 12.0 -8.0 2.0
-8.0 0.0 0.0 12.0 -8.0 6.0
-8.0 -4.0 -4.0 12.0 -6.0 2.0
-4.0 -4.0 -4.0 2.0 -6.0 -2.0
-8.0 -2.0 4.0 4.0 -6.0 -6.0
-16.0 -2.0 4.0 4.0 -8.0 -6.0
-16.0 -4.0 -4.0 10.0 -8.0 2.0
-20.0 -4.0 -4.0 10.0 -6.0 2.0
-14.0 -2.0 2.0 14.0 -6.0 0.0
-18.0 0.0 4.0 12.0 -8.0 0.0
-16.0 0.0 4.0 12.0 -8.0 0.0
-18.0 0.0 4.0 10.0 -4.0 0.0
-16.0 0.0 2.0 10.0 -4.0 0.0
-16.0 -10.0 2.0 10.0 -6.0 2.0
-16.0 2.0 -4.0 14.0 -12.0 -2.0
-14.0 -4.0 -4.0 14.0 -6.0 0.0
-22.0 0.0 -4.0 14.0 -10.0 0.0
-14.0 0.0 -4.0 10.0 -4.0 0.0
-12.0 0.0 -4.0 10.0 -8.0 0.0
-10.0 6.0 -4.0 14.0 -4.0 -6.0
-10.0 -2.0 -4.0 14.0 -2.0 -8.0
-14.0 0.0 6.0 14.0 -2.0 -8.0
-16.0 0.0 6.0 16.0 -8.0 -8.0
-14.0 2.0 4.0 16.0 -8.0 -8.0
-14.0 4.0 2.0 12.0 -6.0 -4.0
-10.0 6.0 4.0 12.0 -4.0 -4.0
-14.0 6.0 2.0 12.0 -4.0 -2.0
-10.0 2.0 -4.0 10.0 -6.0 -4.0
-10.0 2.0 -4.0 12.0 -6.0 -2.0
-10.0 2.0 -4.0 10.0 -8.0 -2.0
-18.0 0.0 0.0 12.0 -10.0 0.0
-20.0 0.0 0.0 12.0 -10.0 0.0
-20.0 -2.0 10.0 12.0 -6.0 0.0
-18.0 2.0 10.0 12.0 -6.0 -2.0
-10.0 -2.0 -2.0 12.0 -6.0 -2.0
-10.0 -2.0 -2.0 12.0 -2.0 2.0
-10.0 -4.0 0.0 12.0 -2.0 4.0
-12.0 -36.0 4.0 12.0 -4.0 6.0
-14.0 -36.0 0.0 14.0 -4.0 6.0
-16.0 0.0 4.0 12.0 -6.0 2.0
-16.0 0.0 4.0 14.0 -6.0 2.0
-12.0 -2.0 4.0 10.0 -4.0 4.0
-10.0 -4.0 6.0 16.0 -4.0 4.0
-8.0 -4.0 -2.0 10.0 -4.0 4.0
-8.0 -4.0 4.0 10.0 -6.0 4.0
-8.0 -8.0 4.0 10.0 -6.0 0.0
-10.0 -8.0 4.0 6.0 -2.0 0.0
-14.0 -8.0 0.0 6.0 -2.0 -2.0
-14.0 -42.0 0.0 14.0 -2.0 -2.0
-10.0 -2.0 4.0 14.0 -8.0 2.0
-10.0 -2.0 4.0 14.0 -2.0 2.0
-10.0 0.0 4.0 12.0 -2.0 -6.0
-14.0 0.0 4.0 16.0 -2.0 -6.0
-14.0 4.0 4.0 14.0 -2.0 0.0
-14.0 0.0 4.0 16.0 -2.0 2.0
-16.0 0.0 4.0 14.0 -8.0 2.0
-14.0 0.0 2.0 10.0 -8.0 4.0
-18.0 0.0 -2.0 10.0 -6.0 4.0
-18.0 -2.0 -4.0 8.0 -6.0 4.0
-18.0 -2.0 -4.0 16.0 -6.0 4.0
-10.0 -2.0 2.0 14.0 -6.0 6.0
-10.0 -2.0 2.0 14.0 -6.0 4.0
-12.0 0.0 -4.0 10.0 -6.0 2.0
-12.0 0.0 -4.0 10.0 -10.0 2.0
-10.0 2.0 -2.0 10.0 -10.0 2.0
-10.0 0.0 -2.0 4.0 -10.0 2.0
-14.0 0.0 -2.0 4.0 -12.0 -2.0
-14.0 0.0 4.0 10.0 -2.0 -2.0
-18.0 -4.0 6.0 10.0 -12.0 -2.0
-18.0 -2.0 6.0 10.0 -10.0 0.0
-18.0 -4.0 4.0 14.0 -12.0 0.0
-14.0 -6.0 4.0 14.0 -10.0 0.0
-18.0 -6.0 4.0 14.0 -10.0 0.0
-14.0 -6.0 2.0 8.0 -10.0 -2.0
-18.0 0.0 2.0 8.0 -10.0 -2.0
-16.0 0.0 2.0 8.0 -4.0 -2.0
-16.0 0.0 0.0 10.0 -6.0 4.0
-14.0 -6.0 0.0 10.0 -6.0 4.0
-12.0 -6.0 0.0 8.0 -12.0 -2.0
-12.0 -6.0 0.0 8.0 -12.0 -10.0
