# Target: wrist_down
# Dominant_Vision: Open Hand
0.0 4.0 0.0 0.0 8.0 4.0
0.0 4.0 4.0 0.0 8.0 0.0
6.0 6.0 4.0 -2.0 12.0 6.0
10.0 4.0 4.0 -2.0 12.0 6.0
10.0 -2.0 4.0 -6.0 10.0 6.0
6.0 -2.0 -2.0 -6.0 6.0 8.0
6.0 -2.0 4.0 0.0 6.0 6.0
8.0 8.0 6.0 10.0 6.0 10.0
8.0 8.0 6.0 10.0 6.0 8.0
6.0 -2.0 6.0 10.0 6.0 8.0
6.0 -2.0 10.0 8.0 6.0 8.0
8.0 2.0 10.0 0.0 6.0 8.0
8.0 2.0 4.0 0.0 8.0 6.0
4.0 0.0 4.0 0.0 6.0 10.0
4.0 -4.0 8.0 2.0 6.0 2.0
6.0 0.0 12.0 2.0 2.0 10.0
6.0 -4.0 8.0 2.0 4.0 2.0
-2.0 -4.0 8.0 2.0 4.0 10.0
-2.0 -4.0 8.0 6.0 6.0 14.0
4.0 4.0 12.0 6.0 6.0 14.0
10.0 4.0 12.0 6.0 6.0 10.0
10.0 -2.0 10.0 0.0 4.0 6.0
10.0 -2.0 0.0 0.0 0.0 4.0
16.0 2.0 8.0 6.0 4.0 6.0
30.0 8.0 6.0 10.0 8.0 6.0
46.0 8.0 6.0 12.0 8.0 6.0
46.0 4.0 2.0 52.0 8.0 12.0
80.0 4.0 2.0 68.0 12.0 10.0
92.0 -50.0 2.0 68.0 22.0 10.0
100.0 8.0 10.0 86.0 22.0 10.0
100.0 14.0 34.0 100.0 48.0 18.0
100.0 20.0 34.0 100.0 58.0 18.0
100.0 14.0 46.0 100.0 92.0 18.0
100.0 8.0 46.0 100.0 92.0 14.0
100.0 8.0 52.0 100.0 100.0 14.0
100.0 12.0 62.0 100.0 100.0 18.0
100.0 22.0 78.0 100.0 100.0 28.0
100.0 28.0 78.0 100.0 100.0 32.0
100.0 28.0 82.0 100.0 100.0 36.0
100.0 30.0 84.0 100.0 100.0 38.0
100.0 30.0 82.0 100.0 100.0 36.0
100.0 30.0 84.0 100.0 100.0 30.0
100.0 32.0 88.0 100.0 100.0 30.0
100.0 26.0 88.0 100.0 100.0 30.0
100.0 32.0 88.0 100.0 100.0 30.0
100.0 26.0 86.0 100.0 100.0 24.0
100.0 20.0 86.0 100.0 100.0 18.0
100.0 20.0 86.0 100.0 94.0 14.0
100.0 6.0 74.0 100.0 74.0 14.0
100.0 0.0 62.0 100.0 58.0 14.0
100.0 0.0 50.0 100.0 48.0 14.0
100.0 -2.0 40.0 100.0 46.0 6.0
100.0 -2.0 24.0 100.0 40.0 6.0
100.0 -2.0 10.0 100.0 28.0 12.0
100.0 -2.0 10.0 88.0 22.0 12.0
100.0 0.0 10.0 58.0 22.0 6.0
94.0 4.0 12.0 34.0 14.0 6.0
92.0 6.0 12.0 6.0 12.0 8.0
82.0 10.0 22.0 -10.0 0.0 8.0
82.0 10.0 22.0 -16.0 0.0 6.0
80.0 10.0 16.0 -10.0 4.0 4.0
74.0 10.0 4.0 -8.0 4.0 4.0
34.0 6.0 4.0 -2.0 4.0 4.0
20.0 6.0 4.0 -2.0 8.0 4.0
8.0 2.0 2.0 0.0 8.0 4.0
8.0 2.0 2.0 -4.0 4.0 10.0
6.0 2.0 6.0 8.0 4.0 10.0
8.0 2.0 6.0 -4.0 10.0 10.0
6.0 2.0 8.0 6.0 10.0 8.0
4.0 4.0 8.0 2.0 4.0 6.0
2.0 4.0 8.0 6.0 2.0 8.0
0.0 8.0 8.0 2.0 2.0 6.0
0.0 -10.0 10.0 4.0 6.0 6.0
4.0 10.0 10.0 4.0 6.0 6.0
12.0 -10.0 14.0 4.0 4.0 8.0
12.0 10.0 10.0 -2.0 0.0 8.0
6.0 4.0 12.0 -6.0 4.0 8.0
4.0 4.0 10.0 -6.0 0.0 4.0
0.0 4.0 10.0 -6.0 8.0 2.0
0.0 2.0 10.0 -2.0 0.0 2.0
2.0 2.0 8.0 -2.0 8.0 2.0
4.0 2.0 8.0 -2.0 8.0 10.0
6.0 6.0 8.0 -8.0 8.0 10.0
6.0 6.0 4.0 -8.0 6.0 10.0
6.0 4.0 4.0 -4.0 6.0 10.0
6.0 4.0 6.0 -2.0 6.0 10.0
6.0 4.0 6.0 8.0 8.0 10.0
4.0 4.0 8.0 8.0 -4.0 6.0
4.0 4.0 12.0 -2.0 4.0 10.0
8.0 4.0 12.0 -4.0 4.0 6.0
8.0 0.0 12.0 -6.0 4.0 6.0
8.0 4.0 8.0 -6.0 6.0 4.0
4.0 4.0 4.0 -2.0 6.0 4.0
-2.0 4.0 4.0 -2.0 6.0 10.0
-2.0 -2.0 12.0 -2.0 6.0 12.0
8.0 -2.0 12.0 4.0 6.0 12.0
8.0 8.0 8.0 -2.0 6.0 4.0
2.0 8.0 6.0 0.0 6.0 4.0
2.0 2.0 8.0 0.0 6.0 4.0
0.0 2.0 2.0 0.0 6.0 2.0
2.0 2.0 8.0 2.0 4.0 2.0
2.0 2.0 2.0 2.0 6.0 0.0
2.0 0.0 8.0 2.0 4.0 2.0
2.0 0.0 12.0 -2.0 6.0 2.0
-2.0 -6.0 12.0 -4.0 4.0 14.0
10.0 -6.0 10.0 -50.0 8.0 14.0
6.0 0.0 10.0 -52.0 8.0 6.0
6.0 0.0 -4.0 -52.0 8.0 4.0
6.0 -4.0 10.0 -4.0 4.0 4.0
4.0 -6.0 6.0 -2.0 4.0 2.0
4.0 -4.0 6.0 -2.0 4.0 2.0
4.0 0.0 6.0 4.0 10.0 4.0
4.0 0.0 12.0 4.0 10.0 6.0
4.0 0.0 12.0 -8.0 10.0 6.0
4.0 0.0 8.0 -8.0 8.0 10.0
4.0 0.0 4.0 0.0 8.0 10.0
4.0 0.0 0.0 0.0 8.0 6.0
-6.0 0.0 0.0 0.0 6.0 6.0
-6.0 0.0 6.0 -8.0 8.0 6.0
0.0 -2.0 6.0 -8.0 8.0 6.0
6.0 -42.0 6.0 -10.0 8.0 6.0
6.0 -42.0 6.0 -10.0 4.0 6.0
-2.0 2.0 4.0 0.0 4.0 0.0
-2.0 2.0 4.0 0.0 6.0 2.0
2.0 0.0 -2.0 0.0 10.0 2.0
2.0 0.0 -2.0 -2.0 10.0 6.0
2.0 0.0 4.0 -2.0 10.0 12.0
0.0 -2.0 6.0 -2.0 0.0 12.0
4.0 -2.0 4.0 -6.0 2.0 8.0
4.0 -2.0 6.0 -2.0 2.0 4.0
6.0 6.0 6.0 -2.0 4.0 4.0
6.0 6.0 6.0 -2.0 8.0 6.0
4.0 0.0 8.0 -2.0 10.0 6.0
2.0 0.0 12.0 -2.0 8.0 4.0
2.0 -6.0 12.0 -6.0 4.0 4.0
6.0 -2.0 6.0 -4.0 4.0 6.0
6.0 -2.0 6.0 -4.0 6.0 6.0
0.0 -2.0 6.0 -4.0 6.0 6.0
0.0 -4.0 6.0 0.0 8.0 6.0
8.0 -6.0 8.0 2.0 12.0 8.0
8.0 -6.0 8.0 2.0 12.0 8.0
8.0 -2.0 12.0 2.0 10.0 10.0
8.0 -2.0 12.0 -2.0 6.0 12.0
6.0 -2.0 12.0 -2.0 6.0 12.0
8.0 -4.0 8.0 -2.0 4.0 12.0
6.0 -4.0 8.0 -2.0 6.0 8.0
6.0 -4.0 8.0 -2.0 6.0 4.0
6.0 -4.0 10.0 -2.0 6.0 4.0
8.0 6.0 4.0 -2.0 6.0 4.0
8.0 -4.0 4.0 -8.0 10.0 2.0
6.0 -4.0 0.0 -4.0 6.0 4.0
6.0 -6.0 0.0 -4.0 10.0 4.0
6.0 -6.0 2.0 -4.0 10.0 4.0
6.0 -6.0 6.0 -4.0 10.0 4.0
2.0 -4.0 6.0 -4.0 10.0 4.0
0.0 -4.0 -2.0 -4.0 2.0 2.0
2.0 -2.0 -2.0 4.0 2.0 2.0
4.0 -2.0 6.0 2.0 2.0 8.0
6.0 0.0 6.0 2.0 2.0 10.0
6.0 0.0 10.0 -4.0 4.0 10.0
8.0 -2.0 10.0 -4.0 4.0 8.0
8.0 -2.0 10.0 -4.0 4.0 6.0
8.0 0.0 8.0 -4.0 2.0 6.0
8.0 0.0 8.0 -4.0 2.0 10.0
6.0 0.0 6.0 0.0 6.0 10.0
6.0 0.0 6.0 0.0 6.0 6.0
6.0 -4.0 6.0 0.0 6.0 4.0
4.0 2.0 6.0 -4.0 2.0 4.0
4.0 -2.0 4.0 -2.0 2.0 6.0
4.0 -2.0 2.0 -8.0 12.0 10.0
4.0 -2.0 2.0 -2.0 14.0 10.0
4.0 -2.0 2.0 -8.0 12.0 10.0
6.0 -2.0 2.0 0.0 8.0 6.0
6.0 0.0 2.0 0.0 4.0 4.0
6.0 2.0 6.0 8.0 4.0 2.0
0.0 2.0 8.0 8.0 2.0 2.0
0.0 -2.0 10.0 2.0 6.0 -2.0
-2.0 -2.0 10.0 2.0 6.0 4.0
-2.0 0.0 6.0 -8.0 8.0 12.0
6.0 0.0 6.0 -4.0 12.0 14.0
6.0 0.0 6.0 -4.0 8.0 12.0
8.0 0.0 8.0 -4.0 8.0 0.0
8.0 0.0 6.0 2.0 8.0 0.0
10.0 0.0 8.0 -10.0 4.0 0.0
10.0 0.0 8.0 -6.0 4.0 2.0
10.0 0.0 8.0 -8.0 4.0 8.0
4.0 -10.0 4.0 -6.0 6.0 8.0
6.0 -10.0 4.0 -8.0 6.0 8.0
6.0 -4.0 6.0 -2.0 2.0 8.0
6.0 -2.0 16.0 -10.0 2.0 10.0
6.0 4.0 10.0 -8.0 2.0 10.0
6.0 4.0 10.0 -10.0 0.0 2.0
10.0 4.0 10.0 -8.0 0.0 2.0
4.0 -6.0 8.0 -4.0 2.0 -2.0
8.0 -6.0 2.0 -4.0 6.0 2.0
-4.0 -6.0 2.0 -8.0 2.0 2.0
6.0 2.0 6.0 -8.0 2.0 10.0
4.0 0.0 6.0 -4.0 2.0 12.0
4.0 0.0 0.0 -4.0 10.0 10.0
4.0 0.0 0.0 -2.0 10.0 8.0
4.0 2.0 0.0 -4.0 6.0 6.0
4.0 2.0 6.0 -4.0 6.0 6.0
2.0 2.0 8.0 -4.0 6.0 6.0
2.0 -6.0 8.0 -4.0 4.0 8.0
0.0 -10.0 8.0 -2.0 4.0 8.0
4.0 -6.0 10.0 -2.0 4.0 8.0
0.0 0.0 8.0 -2.0 4.0 4.0
-2.0 0.0 14.0 -4.0 4.0 6.0
-2.0 0.0 8.0 -4.0 4.0 6.0
-2.0 0.0 10.0 2.0 8.0 6.0
0.0 0.0 10.0 2.0 8.0 6.0
-4.0 -2.0 10.0 -2.0 8.0 10.0
-2.0 0.0 4.0 -2.0 8.0 0.0
-2.0 -2.0 4.0 -2.0 8.0 4.0
0.0 -2.0 10.0 -4.0 6.0 0.0
0.0 -2.0 10.0 -12.0 6.0 4.0
0.0 -6.0 10.0 -12.0 6.0 0.0
0.0 0.0 10.0 -4.0 6.0 6.0
2.0 -2.0 6.0 -4.0 6.0 2.0
8.0 0.0 -2.0 -4.0 4.0 6.0
8.0 -2.0 -2.0 -6.0 4.0 6.0
8.0 0.0 2.0 -6.0 0.0 6.0
4.0 0.0 12.0 -6.0 0.0 8.0
8.0 0.0 8.0 0.0 2.0 10.0
8.0 0.0 12.0 4.0 2.0 10.0
8.0 0.0 8.0 4.0 2.0 12.0
6.0 2.0 8.0 -4.0 2.0 10.0
6.0 -2.0 4.0 -4.0 2.0 10.0
6.0 -4.0 4.0 -4.0 2.0 10.0
