# Target: wrist_up
# Dominant_Vision: Open Hand
8.0 -2.0 0.0 0.0 2.0 2.0
2.0 -8.0 0.0 0.0 0.0 2.0
8.0 -8.0 -6.0 2.0 -6.0 2.0
2.0 -8.0 -8.0 -4.0 -6.0 0.0
0.0 -8.0 -8.0 2.0 -16.0 0.0
0.0 -6.0 0.0 -4.0 -2.0 0.0
0.0 -6.0 0.0 0.0 -6.0 2.0
6.0 -8.0 0.0 -2.0 -6.0 2.0
6.0 -8.0 -4.0 -2.0 -6.0 8.0
6.0 -6.0 -6.0 -2.0 -2.0 8.0
4.0 -2.0 -6.0 4.0 0.0 6.0
2.0 -2.0 -6.0 4.0 0.0 -2.0
4.0 -2.0 -4.0 2.0 -4.0 4.0
0.0 -2.0 -8.0 2.0 -4.0 0.0
6.0 0.0 -8.0 -2.0 -4.0 2.0
0.0 0.0 -8.0 -2.0 -4.0 0.0
6.0 -6.0 -6.0 -2.0 -6.0 2.0
2.0 -12.0 -6.0 -2.0 -6.0 2.0
4.0 -6.0 -6.0 2.0 0.0 2.0
4.0 -6.0 -6.0 2.0 0.0 0.0
4.0 -6.0 -4.0 2.0 -6.0 0.0
2.0 -6.0 -4.0 2.0 -12.0 4.0
2.0 -6.0 -4.0 2.0 -6.0 4.0
6.0 -4.0 -8.0 0.0 -2.0 -2.0
8.0 -10.0 -4.0 0.0 -2.0 -2.0
8.0 -10.0 -2.0 -6.0 -2.0 -4.0
8.0 -10.0 -2.0 -6.0 -2.0 -4.0
0.0 -8.0 -4.0 -6.0 -4.0 2.0
0.0 -6.0 -4.0 -6.0 -6.0 6.0
6.0 -8.0 -6.0 -4.0 -4.0 6.0
6.0 -10.0 -6.0 -2.0 -2.0 -4.0
2.0 -10.0 -6.0 -2.0 -2.0 -4.0
2.0 -6.0 -6.0 -2.0 -2.0 -4.0
2.0 -6.0 -8.0 -2.0 -2.0 -2.0
2.0 -6.0 -18.0 -2.0 -2.0 0.0
2.0 -6.0 -8.0 4.0 0.0 0.0
14.0 0.0 4.0 2.0 0.0 0.0
16.0 0.0 4.0 6.0 0.0 6.0
16.0 -4.0 2.0 10.0 2.0 6.0
14.0 -4.0 2.0 14.0 2.0 2.0
4.0 -2.0 -6.0 14.0 2.0 2.0
-10.0 -2.0 -2.0 14.0 -2.0 6.0
-16.0 -4.0 -6.0 -2.0 -2.0 6.0
-66.0 -6.0 -10.0 -10.0 -8.0 -14.0
-76.0 -10.0 -14.0 -20.0 -12.0 -14.0
-76.0 -10.0 -18.0 -28.0 -12.0 -10.0
-30.0 -12.0 -28.0 -40.0 -24.0 -10.0
-6.0 -12.0 -28.0 -56.0 -26.0 -10.0
56.0 -16.0 -22.0 -70.0 -26.0 -8.0
78.0 -24.0 -18.0 -78.0 -24.0 -8.0
82.0 -24.0 -2.0 -78.0 -12.0 -18.0
84.0 -24.0 2.0 -78.0 -12.0 -22.0
82.0 -24.0 2.0 -68.0 -12.0 -24.0
82.0 -30.0 4.0 -50.0 -10.0 -24.0
68.0 -30.0 -4.0 -50.0 -8.0 -20.0
68.0 -30.0 -2.0 -46.0 -4.0 -16.0
76.0 -28.0 -4.0 -46.0 -4.0 -20.0
76.0 -34.0 -4.0 -46.0 -4.0 -18.0
62.0 -26.0 -6.0 -48.0 -12.0 -22.0
52.0 -34.0 -4.0 -56.0 -12.0 -18.0
42.0 -36.0 2.0 -56.0 -12.0 -26.0
36.0 -36.0 2.0 -54.0 -4.0 -24.0
36.0 -36.0 2.0 -50.0 -4.0 -24.0
36.0 -30.0 -2.0 -50.0 -8.0 -24.0
36.0 -30.0 -2.0 -50.0 -10.0 -26.0
26.0 -34.0 -2.0 -52.0 -14.0 -26.0
24.0 -34.0 0.0 -52.0 -14.0 -24.0
24.0 -34.0 2.0 -46.0 -6.0 -18.0
16.0 -28.0 2.0 -46.0 -6.0 -18.0
16.0 -28.0 2.0 -48.0 -6.0 -18.0
14.0 -32.0 -10.0 -48.0 -8.0 -18.0
14.0 -40.0 -2.0 -52.0 -8.0 -22.0
14.0 -40.0 -10.0 -50.0 -4.0 -22.0
14.0 -38.0 -2.0 -50.0 0.0 -26.0
4.0 -34.0 -10.0 -50.0 -4.0 -26.0
4.0 -34.0 -8.0 -54.0 -6.0 -24.0
6.0 -34.0 -12.0 -54.0 -12.0 -24.0
6.0 -34.0 -8.0 -56.0 -10.0 -28.0
6.0 -32.0 -8.0 -54.0 -10.0 -34.0
10.0 -38.0 -6.0 -54.0 -8.0 -34.0
10.0 -38.0 -4.0 -48.0 -8.0 -22.0
10.0 -38.0 -4.0 -48.0 -8.0 -22.0
2.0 -34.0 -4.0 -48.0 -8.0 -22.0
4.0 -34.0 -2.0 -50.0 -8.0 -22.0
-2.0 -30.0 -2.0 -58.0 -8.0 -18.0
0.0 -30.0 -4.0 -58.0 -8.0 -20.0
0.0 -30.0 -4.0 -54.0 -8.0 -20.0
0.0 -34.0 -6.0 -54.0 -8.0 -20.0
-2.0 -34.0 0.0 -54.0 -4.0 -20.0
-2.0 -40.0 -6.0 -44.0 -4.0 -26.0
-2.0 -26.0 -4.0 -44.0 -4.0 -26.0
2.0 -30.0 -4.0 -48.0 -8.0 -26.0
2.0 -30.0 -4.0 -52.0 -12.0 -24.0
2.0 -30.0 -2.0 -52.0 -12.0 -24.0
-4.0 -32.0 -8.0 -58.0 -12.0 -24.0
-18.0 -32.0 -6.0 -58.0 -10.0 -16.0
-18.0 -30.0 -6.0 -58.0 -10.0 -24.0
-20.0 -26.0 -6.0 -56.0 -10.0 -24.0
-14.0 -26.0 -4.0 -56.0 -8.0 -24.0
-16.0 -26.0 2.0 -52.0 -2.0 -24.0
-14.0 -28.0 2.0 -52.0 -8.0 -24.0
-12.0 -30.0 2.0 -56.0 -10.0 -24.0
-12.0 -30.0 0.0 -56.0 -10.0 -18.0
-14.0 -28.0 2.0 -56.0 -6.0 -18.0
-16.0 -28.0 4.0 -54.0 -4.0 -16.0
-18.0 -32.0 4.0 -54.0 -4.0 -16.0
-18.0 -34.0 0.0 -54.0 -4.0 -20.0
-18.0 -34.0 -2.0 -60.0 -6.0 -20.0
-18.0 -30.0 0.0 -60.0 -6.0 -20.0
-10.0 -30.0 -2.0 -54.0 -6.0 -20.0
-12.0 -32.0 -6.0 -54.0 -4.0 -16.0
-10.0 -34.0 -6.0 -52.0 -4.0 -20.0
-4.0 -32.0 -6.0 -52.0 -4.0 -18.0
8.0 -30.0 -4.0 -52.0 -10.0 -18.0
12.0 -24.0 -8.0 -52.0 -12.0 -18.0
20.0 -28.0 -8.0 -58.0 -14.0 -18.0
30.0 -28.0 -10.0 -58.0 -14.0 -20.0
30.0 -28.0 -14.0 -58.0 -14.0 -20.0
-10.0 -28.0 -16.0 -60.0 -14.0 -20.0
-34.0 -32.0 -14.0 -62.0 -18.0 -20.0
-54.0 -34.0 -16.0 -60.0 -18.0 -16.0
-84.0 -34.0 -30.0 -58.0 -18.0 -22.0
-100.0 -34.0 -30.0 -58.0 -6.0 -22.0
-100.0 -34.0 -30.0 -70.0 -10.0 -22.0
-100.0 -34.0 -30.0 -70.0 -10.0 -16.0
-100.0 -34.0 -30.0 -60.0 -14.0 -16.0
-100.0 -32.0 -32.0 -60.0 -14.0 -10.0
-100.0 -26.0 -30.0 -48.0 -10.0 -6.0
-100.0 -18.0 -26.0 -40.0 -10.0 -2.0
-100.0 -10.0 -24.0 -38.0 -12.0 0.0
-100.0 -10.0 -18.0 -34.0 -12.0 0.0
-76.0 -10.0 -14.0 -28.0 -12.0 0.0
-74.0 -6.0 -8.0 -16.0 -8.0 0.0
-58.0 -2.0 -4.0 -4.0 -8.0 8.0
-54.0 -2.0 -4.0 0.0 -4.0 8.0
-46.0 -2.0 -4.0 0.0 -4.0 8.0
-44.0 -6.0 -4.0 2.0 2.0 8.0
-38.0 -8.0 -2.0 -2.0 -2.0 4.0
-32.0 -6.0 -4.0 8.0 -2.0 4.0
-12.0 -8.0 -2.0 12.0 -6.0 6.0
-10.0 -6.0 -2.0 14.0 -6.0 6.0
-10.0 -6.0 2.0 14.0 -10.0 2.0
-10.0 -6.0 2.0 16.0 -10.0 2.0
-14.0 -2.0 -2.0 14.0 -6.0 8.0
-8.0 -2.0 -2.0 16.0 -2.0 8.0
-12.0 -2.0 -2.0 18.0 -2.0 8.0
-12.0 -2.0 -2.0 18.0 -10.0 8.0
-14.0 0.0 -6.0 12.0 -12.0 8.0
-14.0 0.0 -6.0 10.0 -10.0 10.0
-8.0 0.0 -12.0 -2.0 -4.0 8.0
-8.0 0.0 -8.0 -2.0 -2.0 8.0
-8.0 2.0 -10.0 6.0 -4.0 8.0
-10.0 4.0 -10.0 10.0 -2.0 8.0
-12.0 4.0 -10.0 12.0 0.0 8.0
-14.0 4.0 -8.0 14.0 0.0 4.0
-14.0 -2.0 -8.0 14.0 -2.0 4.0
-16.0 -2.0 -8.0 18.0 -4.0 10.0
-8.0 -2.0 -6.0 12.0 -6.0 10.0
-8.0 -6.0 -6.0 12.0 -6.0 10.0
-8.0 -6.0 -2.0 8.0 -4.0 10.0
-10.0 -2.0 -6.0 2.0 -4.0 10.0
-14.0 2.0 0.0 2.0 -4.0 12.0
-14.0 2.0 0.0 2.0 0.0 6.0
-6.0 2.0 0.0 8.0 -4.0 6.0
-6.0 6.0 0.0 -6.0 -2.0 4.0
-10.0 6.0 0.0 4.0 -4.0 2.0
-10.0 6.0 0.0 -2.0 -6.0 2.0
-6.0 6.0 -4.0 -2.0 -10.0 6.0
-6.0 8.0 -4.0 -2.0 -10.0 6.0
-10.0 8.0 -4.0 0.0 -2.0 6.0
-10.0 0.0 2.0 0.0 0.0 2.0
-8.0 0.0 2.0 4.0 0.0 2.0
-6.0 0.0 2.0 4.0 -2.0 2.0
-8.0 2.0 2.0 2.0 -2.0 4.0
-6.0 2.0 2.0 2.0 -2.0 4.0
-14.0 2.0 0.0 2.0 -2.0 6.0
-12.0 -2.0 0.0 4.0 -2.0 -6.0
-20.0 -2.0 0.0 -2.0 0.0 2.0
-12.0 0.0 0.0 0.0 0.0 2.0
-10.0 0.0 6.0 0.0 0.0 2.0
-4.0 0.0 6.0 2.0 -4.0 2.0
-4.0 0.0 -2.0 6.0 -4.0 2.0
-10.0 -2.0 -4.0 6.0 -4.0 2.0
-10.0 0.0 -2.0 6.0 -4.0 2.0
-10.0 2.0 -8.0 6.0 -4.0 0.0
-12.0 2.0 -2.0 6.0 -4.0 0.0
-12.0 2.0 -2.0 0.0 -4.0 2.0
-12.0 0.0 -2.0 6.0 -4.0 2.0
-10.0 -6.0 -10.0 0.0 -4.0 0.0
-10.0 -6.0 -10.0 -4.0 -6.0 -2.0
-6.0 0.0 -12.0 -4.0 0.0 -2.0
-10.0 0.0 -4.0 -2.0 -6.0 -2.0
-10.0 -6.0 -14.0 -2.0 -6.0 2.0
-10.0 -6.0 -6.0 2.0 -6.0 8.0
-10.0 4.0 -6.0 0.0 -6.0 8.0
-10.0 4.0 -6.0 0.0 -4.0 10.0
-10.0 4.0 -4.0 0.0 -2.0 10.0
-12.0 -2.0 0.0 0.0 -2.0 10.0
-12.0 -2.0 0.0 -2.0 -6.0 10.0
-12.0 -4.0 0.0 -6.0 -6.0 2.0
-12.0 -2.0 0.0 -6.0 0.0 4.0
-10.0 -6.0 -6.0 -2.0 0.0 2.0
-12.0 -2.0 -6.0 4.0 0.0 2.0
-18.0 -4.0 -6.0 -2.0 0.0 0.0
-18.0 2.0 -4.0 -2.0 0.0 2.0
-14.0 2.0 -6.0 -2.0 -8.0 4.0
-12.0 2.0 -2.0 -2.0 -4.0 4.0
-14.0 -2.0 -2.0 2.0 -4.0 4.0
-14.0 -2.0 -2.0 2.0 -4.0 -2.0
-14.0 -4.0 0.0 2.0 -4.0 -4.0
-10.0 0.0 -2.0 -6.0 -2.0 -4.0
-10.0 0.0 -2.0 -6.0 -2.0 -2.0
-8.0 0.0 -2.0 -6.0 0.0 6.0
-10.0 0.0 -6.0 -2.0 -2.0 6.0
-8.0 0.0 -6.0 4.0 -6.0 8.0
-10.0 -6.0 -6.0 4.0 -6.0 8.0
-8.0 2.0 2.0 0.0 -4.0 6.0
-10.0 -8.0 4.0 0.0 2.0 -2.0
-10.0 -10.0 4.0 2.0 -2.0 -2.0
-12.0 -10.0 0.0 2.0 -2.0 0.0
-12.0 0.0 0.0 2.0 -6.0 4.0
-12.0 4.0 0.0 0.0 -6.0 4.0
-12.0 0.0 -4.0 2.0 -6.0 8.0
-12.0 -2.0 -4.0 0.0 -6.0 12.0
-8.0 -2.0 0.0 0.0 -4.0 8.0
-8.0 2.0 0.0 -4.0 -4.0 4.0
-8.0 2.0 0.0 0.0 -4.0 -2.0
-8.0 -8.0 0.0 0.0 -4.0 -2.0
-10.0 -8.0 0.0 4.0 -4.0 0.0
