# Target: wrist_up
# Dominant_Vision: Open Hand
2.0 2.0 -6.0 0.0 0.0 -12.0
2.0 2.0 -8.0 0.0 0.0 -6.0
10.0 2.0 -8.0 -6.0 8.0 -10.0
10.0 2.0 -8.0 -6.0 8.0 -6.0
10.0 2.0 -4.0 -2.0 6.0 -4.0
10.0 2.0 -4.0 -2.0 4.0 -4.0
12.0 -2.0 -4.0 -2.0 4.0 -4.0
10.0 -4.0 -6.0 -12.0 2.0 0.0
8.0 -4.0 -6.0 -10.0 0.0 0.0
8.0 -2.0 -8.0 -12.0 0.0 -10.0
10.0 -2.0 -6.0 -10.0 2.0 -10.0
12.0 -6.0 -8.0 -10.0 2.0 -10.0
10.0 -6.0 -6.0 -6.0 4.0 -10.0
10.0 -2.0 -6.0 -4.0 4.0 -8.0
10.0 -2.0 0.0 -4.0 6.0 -8.0
10.0 -2.0 -2.0 0.0 6.0 -8.0
12.0 0.0 -2.0 0.0 0.0 -8.0
8.0 0.0 -2.0 -2.0 -2.0 -12.0
10.0 -2.0 -10.0 -4.0 -2.0 -8.0
10.0 -2.0 -2.0 -2.0 0.0 -10.0
12.0 4.0 2.0 -6.0 0.0 -8.0
12.0 4.0 2.0 -4.0 0.0 -8.0
10.0 6.0 -8.0 -4.0 2.0 -8.0
10.0 4.0 -8.0 -4.0 2.0 -10.0
14.0 6.0 -2.0 -10.0 2.0 -10.0
16.0 -6.0 -2.0 -10.0 2.0 -10.0
14.0 4.0 -6.0 -4.0 4.0 -8.0
-28.0 -2.0 -6.0 -4.0 4.0 -8.0
-36.0 4.0 -10.0 -6.0 4.0 -14.0
-64.0 4.0 -8.0 -6.0 4.0 -14.0
-84.0 4.0 -14.0 -6.0 -8.0 -14.0
-100.0 6.0 -8.0 -12.0 -8.0 -14.0
-100.0 6.0 -16.0 -24.0 -8.0 -18.0
-100.0 8.0 -18.0 -56.0 -8.0 -18.0
-78.0 10.0 -20.0 -68.0 -14.0 -18.0
6.0 8.0 -20.0 -84.0 -16.0 -28.0
86.0 10.0 -20.0 -84.0 -16.0 -28.0
100.0 8.0 -14.0 -88.0 -12.0 -18.0
100.0 8.0 0.0 -88.0 -8.0 -18.0
100.0 8.0 8.0 -84.0 -6.0 -22.0
100.0 6.0 10.0 -78.0 -2.0 -22.0
100.0 10.0 10.0 -58.0 -2.0 -22.0
100.0 6.0 6.0 -42.0 2.0 -22.0
100.0 2.0 4.0 -42.0 6.0 -22.0
100.0 2.0 2.0 -42.0 4.0 -22.0
100.0 2.0 -6.0 -52.0 4.0 -18.0
100.0 -6.0 -6.0 -52.0 4.0 -18.0
92.0 -6.0 0.0 -50.0 0.0 -18.0
62.0 -2.0 0.0 -50.0 -4.0 -24.0
46.0 -2.0 2.0 -52.0 -6.0 -20.0
38.0 4.0 -8.0 -52.0 -6.0 -20.0
38.0 4.0 2.0 -52.0 -6.0 -20.0
38.0 4.0 2.0 -46.0 -10.0 -20.0
42.0 2.0 2.0 -46.0 -10.0 -28.0
46.0 2.0 -2.0 -46.0 -10.0 -30.0
48.0 0.0 -8.0 -46.0 -8.0 -30.0
46.0 0.0 -8.0 -46.0 -8.0 -26.0
48.0 -4.0 -8.0 -52.0 -8.0 -26.0
48.0 -4.0 -4.0 -54.0 -10.0 -26.0
66.0 -4.0 -10.0 -56.0 -10.0 -26.0
74.0 2.0 -4.0 -60.0 -8.0 -28.0
74.0 -4.0 -10.0 -66.0 -8.0 -28.0
56.0 2.0 -16.0 -82.0 -8.0 -28.0
34.0 2.0 -18.0 -82.0 -18.0 -28.0
-16.0 2.0 -18.0 -72.0 -18.0 -34.0
-28.0 2.0 -22.0 -72.0 -16.0 -34.0
-68.0 2.0 -26.0 -72.0 -16.0 -26.0
-70.0 2.0 -28.0 -78.0 -14.0 -26.0
-80.0 -4.0 -30.0 -84.0 -18.0 -26.0
-80.0 -4.0 -34.0 -84.0 -12.0 -22.0
-80.0 -4.0 -36.0 -76.0 -12.0 -20.0
-100.0 -2.0 -36.0 -74.0 -8.0 -20.0
-100.0 -2.0 -24.0 -62.0 -8.0 -24.0
-100.0 -6.0 -24.0 -62.0 -4.0 -24.0
-100.0 -6.0 -24.0 -66.0 -8.0 -22.0
-100.0 4.0 -20.0 -66.0 -6.0 -22.0
-100.0 4.0 -20.0 -68.0 -12.0 -16.0
-78.0 4.0 -22.0 -62.0 -6.0 -10.0
-74.0 2.0 -22.0 -64.0 -4.0 -10.0
-70.0 2.0 -18.0 -60.0 -4.0 -12.0
-66.0 10.0 -14.0 -56.0 -2.0 -12.0
-62.0 10.0 -18.0 -56.0 -2.0 -12.0
-62.0 4.0 -18.0 -52.0 0.0 -10.0
-62.0 4.0 -18.0 -52.0 2.0 -10.0
-60.0 4.0 -18.0 -52.0 2.0 -10.0
-42.0 8.0 -18.0 -52.0 2.0 -10.0
-40.0 12.0 -22.0 -44.0 -2.0 -10.0
-40.0 16.0 -22.0 -42.0 -2.0 -10.0
-42.0 16.0 -22.0 -42.0 -2.0 -10.0
-42.0 14.0 -16.0 -42.0 -4.0 -10.0
-40.0 14.0 -8.0 -52.0 2.0 -10.0
-36.0 14.0 -8.0 -52.0 2.0 -12.0
-36.0 14.0 -16.0 -46.0 2.0 -12.0
-34.0 10.0 -16.0 -46.0 2.0 -16.0
-34.0 10.0 -16.0 -42.0 -2.0 -16.0
-34.0 12.0 -14.0 -40.0 -2.0 -16.0
-32.0 12.0 -14.0 -40.0 -2.0 -16.0
-34.0 10.0 -10.0 -38.0 4.0 -14.0
-32.0 10.0 -20.0 -38.0 4.0 -12.0
-32.0 14.0 -8.0 -44.0 2.0 -12.0
-32.0 14.0 -12.0 -44.0 0.0 -12.0
-34.0 14.0 -12.0 -46.0 0.0 -12.0
-36.0 12.0 -12.0 -46.0 0.0 -10.0
-36.0 12.0 -6.0 -44.0 2.0 -10.0
-36.0 12.0 -6.0 -38.0 2.0 -14.0
-36.0 16.0 -8.0 -38.0 -6.0 -14.0
-38.0 10.0 -8.0 -48.0 -6.0 -12.0
-38.0 4.0 -10.0 -48.0 0.0 -10.0
-38.0 4.0 -8.0 -46.0 0.0 -10.0
-38.0 12.0 -8.0 -44.0 0.0 -10.0
-38.0 12.0 -8.0 -38.0 0.0 -12.0
-34.0 14.0 -14.0 -38.0 0.0 -12.0
-34.0 8.0 -16.0 -40.0 2.0 -12.0
-34.0 12.0 -14.0 -40.0 4.0 -14.0
-42.0 12.0 -14.0 -40.0 4.0 -18.0
-40.0 12.0 -10.0 -42.0 2.0 -18.0
-42.0 8.0 -8.0 -42.0 0.0 -12.0
-40.0 8.0 -6.0 -46.0 -2.0 -12.0
-36.0 12.0 -6.0 -40.0 -6.0 -12.0
-32.0 14.0 -6.0 -42.0 -6.0 -14.0
-32.0 12.0 -14.0 -38.0 -2.0 -10.0
-32.0 8.0 -18.0 -42.0 2.0 -10.0
-30.0 8.0 -18.0 -38.0 2.0 -10.0
-34.0 2.0 -18.0 -34.0 -2.0 -8.0
-36.0 8.0 -14.0 -34.0 -4.0 -8.0
-38.0 8.0 -10.0 -34.0 -4.0 -8.0
-38.0 12.0 -14.0 -34.0 -4.0 -6.0
-32.0 12.0 -20.0 -34.0 -4.0 -6.0
-32.0 18.0 -20.0 -38.0 -4.0 -10.0
-32.0 14.0 -20.0 -42.0 -10.0 -14.0
-32.0 14.0 -12.0 -44.0 -10.0 -16.0
-32.0 8.0 -22.0 -44.0 2.0 -16.0
-32.0 6.0 -12.0 -40.0 2.0 -16.0
-30.0 6.0 -12.0 -40.0 2.0 -16.0
-30.0 6.0 -10.0 -40.0 -2.0 -10.0
-30.0 6.0 -10.0 -36.0 -2.0 -10.0
-40.0 12.0 -14.0 -36.0 -2.0 -10.0
-40.0 12.0 -18.0 -42.0 -4.0 -10.0
-40.0 12.0 -14.0 -42.0 -2.0 -10.0
-34.0 12.0 -14.0 -40.0 -4.0 -10.0
-34.0 10.0 -14.0 -40.0 -2.0 -10.0
-34.0 10.0 -14.0 -40.0 -2.0 -14.0
-34.0 10.0 -14.0 -40.0 0.0 -14.0
-42.0 12.0 -12.0 -42.0 0.0 -14.0
-42.0 12.0 -8.0 -44.0 4.0 -12.0
-36.0 16.0 -8.0 -42.0 -4.0 -12.0
-36.0 8.0 -8.0 -40.0 -2.0 -12.0
-36.0 8.0 -6.0 -40.0 -2.0 -10.0
-38.0 8.0 -6.0 -44.0 -2.0 -10.0
-32.0 8.0 -6.0 -44.0 4.0 -12.0
-36.0 8.0 -6.0 -48.0 2.0 -12.0
-36.0 10.0 -4.0 -48.0 2.0 -12.0
-36.0 14.0 -4.0 -48.0 2.0 -8.0
-38.0 10.0 -8.0 -50.0 2.0 -6.0
-38.0 0.0 -8.0 -48.0 2.0 -4.0
-38.0 0.0 -8.0 -48.0 2.0 -4.0
-38.0 12.0 -8.0 -46.0 2.0 -6.0
-38.0 12.0 -14.0 -46.0 6.0 -10.0
-38.0 8.0 -10.0 -40.0 6.0 -6.0
-36.0 8.0 -14.0 -40.0 6.0 -12.0
-34.0 8.0 -10.0 -40.0 0.0 -12.0
-34.0 0.0 -8.0 -42.0 0.0 -12.0
-34.0 0.0 -6.0 -42.0 0.0 -12.0
-34.0 2.0 -8.0 -42.0 2.0 -12.0
-32.0 6.0 -6.0 -48.0 2.0 -12.0
-34.0 8.0 -14.0 -48.0 0.0 -12.0
-34.0 8.0 -10.0 -48.0 0.0 -10.0
-34.0 6.0 -14.0 -48.0 0.0 -12.0
-36.0 6.0 -10.0 -48.0 0.0 -10.0
-34.0 10.0 -4.0 -48.0 -2.0 -12.0
-34.0 12.0 -4.0 -42.0 -2.0 -12.0
-34.0 10.0 -10.0 -42.0 -2.0 -12.0
-34.0 8.0 -12.0 -42.0 -2.0 -12.0
-34.0 4.0 -16.0 -46.0 -2.0 -12.0
-30.0 4.0 -16.0 -46.0 -2.0 -8.0
-30.0 6.0 -10.0 -46.0 -2.0 -14.0
-32.0 6.0 -8.0 -46.0 -2.0 -14.0
-36.0 6.0 -10.0 -46.0 -4.0 -16.0
-36.0 2.0 -12.0 -40.0 -4.0 -16.0
-36.0 2.0 -12.0 -42.0 -4.0 -10.0
-32.0 2.0 -10.0 -42.0 0.0 -10.0
-32.0 8.0 -6.0 -44.0 0.0 -12.0
-32.0 8.0 -10.0 -46.0 -2.0 -16.0
-32.0 8.0 -6.0 -44.0 -2.0 -16.0
-28.0 4.0 -10.0 -44.0 -2.0 -14.0
-28.0 4.0 -6.0 -44.0 -2.0 -12.0
-28.0 4.0 -10.0 -46.0 -2.0 -14.0
-40.0 4.0 -4.0 -46.0 -2.0 -10.0
-40.0 8.0 -8.0 -46.0 0.0 -16.0
-34.0 14.0 -8.0 -46.0 -2.0 -6.0
-30.0 14.0 -8.0 -46.0 0.0 -14.0
-30.0 16.0 -16.0 -46.0 -2.0 -4.0
-28.0 14.0 -6.0 -46.0 0.0 -10.0
-32.0 12.0 -6.0 -48.0 0.0 -8.0
-32.0 8.0 -6.0 -48.0 4.0 -10.0
-34.0 12.0 -14.0 -46.0 0.0 -8.0
-32.0 10.0 -14.0 -46.0 -2.0 -8.0
-34.0 10.0 -8.0 -46.0 -2.0 -8.0
-36.0 10.0 -8.0 -46.0 -2.0 -8.0
-36.0 14.0 -6.0 -46.0 -2.0 -8.0
-34.0 14.0 0.0 -46.0 -2.0 -6.0
-30.0 6.0 0.0 -46.0 -2.0 -6.0
-30.0 6.0 -14.0 -46.0 0.0 -6.0
-34.0 10.0 -14.0 -48.0 0.0 -10.0
-36.0 12.0 -4.0 -50.0 0.0 -10.0
-36.0 12.0 -4.0 -50.0 2.0 -10.0
-36.0 8.0 -6.0 -48.0 2.0 -10.0
-34.0 8.0 -6.0 -48.0 0.0 -14.0
-34.0 10.0 -6.0 -48.0 0.0 -14.0
-30.0 10.0 -4.0 -48.0 -4.0 -12.0
-42.0 14.0 -14.0 -44.0 0.0 -10.0
-36.0 12.0 -12.0 -44.0 -6.0 -8.0
-36.0 12.0 -18.0 -44.0 -2.0 -8.0
-32.0 8.0 -16.0 -44.0 -6.0 -12.0
-32.0 8.0 -16.0 -44.0 -4.0 -14.0
-32.0 8.0 -16.0 -44.0 -6.0 -14.0
-34.0 8.0 -14.0 -42.0 -4.0 -12.0
-36.0 10.0 -14.0 -38.0 -2.0 -12.0
-36.0 6.0 -12.0 -38.0 -2.0 -12.0
-32.0 10.0 -12.0 -42.0 -4.0 -14.0
-28.0 14.0 -12.0 -50.0 -4.0 -16.0
-32.0 14.0 -10.0 -52.0 -4.0 -16.0
-34.0 14.0 -10.0 -50.0 -10.0 -16.0
-34.0 12.0 -10.0 -48.0 -10.0 -12.0
-36.0 10.0 -2.0 -40.0 -10.0 -10.0
-36.0 10.0 -2.0 -40.0 0.0 -10.0
-36.0 10.0 -10.0 -44.0 0.0 -6.0
-36.0 12.0 -10.0 -48.0 0.0 -6.0
-28.0 12.0 -10.0 -44.0 0.0 -6.0
-28.0 12.0 -8.0 -42.0 0.0 -10.0
-30.0 10.0 -6.0 -42.0 -4.0 -10.0
-32.0 10.0 -6.0 -44.0 -8.0 -10.0
-30.0 14.0 -4.0 -48.0 -8.0 -10.0
-32.0 16.0 -14.0 -44.0 -6.0 -14.0
