# Target: wrist_up
# Dominant_Vision: Open Hand
0.0 -4.0 6.0 0.0 0.0 0.0
-6.0 -12.0 2.0 -6.0 0.0 0.0
-6.0 -12.0 6.0 -8.0 0.0 4.0
-4.0 -12.0 6.0 -14.0 -6.0 6.0
-2.0 -10.0 6.0 -14.0 -8.0 4.0
2.0 -12.0 6.0 -6.0 -6.0 6.0
2.0 -10.0 10.0 -6.0 -4.0 4.0
4.0 -8.0 0.0 0.0 -4.0 4.0
4.0 -6.0 6.0 -14.0 -2.0 4.0
-2.0 -6.0 6.0 -6.0 -2.0 6.0
-2.0 -6.0 10.0 -8.0 -2.0 6.0
-4.0 -6.0 10.0 -6.0 -2.0 4.0
-4.0 -4.0 10.0 -4.0 -2.0 2.0
-4.0 -4.0 8.0 0.0 -2.0 2.0
0.0 -4.0 8.0 0.0 -2.0 6.0
0.0 -4.0 10.0 -2.0 4.0 6.0
-2.0 -8.0 12.0 -2.0 4.0 8.0
-2.0 -8.0 16.0 -10.0 -6.0 10.0
-2.0 -10.0 16.0 4.0 -6.0 8.0
2.0 -10.0 16.0 -6.0 0.0 8.0
-6.0 -8.0 12.0 -4.0 2.0 8.0
0.0 -8.0 12.0 -4.0 2.0 12.0
0.0 -6.0 16.0 -4.0 0.0 14.0
2.0 0.0 16.0 -2.0 -2.0 12.0
6.0 0.0 14.0 0.0 0.0 10.0
6.0 -4.0 10.0 0.0 -2.0 8.0
4.0 -4.0 10.0 0.0 2.0 8.0
-6.0 -2.0 10.0 2.0 6.0 6.0
-42.0 2.0 14.0 2.0 6.0 6.0
-76.0 2.0 14.0 10.0 6.0 6.0
-100.0 2.0 6.0 8.0 -4.0 10.0
-100.0 0.0 6.0 8.0 -4.0 6.0
-100.0 -2.0 8.0 -16.0 -6.0 4.0
-100.0 0.0 8.0 -22.0 -8.0 0.0
-100.0 0.0 4.0 -28.0 -10.0 0.0
-100.0 2.0 2.0 -34.0 -14.0 2.0
-100.0 0.0 -4.0 -42.0 -10.0 4.0
-100.0 4.0 -4.0 -44.0 -12.0 2.0
-100.0 -4.0 4.0 -44.0 -10.0 0.0
-100.0 -12.0 4.0 -44.0 -12.0 0.0
-100.0 -14.0 -2.0 -38.0 -4.0 -4.0
-88.0 -24.0 -2.0 -38.0 -6.0 -6.0
-30.0 -24.0 -6.0 -38.0 -6.0 -6.0
-14.0 -20.0 -6.0 -30.0 -6.0 -6.0
22.0 -20.0 -2.0 -12.0 -8.0 -8.0
48.0 -26.0 -2.0 -12.0 -2.0 -6.0
70.0 -26.0 -2.0 -16.0 2.0 -6.0
100.0 -24.0 -2.0 -16.0 8.0 -6.0
100.0 -24.0 2.0 -10.0 2.0 -6.0
100.0 -28.0 2.0 -8.0 -2.0 -2.0
100.0 -28.0 6.0 -8.0 -2.0 -2.0
100.0 -28.0 6.0 -8.0 -2.0 -12.0
100.0 -26.0 6.0 -16.0 -2.0 -12.0
100.0 -26.0 8.0 -16.0 -2.0 -12.0
100.0 -36.0 6.0 -18.0 -2.0 -4.0
100.0 -36.0 8.0 -18.0 -2.0 -12.0
100.0 -34.0 8.0 -14.0 -2.0 -16.0
100.0 -32.0 8.0 -14.0 -2.0 -16.0
100.0 -32.0 8.0 -14.0 0.0 -10.0
100.0 -30.0 8.0 -22.0 0.0 -10.0
100.0 -24.0 10.0 -22.0 2.0 -12.0
100.0 -24.0 18.0 -22.0 2.0 -12.0
100.0 -26.0 10.0 -22.0 -10.0 -14.0
100.0 -28.0 6.0 -28.0 -10.0 -14.0
100.0 -26.0 0.0 -18.0 -6.0 -10.0
100.0 -28.0 0.0 -18.0 -2.0 -10.0
100.0 -28.0 0.0 -18.0 -6.0 -14.0
100.0 -30.0 6.0 -18.0 -2.0 -14.0
98.0 -28.0 6.0 -20.0 -6.0 -10.0
92.0 -32.0 6.0 -18.0 -6.0 -8.0
84.0 -26.0 4.0 -20.0 -6.0 -8.0
76.0 -26.0 2.0 -22.0 -4.0 -8.0
60.0 -22.0 2.0 -22.0 -4.0 -12.0
24.0 -22.0 2.0 -20.0 -4.0 -20.0
18.0 -22.0 -2.0 -20.0 -8.0 -12.0
-12.0 -22.0 -2.0 -22.0 -6.0 -10.0
-20.0 -20.0 -2.0 -22.0 -6.0 -10.0
-56.0 -20.0 -2.0 -22.0 -6.0 -10.0
-56.0 -20.0 -4.0 -20.0 -10.0 -10.0
-62.0 -20.0 -4.0 -18.0 -10.0 -8.0
-62.0 -22.0 -18.0 -20.0 -8.0 -2.0
-50.0 -22.0 -20.0 -32.0 -8.0 -2.0
-34.0 -22.0 -18.0 -32.0 -8.0 -10.0
-10.0 -24.0 -18.0 -32.0 -6.0 -10.0
-10.0 -20.0 -6.0 -28.0 -6.0 -2.0
-22.0 -20.0 -2.0 -16.0 -6.0 0.0
-28.0 -20.0 2.0 -16.0 -6.0 0.0
-36.0 -18.0 2.0 -18.0 -6.0 0.0
-36.0 -18.0 4.0 -18.0 -4.0 -4.0
-36.0 -20.0 2.0 -16.0 -6.0 0.0
-26.0 -20.0 2.0 -6.0 2.0 4.0
-8.0 -16.0 -8.0 0.0 0.0 4.0
6.0 -14.0 -8.0 2.0 0.0 6.0
6.0 -14.0 -6.0 2.0 0.0 6.0
0.0 -14.0 -6.0 0.0 4.0 0.0
-2.0 -10.0 -4.0 -2.0 4.0 0.0
-4.0 -24.0 2.0 -10.0 2.0 4.0
-6.0 -12.0 4.0 -10.0 2.0 4.0
-8.0 -14.0 4.0 4.0 6.0 4.0
-8.0 -14.0 4.0 8.0 6.0 -2.0
8.0 -16.0 4.0 10.0 6.0 8.0
8.0 -16.0 4.0 10.0 4.0 8.0
2.0 -16.0 2.0 10.0 0.0 10.0
2.0 -12.0 2.0 6.0 -6.0 8.0
2.0 -10.0 2.0 6.0 -6.0 4.0
2.0 -6.0 -4.0 2.0 -6.0 4.0
6.0 -6.0 -2.0 2.0 -2.0 4.0
4.0 -14.0 -2.0 2.0 -2.0 4.0
4.0 -14.0 0.0 -2.0 2.0 4.0
2.0 -18.0 4.0 -2.0 2.0 4.0
2.0 -16.0 0.0 2.0 6.0 10.0
4.0 -16.0 2.0 6.0 2.0 2.0
4.0 -12.0 2.0 6.0 0.0 2.0
4.0 -12.0 8.0 2.0 0.0 2.0
4.0 -12.0 8.0 2.0 4.0 8.0
4.0 -12.0 2.0 2.0 6.0 8.0
2.0 -12.0 0.0 10.0 8.0 -2.0
2.0 -12.0 0.0 4.0 6.0 -2.0
10.0 -12.0 0.0 10.0 6.0 6.0
10.0 -10.0 8.0 10.0 0.0 8.0
2.0 -10.0 8.0 10.0 0.0 8.0
2.0 -10.0 6.0 10.0 2.0 4.0
2.0 -10.0 6.0 6.0 2.0 2.0
0.0 -8.0 6.0 6.0 4.0 4.0
-2.0 -10.0 0.0 10.0 4.0 4.0
-4.0 -8.0 0.0 14.0 6.0 6.0
-4.0 -10.0 4.0 14.0 6.0 4.0
-2.0 -10.0 4.0 2.0 6.0 6.0
-2.0 -10.0 2.0 0.0 4.0 2.0
-2.0 -10.0 2.0 0.0 4.0 6.0
-8.0 -16.0 2.0 0.0 4.0 2.0
-2.0 -16.0 2.0 4.0 0.0 -4.0
-4.0 -8.0 4.0 4.0 0.0 -4.0
-2.0 -8.0 4.0 6.0 2.0 2.0
-4.0 -10.0 4.0 6.0 2.0 2.0
-12.0 -10.0 4.0 0.0 -2.0 2.0
-12.0 -6.0 2.0 0.0 -2.0 2.0
-8.0 -6.0 2.0 10.0 -2.0 6.0
-8.0 -6.0 4.0 10.0 2.0 2.0
-8.0 -12.0 4.0 6.0 2.0 6.0
-12.0 -12.0 -4.0 6.0 0.0 6.0
-4.0 -4.0 -4.0 8.0 0.0 8.0
-16.0 -4.0 6.0 8.0 2.0 8.0
-6.0 -4.0 6.0 8.0 2.0 6.0
-6.0 -6.0 6.0 6.0 4.0 6.0
-6.0 -6.0 8.0 10.0 0.0 6.0
-4.0 -6.0 2.0 6.0 -2.0 6.0
-4.0 -6.0 4.0 6.0 -2.0 6.0
-2.0 -8.0 4.0 4.0 -4.0 6.0
-2.0 -8.0 6.0 6.0 -6.0 6.0
-2.0 -2.0 6.0 2.0 -6.0 -6.0
-6.0 -2.0 0.0 6.0 -2.0 -6.0
-12.0 -2.0 0.0 4.0 0.0 4.0
-12.0 -8.0 2.0 4.0 -2.0 4.0
-4.0 -8.0 10.0 4.0 0.0 4.0
-4.0 -6.0 2.0 4.0 -6.0 6.0
-2.0 -6.0 10.0 4.0 0.0 8.0
-6.0 -10.0 8.0 6.0 0.0 8.0
-4.0 -10.0 8.0 2.0 0.0 8.0
-6.0 -8.0 6.0 6.0 0.0 8.0
-8.0 -6.0 6.0 2.0 4.0 4.0
-8.0 -8.0 8.0 -2.0 4.0 2.0
-6.0 -8.0 8.0 -2.0 0.0 2.0
-6.0 -8.0 10.0 8.0 0.0 2.0
-4.0 -8.0 8.0 8.0 0.0 2.0
-4.0 -8.0 10.0 2.0 0.0 4.0
-4.0 -8.0 6.0 -4.0 0.0 4.0
-8.0 -4.0 6.0 -4.0 -2.0 4.0
-8.0 -4.0 0.0 0.0 -2.0 -2.0
-8.0 -4.0 0.0 2.0 -2.0 -2.0
-8.0 -6.0 4.0 4.0 4.0 -2.0
-8.0 -10.0 4.0 4.0 2.0 -2.0
-2.0 -10.0 8.0 4.0 2.0 0.0
-2.0 -4.0 8.0 4.0 2.0 2.0
0.0 -4.0 8.0 6.0 0.0 2.0
0.0 -12.0 10.0 6.0 -4.0 6.0
0.0 -12.0 8.0 6.0 -4.0 6.0
0.0 -6.0 6.0 6.0 -8.0 6.0
0.0 -4.0 6.0 6.0 -2.0 6.0
-8.0 -4.0 6.0 -2.0 -2.0 6.0
-12.0 -4.0 10.0 -2.0 0.0 10.0
-18.0 -8.0 10.0 4.0 0.0 8.0
-18.0 -8.0 2.0 4.0 -2.0 8.0
-4.0 -8.0 2.0 0.0 -2.0 8.0
-4.0 -6.0 8.0 0.0 -2.0 10.0
-6.0 -6.0 8.0 8.0 -2.0 10.0
-6.0 -8.0 8.0 8.0 -2.0 4.0
-6.0 -8.0 10.0 8.0 0.0 2.0
-4.0 -4.0 10.0 6.0 -4.0 4.0
-4.0 -4.0 16.0 0.0 2.0 6.0
-4.0 -10.0 10.0 6.0 -4.0 6.0
-4.0 -10.0 10.0 6.0 -6.0 2.0
-4.0 -6.0 10.0 6.0 -6.0 2.0
-4.0 -6.0 12.0 6.0 -4.0 6.0
-4.0 -8.0 16.0 4.0 6.0 12.0
2.0 -10.0 12.0 6.0 6.0 12.0
2.0 -8.0 10.0 10.0 0.0 6.0
2.0 -6.0 8.0 10.0 -2.0 6.0
-2.0 -6.0 6.0 2.0 -2.0 6.0
-8.0 -6.0 2.0 -2.0 -2.0 8.0
-8.0 -6.0 2.0 2.0 0.0 6.0
-8.0 -12.0 4.0 8.0 0.0 8.0
-6.0 -12.0 8.0 8.0 6.0 6.0
-6.0 -8.0 8.0 8.0 6.0 2.0
-6.0 -8.0 8.0 0.0 2.0 2.0
-8.0 -8.0 8.0 0.0 2.0 6.0
-8.0 -8.0 10.0 4.0 2.0 6.0
-10.0 -8.0 4.0 10.0 0.0 6.0
-8.0 -6.0 10.0 12.0 0.0 6.0
-10.0 -6.0 10.0 12.0 0.0 6.0
-6.0 -10.0 10.0 12.0 -6.0 6.0
-8.0 -10.0 10.0 10.0 -6.0 6.0
-8.0 -16.0 4.0 10.0 -2.0 6.0
-8.0 -10.0 4.0 10.0 -2.0 8.0
-6.0 -14.0 0.0 0.0 0.0 8.0
-6.0 -12.0 4.0 2.0 -2.0 2.0
-12.0 -12.0 0.0 2.0 0.0 0.0
-12.0 -12.0 8.0 2.0 2.0 0.0
-8.0 -12.0 8.0 2.0 2.0 4.0
-6.0 -12.0 8.0 2.0 2.0 4.0
-8.0 -12.0 8.0 2.0 2.0 4.0
-6.0 -10.0 8.0 0.0 0.0 4.0
-12.0 -10.0 8.0 0.0 0.0 2.0
-12.0 -10.0 8.0 0.0 -2.0 2.0
-12.0 -8.0 8.0 6.0 -6.0 0.0
-16.0 -14.0 8.0 6.0 -6.0 0.0
-8.0 -4.0 6.0 6.0 -6.0 0.0
-14.0 -10.0 6.0 4.0 -4.0 2.0
