# Target: wrist_up
# Dominant_Vision: Wrist Up
-8.0 -10.0 0.0 -4.0 0.0 2.0
-4.0 -4.0 0.0 0.0 0.0 2.0
-4.0 -8.0 -2.0 -6.0 4.0 2.0
-4.0 -8.0 -2.0 -10.0 6.0 2.0
-6.0 -8.0 -2.0 -10.0 4.0 4.0
-6.0 -10.0 -6.0 -10.0 4.0 6.0
-6.0 -8.0 6.0 -4.0 4.0 6.0
-4.0 -12.0 6.0 2.0 2.0 6.0
-4.0 -8.0 6.0 2.0 2.0 8.0
-4.0 4.0 6.0 2.0 2.0 6.0
-8.0 4.0 4.0 -10.0 6.0 8.0
-6.0 -2.0 6.0 -12.0 6.0 6.0
-6.0 -6.0 6.0 -12.0 6.0 6.0
-6.0 -8.0 8.0 -12.0 6.0 6.0
-6.0 -8.0 8.0 -2.0 2.0 6.0
-12.0 -8.0 8.0 -2.0 8.0 6.0
-6.0 -8.0 4.0 -2.0 2.0 6.0
-6.0 -4.0 4.0 -2.0 2.0 10.0
-6.0 -2.0 -2.0 -2.0 2.0 6.0
-10.0 -2.0 -2.0 -8.0 -2.0 4.0
-12.0 -4.0 -2.0 -8.0 2.0 4.0
-16.0 -4.0 0.0 -4.0 0.0 4.0
-12.0 -4.0 0.0 0.0 2.0 6.0
-6.0 -4.0 -6.0 0.0 0.0 6.0
-6.0 -4.0 -6.0 4.0 8.0 6.0
-2.0 -4.0 2.0 -2.0 6.0 6.0
-4.0 -2.0 6.0 4.0 6.0 2.0
-2.0 0.0 2.0 4.0 6.0 6.0
6.0 0.0 6.0 6.0 6.0 4.0
30.0 -2.0 8.0 12.0 6.0 4.0
40.0 -2.0 8.0 14.0 2.0 4.0
58.0 0.0 10.0 24.0 2.0 4.0
60.0 0.0 8.0 30.0 10.0 -2.0
72.0 -2.0 10.0 36.0 10.0 -2.0
72.0 -4.0 10.0 36.0 10.0 -2.0
70.0 -10.0 10.0 32.0 2.0 -2.0
32.0 -22.0 -4.0 28.0 2.0 -4.0
20.0 -22.0 -10.0 6.0 0.0 -6.0
20.0 -16.0 -10.0 -28.0 0.0 -10.0
24.0 -16.0 -14.0 -32.0 -2.0 -10.0
62.0 -16.0 -10.0 -46.0 -6.0 -14.0
80.0 -22.0 -14.0 -56.0 -6.0 -18.0
90.0 -16.0 -8.0 -60.0 -8.0 -18.0
90.0 -22.0 -8.0 -56.0 -6.0 -18.0
88.0 -22.0 -6.0 -54.0 -6.0 -22.0
84.0 -32.0 2.0 -54.0 -2.0 -22.0
84.0 -30.0 0.0 -54.0 -2.0 -18.0
78.0 -30.0 0.0 -50.0 2.0 -18.0
70.0 -30.0 0.0 -48.0 4.0 -18.0
54.0 -32.0 6.0 -48.0 6.0 -16.0
54.0 -32.0 8.0 -50.0 6.0 -16.0
52.0 -32.0 8.0 -50.0 2.0 -16.0
52.0 -22.0 8.0 -50.0 2.0 -18.0
36.0 -26.0 6.0 -50.0 2.0 -18.0
30.0 -26.0 6.0 -50.0 2.0 -18.0
30.0 -26.0 10.0 -54.0 0.0 -18.0
24.0 -36.0 10.0 -50.0 0.0 -24.0
34.0 -36.0 10.0 -46.0 0.0 -24.0
24.0 -36.0 12.0 -44.0 2.0 -18.0
22.0 -34.0 10.0 -42.0 2.0 -18.0
18.0 -36.0 12.0 -42.0 2.0 -20.0
18.0 -32.0 10.0 -46.0 6.0 -20.0
16.0 -34.0 12.0 -50.0 6.0 -16.0
16.0 -34.0 6.0 -50.0 6.0 -16.0
16.0 -34.0 6.0 -50.0 0.0 -16.0
18.0 -34.0 6.0 -50.0 4.0 -16.0
14.0 -34.0 6.0 -52.0 0.0 -16.0
14.0 -38.0 6.0 -48.0 0.0 -14.0
14.0 -40.0 4.0 -52.0 -2.0 -22.0
14.0 -40.0 4.0 -54.0 -2.0 -22.0
14.0 -40.0 4.0 -56.0 4.0 -24.0
12.0 -38.0 4.0 -56.0 4.0 -24.0
12.0 -36.0 10.0 -50.0 4.0 -22.0
2.0 -32.0 4.0 -50.0 4.0 -20.0
2.0 -28.0 6.0 -50.0 2.0 -20.0
2.0 -32.0 6.0 -50.0 2.0 -16.0
4.0 -36.0 8.0 -54.0 2.0 -20.0
4.0 -44.0 8.0 -56.0 0.0 -18.0
4.0 -44.0 8.0 -56.0 0.0 -20.0
6.0 -30.0 6.0 -52.0 -2.0 -18.0
6.0 -30.0 0.0 -52.0 0.0 -20.0
6.0 -32.0 0.0 -48.0 2.0 -18.0
4.0 -34.0 2.0 -54.0 2.0 -18.0
4.0 -34.0 2.0 -54.0 2.0 -16.0
4.0 -34.0 2.0 -56.0 -2.0 -16.0
2.0 -34.0 -4.0 -56.0 6.0 -18.0
0.0 -34.0 -2.0 -64.0 2.0 -18.0
-6.0 -34.0 -2.0 -54.0 2.0 -18.0
-8.0 -34.0 0.0 -50.0 0.0 -18.0
-6.0 -32.0 8.0 -50.0 0.0 -18.0
-4.0 -30.0 8.0 -58.0 2.0 -14.0
-4.0 -28.0 8.0 -58.0 2.0 -14.0
-6.0 -28.0 10.0 -56.0 2.0 -18.0
-8.0 -26.0 8.0 -54.0 -2.0 -26.0
-6.0 -34.0 10.0 -54.0 2.0 -26.0
-12.0 -32.0 6.0 -54.0 2.0 -20.0
-8.0 -34.0 8.0 -54.0 2.0 -18.0
-12.0 -34.0 8.0 -54.0 2.0 -18.0
-10.0 -34.0 8.0 -50.0 0.0 -12.0
-10.0 -34.0 10.0 -48.0 0.0 -12.0
-10.0 -32.0 10.0 -50.0 0.0 -18.0
-8.0 -44.0 12.0 -52.0 0.0 -18.0
-8.0 -36.0 10.0 -52.0 2.0 -20.0
-6.0 -38.0 10.0 -52.0 4.0 -12.0
-6.0 -38.0 6.0 -52.0 2.0 -20.0
-6.0 -38.0 6.0 -52.0 0.0 -18.0
-6.0 -38.0 8.0 -58.0 0.0 -20.0
-4.0 -42.0 10.0 -60.0 2.0 -24.0
-4.0 -42.0 10.0 -60.0 4.0 -24.0
-4.0 -36.0 8.0 -60.0 2.0 -24.0
4.0 -32.0 4.0 -58.0 2.0 -24.0
6.0 -34.0 4.0 -64.0 0.0 -24.0
12.0 -34.0 4.0 -58.0 0.0 -22.0
32.0 -34.0 -2.0 -54.0 -4.0 -18.0
32.0 -30.0 -4.0 -54.0 -2.0 -22.0
4.0 -30.0 -6.0 -60.0 -4.0 -20.0
-18.0 -28.0 -6.0 -62.0 -14.0 -20.0
-60.0 -34.0 -18.0 -64.0 -14.0 -20.0
-84.0 -30.0 -20.0 -82.0 -14.0 -20.0
-100.0 -38.0 -22.0 -82.0 -2.0 -12.0
-100.0 -30.0 -24.0 -70.0 -14.0 -12.0
-100.0 -34.0 -28.0 -70.0 -14.0 -12.0
-100.0 -30.0 -38.0 -70.0 -14.0 -10.0
-100.0 -30.0 -38.0 -56.0 -2.0 -10.0
-100.0 -30.0 -26.0 -44.0 0.0 -10.0
-100.0 -26.0 -22.0 -44.0 -2.0 -12.0
-100.0 -24.0 -22.0 -44.0 -6.0 -10.0
-100.0 -16.0 -20.0 -36.0 -6.0 -4.0
-96.0 -14.0 -6.0 -34.0 -2.0 6.0
-66.0 -2.0 -4.0 -26.0 -2.0 6.0
-46.0 -2.0 -2.0 -22.0 -2.0 6.0
-40.0 -8.0 0.0 -22.0 -2.0 4.0
-30.0 -8.0 0.0 -20.0 0.0 4.0
-16.0 -4.0 10.0 6.0 2.0 2.0
-2.0 -4.0 10.0 8.0 2.0 2.0
-2.0 -2.0 4.0 10.0 6.0 8.0
-6.0 -2.0 4.0 20.0 12.0 10.0
-6.0 0.0 8.0 20.0 12.0 10.0
4.0 0.0 8.0 28.0 12.0 10.0
16.0 0.0 -4.0 24.0 14.0 10.0
18.0 0.0 -4.0 24.0 12.0 12.0
18.0 -2.0 -4.0 24.0 6.0 12.0
20.0 -4.0 -2.0 24.0 6.0 12.0
22.0 -4.0 -2.0 16.0 10.0 12.0
22.0 4.0 -4.0 10.0 10.0 8.0
24.0 8.0 -8.0 12.0 4.0 8.0
24.0 4.0 -4.0 12.0 4.0 6.0
24.0 -2.0 0.0 22.0 8.0 6.0
24.0 -6.0 0.0 30.0 8.0 8.0
28.0 -6.0 2.0 30.0 6.0 10.0
26.0 0.0 4.0 30.0 6.0 10.0
26.0 0.0 4.0 30.0 6.0 4.0
24.0 0.0 4.0 30.0 4.0 4.0
22.0 0.0 2.0 22.0 4.0 4.0
22.0 4.0 2.0 20.0 6.0 4.0
22.0 0.0 0.0 20.0 10.0 4.0
22.0 4.0 0.0 18.0 10.0 0.0
22.0 -4.0 0.0 16.0 10.0 0.0
22.0 -4.0 0.0 12.0 6.0 0.0
20.0 -4.0 0.0 12.0 6.0 0.0
20.0 -4.0 0.0 12.0 8.0 0.0
20.0 -2.0 0.0 14.0 8.0 2.0
18.0 -8.0 0.0 16.0 4.0 6.0
18.0 -4.0 0.0 16.0 4.0 6.0
8.0 -4.0 2.0 16.0 8.0 6.0
18.0 -4.0 2.0 20.0 8.0 6.0
18.0 0.0 4.0 20.0 8.0 4.0
18.0 0.0 -4.0 18.0 4.0 4.0
14.0 4.0 10.0 18.0 4.0 2.0
12.0 4.0 8.0 14.0 2.0 4.0
14.0 -2.0 8.0 14.0 0.0 6.0
24.0 -2.0 8.0 12.0 0.0 6.0
24.0 -2.0 4.0 12.0 8.0 10.0
22.0 -2.0 -4.0 12.0 8.0 10.0
22.0 -2.0 4.0 16.0 4.0 10.0
24.0 -4.0 0.0 20.0 2.0 2.0
26.0 -4.0 2.0 28.0 4.0 2.0
24.0 -2.0 0.0 32.0 6.0 4.0
26.0 -2.0 2.0 34.0 6.0 4.0
30.0 -2.0 0.0 34.0 4.0 8.0
30.0 0.0 0.0 28.0 4.0 4.0
24.0 6.0 -2.0 28.0 6.0 6.0
24.0 0.0 -2.0 30.0 8.0 2.0
28.0 -2.0 0.0 30.0 8.0 2.0
28.0 -2.0 4.0 34.0 4.0 2.0
22.0 -2.0 8.0 34.0 4.0 2.0
22.0 0.0 8.0 34.0 8.0 12.0
20.0 4.0 -2.0 32.0 8.0 12.0
20.0 4.0 -2.0 28.0 14.0 12.0
20.0 2.0 -2.0 30.0 14.0 6.0
26.0 0.0 -2.0 24.0 14.0 4.0
28.0 0.0 -4.0 24.0 10.0 4.0
26.0 2.0 -4.0 22.0 6.0 0.0
24.0 2.0 -4.0 8.0 6.0 10.0
20.0 -2.0 2.0 8.0 8.0 2.0
16.0 -2.0 -6.0 10.0 8.0 6.0
18.0 0.0 -2.0 16.0 6.0 2.0
14.0 0.0 -2.0 16.0 6.0 6.0
14.0 4.0 -2.0 10.0 10.0 6.0
14.0 4.0 -2.0 8.0 10.0 6.0
4.0 4.0 -2.0 8.0 4.0 6.0
4.0 4.0 2.0 8.0 2.0 10.0
12.0 4.0 2.0 8.0 2.0 10.0
16.0 8.0 2.0 6.0 2.0 18.0
16.0 0.0 -6.0 6.0 2.0 18.0
16.0 0.0 -6.0 6.0 8.0 2.0
10.0 0.0 -6.0 6.0 8.0 0.0
10.0 -2.0 0.0 6.0 6.0 2.0
10.0 4.0 0.0 8.0 4.0 2.0
12.0 2.0 0.0 10.0 2.0 6.0
14.0 2.0 0.0 10.0 4.0 6.0
14.0 2.0 0.0 2.0 6.0 6.0
14.0 0.0 -2.0 2.0 6.0 4.0
14.0 -4.0 -4.0 4.0 10.0 0.0
14.0 -4.0 -6.0 6.0 2.0 0.0
14.0 -8.0 -4.0 8.0 2.0 4.0
10.0 -8.0 2.0 8.0 2.0 6.0
10.0 0.0 2.0 8.0 2.0 6.0
10.0 0.0 4.0 6.0 2.0 6.0
16.0 0.0 2.0 6.0 2.0 6.0
16.0 -2.0 -4.0 6.0 0.0 0.0
14.0 -2.0 -4.0 6.0 0.0 6.0
10.0 -2.0 0.0 6.0 0.0 2.0
14.0 -2.0 6.0 6.0 6.0 6.0
12.0 -2.0 0.0 12.0 6.0 6.0
14.0 -2.0 -4.0 12.0 4.0 6.0
12.0 -2.0 -6.0 10.0 2.0 8.0
14.0 -10.0 -6.0 6.0 4.0 4.0
16.0 -14.0 -6.0 6.0 10.0 0.0
