# Target: wrist_up
# Dominant_Vision: Open Hand
-10.0 0.0 -2.0 -12.0 -4.0 -6.0
-2.0 2.0 -4.0 -8.0 -6.0 -6.0
-6.0 2.0 -6.0 -8.0 -8.0 -8.0
-6.0 2.0 -6.0 -8.0 -8.0 -10.0
-6.0 4.0 -6.0 -2.0 -8.0 -8.0
-6.0 4.0 -4.0 0.0 -2.0 -10.0
-6.0 4.0 -2.0 2.0 -2.0 -6.0
6.0 4.0 2.0 2.0 -2.0 -10.0
6.0 6.0 2.0 -6.0 -4.0 -10.0
-2.0 6.0 -4.0 -10.0 -2.0 -10.0
-4.0 2.0 -4.0 -10.0 -2.0 -14.0
-4.0 -6.0 -8.0 -4.0 -2.0 -8.0
-4.0 2.0 -2.0 -4.0 -2.0 -12.0
-4.0 2.0 -2.0 -4.0 -6.0 -12.0
-4.0 2.0 -2.0 -10.0 -6.0 -12.0
0.0 4.0 -2.0 -4.0 -2.0 -10.0
2.0 2.0 0.0 -8.0 -2.0 -10.0
0.0 2.0 0.0 -8.0 -4.0 -6.0
-8.0 2.0 2.0 -8.0 -4.0 -6.0
-8.0 6.0 6.0 -8.0 -2.0 -6.0
-6.0 6.0 6.0 -8.0 -2.0 -6.0
-4.0 4.0 -2.0 -6.0 -2.0 0.0
-4.0 4.0 -2.0 -6.0 -4.0 -6.0
-2.0 6.0 -2.0 -6.0 -4.0 -6.0
-4.0 6.0 -8.0 -8.0 -4.0 -6.0
0.0 6.0 -8.0 -8.0 -6.0 -6.0
-8.0 6.0 -4.0 -8.0 4.0 -6.0
2.0 2.0 6.0 -8.0 -2.0 -2.0
-6.0 2.0 6.0 -8.0 -2.0 -6.0
2.0 2.0 -2.0 -8.0 -2.0 -8.0
-2.0 2.0 -10.0 -12.0 -4.0 -12.0
0.0 2.0 -2.0 -10.0 -4.0 -8.0
0.0 4.0 2.0 -10.0 -4.0 -12.0
14.0 4.0 6.0 -2.0 -4.0 -12.0
42.0 8.0 8.0 0.0 2.0 -12.0
54.0 8.0 10.0 6.0 2.0 -12.0
54.0 8.0 10.0 6.0 2.0 -12.0
28.0 8.0 0.0 6.0 0.0 -12.0
28.0 4.0 -4.0 8.0 -6.0 -18.0
28.0 4.0 -2.0 -2.0 -6.0 -18.0
32.0 4.0 -4.0 -20.0 -6.0 -20.0
32.0 -6.0 -4.0 -20.0 -6.0 -24.0
30.0 -14.0 -6.0 -34.0 -14.0 -24.0
30.0 -14.0 -10.0 -44.0 -16.0 -24.0
70.0 -14.0 -6.0 -56.0 -20.0 -24.0
76.0 -14.0 -10.0 -58.0 -16.0 -24.0
76.0 -18.0 -10.0 -68.0 -18.0 -32.0
76.0 -18.0 -10.0 -70.0 -10.0 -32.0
76.0 -18.0 -10.0 -70.0 -8.0 -34.0
90.0 -22.0 -8.0 -64.0 -6.0 -38.0
92.0 -22.0 -2.0 -54.0 -8.0 -38.0
92.0 -26.0 -2.0 -52.0 -6.0 -34.0
88.0 -26.0 2.0 -52.0 -8.0 -28.0
68.0 -26.0 2.0 -50.0 -2.0 -28.0
64.0 -20.0 2.0 -54.0 -2.0 -28.0
68.0 -20.0 2.0 -68.0 -2.0 -34.0
68.0 -22.0 -2.0 -70.0 -10.0 -36.0
68.0 -22.0 -2.0 -72.0 -10.0 -36.0
66.0 -26.0 -2.0 -70.0 -10.0 -36.0
18.0 -22.0 -12.0 -66.0 -12.0 -34.0
-26.0 -22.0 -16.0 -66.0 -12.0 -30.0
-62.0 -22.0 -24.0 -82.0 -14.0 -30.0
-100.0 -22.0 -30.0 -92.0 -14.0 -30.0
-100.0 -20.0 -30.0 -94.0 -14.0 -28.0
-100.0 -22.0 -32.0 -94.0 -22.0 -28.0
-100.0 -26.0 -34.0 -88.0 -24.0 -30.0
-100.0 -26.0 -34.0 -82.0 -24.0 -30.0
-100.0 -24.0 -34.0 -82.0 -24.0 -20.0
-100.0 -18.0 -36.0 -74.0 -18.0 -18.0
-100.0 -10.0 -36.0 -70.0 -14.0 -16.0
-100.0 -6.0 -20.0 -64.0 -10.0 -16.0
-100.0 -6.0 -12.0 -60.0 -10.0 -12.0
-100.0 -6.0 -10.0 -54.0 -10.0 -8.0
-98.0 -6.0 -8.0 -50.0 -10.0 -8.0
-74.0 -6.0 -4.0 -48.0 -10.0 -8.0
-48.0 -4.0 -4.0 -34.0 -10.0 -16.0
-26.0 -4.0 -2.0 -22.0 -10.0 -12.0
-14.0 -4.0 0.0 -2.0 -6.0 -12.0
-10.0 -8.0 6.0 0.0 2.0 -10.0
-10.0 -8.0 6.0 0.0 2.0 -8.0
0.0 -6.0 6.0 2.0 2.0 -10.0
0.0 -2.0 6.0 -2.0 0.0 -8.0
0.0 2.0 6.0 -2.0 -2.0 -12.0
0.0 6.0 0.0 -6.0 -4.0 -6.0
2.0 6.0 -4.0 -4.0 -12.0 -6.0
8.0 6.0 -8.0 -10.0 -12.0 -6.0
8.0 6.0 -8.0 -4.0 -8.0 -4.0
8.0 6.0 -8.0 -10.0 -4.0 -6.0
8.0 6.0 -10.0 -8.0 -2.0 -6.0
10.0 14.0 -16.0 -8.0 -4.0 -6.0
6.0 6.0 -16.0 -6.0 -2.0 -8.0
6.0 6.0 -8.0 -4.0 0.0 -6.0
4.0 6.0 -8.0 -6.0 0.0 -8.0
2.0 10.0 -8.0 -6.0 4.0 -10.0
2.0 10.0 -8.0 -8.0 4.0 -10.0
0.0 2.0 -4.0 -6.0 4.0 -8.0
2.0 2.0 -4.0 -6.0 0.0 -8.0
2.0 2.0 -2.0 -4.0 0.0 -8.0
4.0 2.0 -10.0 -4.0 4.0 -8.0
4.0 4.0 -2.0 -2.0 4.0 -8.0
0.0 4.0 -2.0 -2.0 2.0 -8.0
0.0 4.0 -2.0 -14.0 0.0 -8.0
0.0 2.0 -8.0 -16.0 -6.0 -6.0
2.0 0.0 -8.0 -16.0 -6.0 -2.0
0.0 0.0 -4.0 -14.0 -6.0 -6.0
-4.0 0.0 -2.0 -10.0 -6.0 -8.0
-4.0 6.0 0.0 -2.0 -6.0 -8.0
-6.0 12.0 0.0 0.0 -4.0 -8.0
-4.0 12.0 0.0 -2.0 -2.0 -12.0
-2.0 6.0 -4.0 -16.0 2.0 -12.0
-2.0 0.0 -4.0 -18.0 2.0 -12.0
-2.0 6.0 -4.0 -18.0 -2.0 -12.0
-6.0 12.0 2.0 -16.0 -2.0 -12.0
-4.0 12.0 2.0 -14.0 2.0 -8.0
-6.0 8.0 2.0 -14.0 2.0 -4.0
-4.0 8.0 -4.0 -14.0 0.0 -8.0
-12.0 10.0 -8.0 -14.0 0.0 -8.0
-4.0 10.0 -8.0 -8.0 0.0 -8.0
-12.0 8.0 -8.0 -12.0 -2.0 -10.0
-4.0 -2.0 -6.0 -10.0 -2.0 -10.0
-4.0 8.0 4.0 -10.0 2.0 -10.0
-4.0 -2.0 4.0 -10.0 2.0 -6.0
-4.0 8.0 4.0 -10.0 2.0 -4.0
-6.0 0.0 -4.0 -10.0 -6.0 -6.0
-2.0 4.0 -4.0 -8.0 -4.0 0.0
-2.0 4.0 -4.0 -8.0 -4.0 -4.0
0.0 4.0 -2.0 -8.0 4.0 -4.0
0.0 6.0 -2.0 -8.0 4.0 -4.0
0.0 2.0 -2.0 -8.0 -2.0 -4.0
0.0 6.0 -2.0 -8.0 -2.0 -2.0
0.0 8.0 -2.0 -6.0 -2.0 -12.0
4.0 8.0 -4.0 -6.0 2.0 -10.0
4.0 10.0 -4.0 -4.0 2.0 -10.0
8.0 8.0 -4.0 -4.0 6.0 -8.0
8.0 8.0 -2.0 -4.0 6.0 -6.0
8.0 6.0 -2.0 -6.0 -2.0 -6.0
8.0 6.0 -2.0 -6.0 -2.0 -6.0
8.0 4.0 -2.0 -2.0 2.0 -6.0
8.0 6.0 0.0 0.0 2.0 -6.0
8.0 0.0 0.0 0.0 6.0 -10.0
8.0 8.0 -8.0 4.0 6.0 -10.0
4.0 0.0 -8.0 4.0 4.0 -10.0
4.0 2.0 0.0 6.0 2.0 -10.0
4.0 2.0 0.0 6.0 -2.0 -12.0
2.0 2.0 -2.0 -2.0 -4.0 -12.0
4.0 2.0 -8.0 -2.0 -4.0 -8.0
4.0 2.0 -8.0 -2.0 -4.0 -6.0
4.0 2.0 2.0 2.0 -6.0 -6.0
2.0 6.0 2.0 -4.0 2.0 -14.0
2.0 6.0 0.0 -4.0 -2.0 -14.0
-2.0 4.0 -2.0 -4.0 -2.0 -14.0
8.0 4.0 -6.0 2.0 -4.0 -6.0
-2.0 6.0 -6.0 4.0 -4.0 -4.0
0.0 6.0 -6.0 2.0 0.0 -4.0
-2.0 0.0 -2.0 -6.0 0.0 -4.0
-10.0 -2.0 0.0 -6.0 -2.0 -10.0
-10.0 -2.0 2.0 -6.0 -2.0 -10.0
4.0 2.0 0.0 2.0 0.0 -6.0
4.0 2.0 2.0 0.0 0.0 -6.0
6.0 0.0 2.0 4.0 -2.0 -6.0
0.0 -4.0 2.0 6.0 -2.0 -10.0
6.0 0.0 2.0 6.0 -2.0 -14.0
0.0 8.0 0.0 6.0 -4.0 -14.0
6.0 12.0 -2.0 -2.0 -4.0 -8.0
-2.0 12.0 -2.0 -2.0 -6.0 -8.0
-6.0 6.0 -2.0 0.0 -6.0 -8.0
-6.0 6.0 -2.0 0.0 2.0 -4.0
8.0 8.0 -2.0 0.0 2.0 -4.0
8.0 12.0 0.0 0.0 2.0 -6.0
2.0 12.0 4.0 0.0 2.0 -8.0
-4.0 2.0 4.0 0.0 0.0 -10.0
-4.0 2.0 4.0 0.0 0.0 -12.0
-4.0 8.0 -4.0 0.0 -2.0 -12.0
-2.0 8.0 -2.0 4.0 -2.0 -2.0
-2.0 6.0 -2.0 0.0 -2.0 -2.0
0.0 2.0 -2.0 0.0 -4.0 -4.0
0.0 6.0 0.0 -2.0 4.0 -4.0
2.0 6.0 0.0 -2.0 4.0 -6.0
2.0 6.0 -4.0 6.0 4.0 0.0
2.0 6.0 -4.0 6.0 4.0 -2.0
0.0 2.0 2.0 6.0 2.0 -2.0
0.0 12.0 2.0 8.0 2.0 -4.0
0.0 12.0 2.0 4.0 -2.0 -8.0
-2.0 12.0 -2.0 0.0 4.0 -6.0
0.0 6.0 -2.0 -2.0 -2.0 -6.0
2.0 4.0 -2.0 -2.0 -2.0 -6.0
4.0 4.0 0.0 -4.0 -2.0 -6.0
2.0 6.0 0.0 -6.0 0.0 -14.0
0.0 6.0 0.0 -8.0 2.0 -14.0
-2.0 2.0 0.0 -10.0 2.0 -10.0
-2.0 -2.0 -4.0 -10.0 0.0 -10.0
-4.0 2.0 -4.0 -12.0 -4.0 -10.0
-2.0 6.0 -4.0 6.0 0.0 -8.0
0.0 6.0 -2.0 -2.0 -4.0 -8.0
0.0 2.0 -2.0 2.0 -4.0 -4.0
-4.0 2.0 -10.0 -2.0 -4.0 -4.0
-6.0 10.0 -10.0 -2.0 -4.0 -4.0
-6.0 10.0 0.0 -6.0 -4.0 -4.0
-6.0 10.0 0.0 -2.0 -4.0 -6.0
-2.0 8.0 0.0 -6.0 -4.0 -8.0
0.0 2.0 0.0 -6.0 -6.0 -8.0
0.0 0.0 -2.0 -6.0 -6.0 -6.0
4.0 2.0 -2.0 -2.0 2.0 -6.0
4.0 0.0 -2.0 0.0 2.0 -8.0
4.0 0.0 4.0 0.0 2.0 -8.0
2.0 0.0 4.0 0.0 2.0 -4.0
2.0 2.0 4.0 -8.0 2.0 -4.0
2.0 8.0 4.0 -2.0 0.0 -4.0
0.0 2.0 0.0 -2.0 -4.0 -4.0
-2.0 4.0 -2.0 -2.0 -4.0 -4.0
-2.0 4.0 -2.0 0.0 -6.0 -4.0
0.0 10.0 -2.0 -2.0 -4.0 -6.0
0.0 10.0 -2.0 -2.0 -6.0 -10.0
-4.0 10.0 4.0 -4.0 -4.0 -10.0
-4.0 2.0 0.0 -6.0 2.0 -10.0
0.0 2.0 0.0 -4.0 2.0 -10.0
0.0 2.0 0.0 -2.0 0.0 -8.0
-2.0 2.0 0.0 -2.0 0.0 -6.0
-8.0 2.0 2.0 -2.0 0.0 -8.0
-8.0 2.0 -2.0 4.0 -4.0 -12.0
2.0 8.0 -2.0 4.0 -6.0 -12.0
2.0 8.0 -2.0 2.0 -8.0 -8.0
0.0 8.0 -4.0 -2.0 -8.0 -8.0
0.0 8.0 -2.0 -2.0 -8.0 -8.0
0.0 8.0 -2.0 -6.0 -4.0 -8.0
2.0 6.0 0.0 -8.0 2.0 -8.0
0.0 2.0 0.0 -8.0 2.0 -8.0
2.0 2.0 -4.0 0.0 -4.0 -8.0
-4.0 2.0 -4.0 0.0 -8.0 -8.0
-2.0 2.0 -2.0 4.0 -8.0 -8.0
