# Target: wrist_up
# Dominant_Vision: Open Hand
-12.0 -2.0 -6.0 0.0 6.0 0.0
-12.0 0.0 -6.0 0.0 6.0 0.0
-12.0 -6.0 -10.0 0.0 10.0 6.0
-6.0 0.0 -6.0 0.0 10.0 -2.0
-4.0 0.0 -8.0 -12.0 10.0 6.0
-4.0 0.0 -8.0 4.0 10.0 -2.0
-2.0 -4.0 -8.0 4.0 10.0 6.0
-2.0 -4.0 -14.0 4.0 10.0 4.0
-2.0 -4.0 -8.0 0.0 8.0 4.0
6.0 -4.0 -6.0 -2.0 6.0 -6.0
6.0 -4.0 -6.0 -4.0 6.0 -6.0
-6.0 -4.0 -10.0 -10.0 6.0 0.0
-6.0 2.0 -14.0 -10.0 6.0 4.0
-2.0 2.0 -14.0 -6.0 8.0 4.0
-2.0 -2.0 -12.0 -4.0 8.0 -4.0
-2.0 -2.0 -8.0 -6.0 8.0 -4.0
-6.0 -2.0 -8.0 -2.0 8.0 -6.0
-6.0 -8.0 -8.0 2.0 8.0 -4.0
-6.0 -8.0 -8.0 2.0 12.0 -2.0
-2.0 2.0 -8.0 -2.0 12.0 -2.0
-2.0 2.0 -10.0 -2.0 8.0 2.0
0.0 -12.0 -8.0 -2.0 8.0 -2.0
-2.0 -12.0 -8.0 -2.0 8.0 4.0
-6.0 -8.0 -6.0 -2.0 8.0 2.0
-8.0 -6.0 -8.0 -2.0 8.0 4.0
-8.0 -8.0 -6.0 4.0 6.0 2.0
-6.0 -6.0 -6.0 0.0 6.0 2.0
-6.0 -6.0 -6.0 0.0 4.0 0.0
-14.0 -6.0 -6.0 -6.0 0.0 -10.0
-14.0 -6.0 -6.0 -6.0 0.0 -10.0
-14.0 -12.0 -8.0 -6.0 0.0 -4.0
-12.0 -6.0 -16.0 -12.0 8.0 -4.0
-12.0 -2.0 -16.0 -16.0 8.0 -6.0
-8.0 -2.0 -4.0 -12.0 10.0 -6.0
-8.0 -2.0 -4.0 -10.0 10.0 -4.0
-6.0 -6.0 -6.0 -10.0 4.0 0.0
-6.0 2.0 -6.0 -10.0 4.0 4.0
-4.0 -2.0 -6.0 -8.0 6.0 4.0
0.0 -2.0 -2.0 4.0 6.0 -2.0
4.0 -6.0 -2.0 4.0 6.0 -2.0
4.0 -8.0 0.0 4.0 2.0 2.0
0.0 -10.0 -2.0 2.0 6.0 6.0
-20.0 -10.0 -6.0 -4.0 2.0 6.0
-32.0 -10.0 -12.0 -4.0 2.0 -2.0
-100.0 -8.0 -14.0 -8.0 0.0 -6.0
-100.0 -10.0 -14.0 -8.0 0.0 -6.0
-100.0 -12.0 -14.0 -8.0 0.0 -6.0
-100.0 -12.0 -10.0 10.0 -2.0 -6.0
-100.0 -12.0 -18.0 44.0 -8.0 -10.0
-100.0 -14.0 -18.0 90.0 -12.0 -18.0
-100.0 -16.0 -18.0 100.0 -12.0 -20.0
-100.0 -16.0 -18.0 100.0 -16.0 -18.0
-100.0 -16.0 -8.0 100.0 -12.0 -16.0
-100.0 -16.0 -6.0 100.0 -8.0 -16.0
-100.0 -16.0 -6.0 100.0 -4.0 -16.0
-74.0 -16.0 -18.0 52.0 -4.0 -22.0
22.0 -18.0 -18.0 18.0 4.0 -12.0
36.0 -28.0 -18.0 10.0 4.0 -22.0
88.0 -28.0 -12.0 18.0 -2.0 -20.0
100.0 -38.0 -10.0 10.0 -2.0 -20.0
100.0 -38.0 -8.0 18.0 4.0 -20.0
100.0 -30.0 -6.0 38.0 8.0 -16.0
100.0 -30.0 -6.0 42.0 8.0 -16.0
100.0 -40.0 -6.0 42.0 12.0 -16.0
100.0 -40.0 -14.0 42.0 12.0 -10.0
100.0 -40.0 -2.0 32.0 12.0 -14.0
100.0 -42.0 8.0 32.0 12.0 -10.0
100.0 -46.0 8.0 30.0 10.0 -14.0
100.0 -54.0 10.0 34.0 12.0 -18.0
100.0 -46.0 16.0 34.0 10.0 -18.0
100.0 -46.0 16.0 34.0 10.0 -18.0
100.0 -46.0 10.0 36.0 10.0 -20.0
100.0 -50.0 10.0 36.0 14.0 -20.0
100.0 -50.0 14.0 36.0 14.0 -16.0
100.0 -44.0 14.0 36.0 10.0 -16.0
100.0 -44.0 8.0 34.0 10.0 -20.0
100.0 -52.0 2.0 30.0 6.0 -20.0
100.0 -52.0 2.0 30.0 6.0 -20.0
100.0 -48.0 2.0 20.0 2.0 -22.0
100.0 -42.0 0.0 10.0 2.0 -22.0
100.0 -34.0 -2.0 0.0 0.0 -18.0
98.0 -34.0 -2.0 -6.0 0.0 -18.0
32.0 -46.0 -16.0 -18.0 0.0 -18.0
-26.0 -52.0 -18.0 -20.0 0.0 -20.0
-52.0 -46.0 -22.0 -26.0 0.0 -24.0
-54.0 -38.0 -22.0 -32.0 -2.0 -24.0
-74.0 -32.0 -22.0 -36.0 -2.0 -22.0
-80.0 -34.0 -24.0 -40.0 -6.0 -14.0
-82.0 -32.0 -24.0 -40.0 -6.0 -14.0
-90.0 -32.0 -24.0 -36.0 -6.0 -14.0
-92.0 -20.0 -26.0 -34.0 2.0 -16.0
-100.0 -16.0 -26.0 -32.0 2.0 -16.0
-100.0 -14.0 -26.0 -28.0 2.0 -6.0
-100.0 -8.0 -20.0 -26.0 2.0 0.0
-100.0 -4.0 -20.0 -26.0 4.0 0.0
-100.0 2.0 -16.0 -34.0 4.0 0.0
-100.0 2.0 -12.0 -42.0 2.0 4.0
-82.0 2.0 -6.0 -34.0 2.0 4.0
-64.0 0.0 -12.0 -26.0 10.0 2.0
-36.0 2.0 -6.0 -20.0 10.0 2.0
-6.0 14.0 -2.0 0.0 10.0 2.0
-6.0 14.0 2.0 0.0 8.0 6.0
2.0 10.0 2.0 4.0 16.0 8.0
2.0 10.0 2.0 4.0 12.0 8.0
6.0 12.0 2.0 8.0 12.0 10.0
6.0 12.0 2.0 8.0 10.0 4.0
12.0 16.0 2.0 8.0 10.0 0.0
14.0 10.0 2.0 4.0 12.0 0.0
14.0 20.0 2.0 4.0 12.0 4.0
18.0 16.0 -8.0 6.0 12.0 4.0
18.0 16.0 -8.0 6.0 12.0 4.0
12.0 16.0 -4.0 6.0 14.0 4.0
10.0 12.0 0.0 4.0 10.0 4.0
12.0 14.0 0.0 4.0 8.0 6.0
10.0 14.0 2.0 4.0 8.0 6.0
4.0 14.0 0.0 6.0 6.0 2.0
4.0 14.0 0.0 8.0 6.0 2.0
2.0 14.0 -4.0 8.0 6.0 2.0
0.0 16.0 -4.0 6.0 6.0 6.0
0.0 16.0 0.0 6.0 6.0 6.0
8.0 14.0 0.0 12.0 8.0 6.0
8.0 14.0 0.0 12.0 8.0 4.0
-2.0 18.0 0.0 12.0 12.0 4.0
-6.0 18.0 4.0 12.0 14.0 10.0
-6.0 18.0 -2.0 12.0 12.0 10.0
-6.0 16.0 -4.0 12.0 14.0 8.0
0.0 18.0 -4.0 8.0 18.0 8.0
-4.0 18.0 -2.0 12.0 18.0 6.0
0.0 20.0 2.0 4.0 14.0 6.0
0.0 18.0 0.0 12.0 14.0 6.0
2.0 20.0 0.0 8.0 14.0 6.0
2.0 16.0 -6.0 8.0 16.0 4.0
2.0 18.0 -6.0 8.0 16.0 0.0
4.0 18.0 0.0 10.0 18.0 0.0
4.0 18.0 6.0 10.0 16.0 2.0
4.0 18.0 6.0 16.0 14.0 6.0
0.0 16.0 2.0 16.0 14.0 6.0
0.0 12.0 -6.0 14.0 14.0 6.0
0.0 12.0 -6.0 14.0 12.0 6.0
0.0 12.0 -6.0 14.0 12.0 6.0
6.0 14.0 -4.0 16.0 12.0 6.0
6.0 16.0 -4.0 12.0 10.0 6.0
4.0 20.0 4.0 16.0 10.0 6.0
4.0 16.0 4.0 12.0 10.0 2.0
4.0 16.0 0.0 20.0 12.0 2.0
0.0 16.0 -2.0 12.0 12.0 2.0
4.0 16.0 -4.0 12.0 12.0 2.0
4.0 20.0 -4.0 12.0 12.0 2.0
4.0 16.0 -4.0 12.0 10.0 10.0
-2.0 20.0 4.0 12.0 10.0 10.0
-2.0 16.0 0.0 12.0 10.0 10.0
-2.0 20.0 0.0 12.0 10.0 8.0
4.0 22.0 0.0 10.0 12.0 8.0
-2.0 22.0 0.0 8.0 16.0 8.0
-2.0 20.0 0.0 8.0 16.0 0.0
-2.0 20.0 0.0 8.0 16.0 0.0
4.0 20.0 0.0 8.0 8.0 8.0
4.0 18.0 0.0 8.0 16.0 8.0
4.0 18.0 -6.0 8.0 6.0 8.0
4.0 18.0 -6.0 8.0 12.0 6.0
4.0 18.0 -2.0 8.0 12.0 6.0
0.0 14.0 0.0 8.0 12.0 6.0
0.0 14.0 0.0 8.0 12.0 6.0
0.0 14.0 0.0 8.0 10.0 6.0
0.0 14.0 -2.0 6.0 6.0 6.0
-2.0 22.0 -2.0 6.0 6.0 2.0
-2.0 18.0 -8.0 6.0 12.0 8.0
-2.0 18.0 -8.0 8.0 12.0 2.0
2.0 18.0 -8.0 8.0 6.0 2.0
2.0 18.0 -2.0 4.0 6.0 2.0
0.0 18.0 -2.0 4.0 6.0 6.0
0.0 18.0 -2.0 12.0 6.0 8.0
-6.0 20.0 -2.0 12.0 8.0 8.0
-6.0 20.0 2.0 4.0 8.0 8.0
-8.0 22.0 2.0 4.0 8.0 8.0
-8.0 20.0 -6.0 2.0 8.0 8.0
-6.0 12.0 -6.0 2.0 10.0 8.0
-4.0 12.0 -12.0 2.0 10.0 8.0
-4.0 8.0 0.0 6.0 12.0 10.0
-6.0 16.0 -12.0 6.0 14.0 10.0
-6.0 8.0 -2.0 10.0 14.0 10.0
-4.0 18.0 -12.0 6.0 14.0 10.0
-2.0 8.0 -2.0 6.0 10.0 4.0
-2.0 12.0 -2.0 2.0 10.0 -2.0
-2.0 6.0 0.0 4.0 10.0 -2.0
-6.0 12.0 -2.0 2.0 10.0 2.0
-6.0 12.0 0.0 -6.0 10.0 6.0
-6.0 12.0 -6.0 -6.0 10.0 6.0
-4.0 12.0 2.0 4.0 12.0 6.0
-2.0 12.0 -4.0 4.0 12.0 6.0
-2.0 14.0 -2.0 2.0 8.0 2.0
-6.0 14.0 -2.0 -4.0 8.0 2.0
-6.0 14.0 -2.0 2.0 14.0 8.0
-6.0 22.0 0.0 0.0 14.0 8.0
-4.0 22.0 0.0 4.0 14.0 2.0
-2.0 20.0 4.0 0.0 2.0 2.0
-2.0 18.0 0.0 2.0 0.0 0.0
-2.0 16.0 0.0 0.0 0.0 2.0
2.0 14.0 -6.0 -4.0 6.0 -8.0
-10.0 14.0 -6.0 -4.0 14.0 4.0
-4.0 14.0 -2.0 -4.0 14.0 6.0
-4.0 18.0 4.0 4.0 16.0 6.0
-2.0 20.0 4.0 -6.0 10.0 6.0
-2.0 20.0 0.0 -6.0 8.0 6.0
-2.0 18.0 0.0 -6.0 8.0 6.0
-4.0 16.0 0.0 6.0 4.0 4.0
-2.0 12.0 6.0 6.0 4.0 2.0
0.0 12.0 0.0 4.0 4.0 4.0
0.0 14.0 -4.0 2.0 4.0 4.0
-2.0 18.0 -4.0 -6.0 6.0 6.0
-6.0 22.0 -4.0 0.0 6.0 6.0
-6.0 22.0 -2.0 -2.0 10.0 8.0
-8.0 18.0 -4.0 0.0 14.0 2.0
-4.0 18.0 -8.0 0.0 14.0 0.0
-6.0 18.0 -8.0 0.0 12.0 0.0
-6.0 18.0 -8.0 2.0 10.0 -2.0
-6.0 18.0 -6.0 4.0 10.0 14.0
-4.0 16.0 -4.0 4.0 10.0 2.0
0.0 16.0 -4.0 2.0 10.0 4.0
0.0 18.0 -4.0 -2.0 8.0 4.0
0.0 18.0 -4.0 -4.0 8.0 4.0
-6.0 18.0 -4.0 -4.0 16.0 6.0
-6.0 18.0 -6.0 -4.0 16.0 6.0
-6.0 16.0 -8.0 -4.0 12.0 6.0
-6.0 16.0 -8.0 -4.0 12.0 6.0
-6.0 12.0 -4.0 -4.0 12.0 6.0
-6.0 12.0 -4.0 -4.0 6.0 6.0
-6.0 14.0 -4.0 -4.0 6.0 4.0
-6.0 14.0 -6.0 -4.0 6.0 2.0
