# Target: wrist_up
# Dominant_Vision: Open Hand
-4.0 -2.0 0.0 0.0 0.0 -2.0
0.0 -2.0 0.0 6.0 2.0 -4.0
-6.0 -6.0 -8.0 6.0 2.0 -4.0
0.0 -6.0 -8.0 2.0 4.0 -12.0
0.0 -2.0 -8.0 -4.0 4.0 -4.0
0.0 2.0 0.0 2.0 8.0 -6.0
2.0 8.0 0.0 6.0 4.0 -6.0
2.0 8.0 2.0 8.0 10.0 -6.0
-2.0 6.0 2.0 8.0 8.0 -6.0
-2.0 -2.0 2.0 6.0 8.0 -2.0
2.0 -2.0 0.0 4.0 6.0 -2.0
2.0 -2.0 0.0 4.0 4.0 -10.0
2.0 -2.0 0.0 0.0 4.0 -10.0
0.0 0.0 2.0 0.0 4.0 -10.0
-2.0 -2.0 2.0 0.0 4.0 -10.0
-2.0 -4.0 2.0 0.0 2.0 -10.0
-2.0 -4.0 -2.0 -8.0 4.0 -10.0
-2.0 -4.0 -2.0 -8.0 2.0 -4.0
-2.0 -4.0 6.0 8.0 0.0 -2.0
-2.0 -4.0 6.0 8.0 -2.0 -2.0
2.0 -2.0 4.0 6.0 -2.0 -2.0
2.0 -2.0 2.0 0.0 2.0 -10.0
-4.0 2.0 0.0 -2.0 2.0 -10.0
-4.0 2.0 -2.0 -2.0 2.0 -8.0
-4.0 2.0 0.0 0.0 2.0 -8.0
-6.0 0.0 0.0 2.0 4.0 -8.0
-4.0 0.0 0.0 2.0 4.0 -8.0
-2.0 0.0 0.0 0.0 4.0 -8.0
0.0 0.0 0.0 0.0 8.0 -10.0
0.0 0.0 -2.0 0.0 8.0 -8.0
0.0 4.0 -4.0 -2.0 8.0 -4.0
-2.0 4.0 -4.0 -2.0 8.0 -4.0
0.0 4.0 0.0 -2.0 2.0 -12.0
-2.0 6.0 0.0 2.0 6.0 -16.0
-12.0 6.0 0.0 8.0 4.0 -16.0
-18.0 6.0 -4.0 8.0 6.0 -10.0
-18.0 4.0 -4.0 4.0 6.0 -8.0
-32.0 4.0 -2.0 4.0 6.0 -2.0
-90.0 -10.0 -2.0 -8.0 0.0 -2.0
-100.0 -10.0 -4.0 -8.0 0.0 -14.0
-100.0 -10.0 -4.0 -12.0 -4.0 -14.0
-100.0 -10.0 -4.0 -30.0 -4.0 -14.0
-96.0 -6.0 -12.0 -50.0 -10.0 -20.0
-60.0 -6.0 -12.0 -58.0 -10.0 -20.0
-14.0 -10.0 -16.0 -66.0 -10.0 -20.0
30.0 -10.0 -12.0 -82.0 -8.0 -20.0
60.0 -14.0 -4.0 -82.0 -4.0 -20.0
66.0 -14.0 -4.0 -80.0 -4.0 -20.0
80.0 -14.0 -2.0 -62.0 -4.0 -28.0
100.0 -16.0 -2.0 -62.0 0.0 -28.0
100.0 -20.0 -2.0 -60.0 10.0 -28.0
100.0 -22.0 2.0 -46.0 6.0 -24.0
100.0 -24.0 4.0 -46.0 6.0 -20.0
96.0 -22.0 4.0 -46.0 6.0 -20.0
90.0 -28.0 2.0 -46.0 10.0 -22.0
90.0 -22.0 2.0 -46.0 10.0 -22.0
100.0 -16.0 2.0 -48.0 4.0 -24.0
100.0 -16.0 8.0 -48.0 2.0 -24.0
100.0 -24.0 8.0 -48.0 4.0 -24.0
100.0 -24.0 8.0 -46.0 2.0 -24.0
100.0 -24.0 6.0 -44.0 2.0 -20.0
98.0 -28.0 6.0 -46.0 0.0 -24.0
100.0 -28.0 6.0 -44.0 0.0 -20.0
100.0 -28.0 10.0 -38.0 6.0 -20.0
100.0 -28.0 10.0 -38.0 6.0 -20.0
100.0 -24.0 10.0 -40.0 6.0 -20.0
100.0 -24.0 4.0 -50.0 2.0 -20.0
100.0 -20.0 2.0 -50.0 -6.0 -20.0
74.0 -20.0 -4.0 -52.0 -8.0 -26.0
62.0 -20.0 -12.0 -50.0 -6.0 -26.0
20.0 -22.0 -12.0 -50.0 -2.0 -26.0
18.0 -22.0 -12.0 -50.0 -2.0 -26.0
-34.0 -24.0 -12.0 -56.0 -6.0 -26.0
-66.0 -24.0 -26.0 -64.0 -10.0 -28.0
-88.0 -24.0 -28.0 -76.0 -6.0 -28.0
-94.0 -24.0 -30.0 -76.0 -8.0 -28.0
-100.0 -28.0 -32.0 -68.0 -8.0 -22.0
-100.0 -34.0 -34.0 -68.0 -8.0 -20.0
-100.0 -34.0 -36.0 -68.0 -12.0 -22.0
-100.0 -28.0 -36.0 -70.0 -8.0 -20.0
-100.0 -20.0 -38.0 -70.0 -14.0 -20.0
-100.0 -20.0 -38.0 -68.0 -6.0 -18.0
-100.0 -20.0 -38.0 -68.0 -6.0 -16.0
-100.0 -22.0 -30.0 -68.0 -6.0 -6.0
-100.0 -14.0 -26.0 -68.0 -2.0 -6.0
-100.0 -18.0 -26.0 -50.0 -2.0 -6.0
-100.0 -14.0 -16.0 -34.0 -2.0 -6.0
-100.0 -8.0 -14.0 -34.0 -2.0 -10.0
-100.0 -8.0 -14.0 -24.0 2.0 -10.0
-100.0 -8.0 -6.0 -22.0 2.0 -8.0
-94.0 -10.0 -6.0 -18.0 0.0 -8.0
-84.0 -8.0 -10.0 -12.0 0.0 -10.0
-66.0 -4.0 -10.0 -8.0 6.0 -10.0
-52.0 -2.0 -18.0 -2.0 6.0 0.0
-52.0 0.0 -10.0 -2.0 -2.0 0.0
-44.0 0.0 -10.0 -6.0 -2.0 4.0
-34.0 0.0 -8.0 -6.0 0.0 2.0
-44.0 4.0 -8.0 0.0 12.0 2.0
-32.0 4.0 6.0 4.0 0.0 -2.0
-30.0 4.0 6.0 4.0 6.0 -2.0
-26.0 6.0 -6.0 10.0 6.0 -8.0
-26.0 0.0 -6.0 14.0 12.0 -4.0
-26.0 4.0 4.0 28.0 16.0 -4.0
-20.0 0.0 4.0 30.0 16.0 2.0
-14.0 4.0 2.0 34.0 8.0 4.0
-14.0 4.0 2.0 38.0 8.0 8.0
-10.0 4.0 2.0 38.0 10.0 10.0
-2.0 2.0 0.0 36.0 14.0 10.0
-2.0 2.0 -2.0 30.0 14.0 -4.0
-4.0 4.0 -2.0 36.0 6.0 -4.0
-10.0 4.0 -2.0 36.0 6.0 -4.0
-10.0 4.0 -2.0 36.0 6.0 -4.0
2.0 6.0 2.0 30.0 6.0 0.0
2.0 8.0 2.0 30.0 6.0 0.0
-2.0 6.0 2.0 36.0 8.0 0.0
-2.0 8.0 0.0 36.0 8.0 2.0
-2.0 10.0 0.0 36.0 8.0 -2.0
-2.0 10.0 -8.0 48.0 6.0 -2.0
-2.0 4.0 -8.0 48.0 6.0 -2.0
-2.0 4.0 2.0 44.0 6.0 -4.0
0.0 4.0 4.0 42.0 8.0 -6.0
0.0 4.0 2.0 42.0 8.0 -8.0
-2.0 4.0 4.0 40.0 0.0 -8.0
-6.0 4.0 -2.0 40.0 0.0 0.0
-6.0 2.0 -2.0 38.0 6.0 0.0
-2.0 2.0 -2.0 36.0 6.0 0.0
2.0 2.0 2.0 30.0 4.0 -4.0
4.0 4.0 8.0 30.0 4.0 0.0
4.0 4.0 8.0 34.0 2.0 0.0
6.0 4.0 2.0 34.0 10.0 0.0
-8.0 6.0 0.0 30.0 8.0 -2.0
6.0 4.0 2.0 30.0 8.0 -2.0
2.0 4.0 0.0 32.0 8.0 -2.0
2.0 4.0 0.0 32.0 -4.0 -4.0
2.0 2.0 -2.0 36.0 -2.0 -4.0
-2.0 2.0 -2.0 32.0 -2.0 -8.0
-4.0 2.0 8.0 34.0 10.0 -8.0
-6.0 2.0 8.0 34.0 14.0 -4.0
-6.0 4.0 2.0 34.0 14.0 -2.0
-4.0 4.0 2.0 32.0 12.0 -4.0
-4.0 6.0 2.0 32.0 10.0 0.0
2.0 4.0 2.0 32.0 8.0 -4.0
0.0 4.0 -14.0 32.0 4.0 0.0
0.0 0.0 -14.0 32.0 8.0 0.0
-14.0 0.0 -8.0 30.0 4.0 0.0
-14.0 0.0 -4.0 28.0 4.0 -2.0
-10.0 0.0 2.0 28.0 4.0 -4.0
-6.0 0.0 2.0 24.0 4.0 -4.0
2.0 2.0 2.0 24.0 6.0 -2.0
6.0 2.0 6.0 24.0 4.0 -2.0
6.0 6.0 0.0 22.0 4.0 0.0
2.0 -2.0 0.0 22.0 0.0 -2.0
-4.0 0.0 -8.0 22.0 4.0 -2.0
-4.0 0.0 -10.0 26.0 8.0 -2.0
-4.0 0.0 -8.0 34.0 8.0 -2.0
-4.0 0.0 -2.0 34.0 6.0 0.0
-6.0 -4.0 -2.0 28.0 6.0 -2.0
-6.0 0.0 2.0 26.0 6.0 0.0
-2.0 -2.0 2.0 26.0 6.0 -6.0
4.0 2.0 2.0 34.0 4.0 0.0
4.0 2.0 2.0 34.0 10.0 0.0
4.0 2.0 0.0 32.0 6.0 4.0
2.0 2.0 0.0 26.0 6.0 4.0
0.0 6.0 4.0 26.0 0.0 4.0
0.0 6.0 4.0 26.0 0.0 0.0
2.0 6.0 2.0 26.0 8.0 -4.0
2.0 2.0 -6.0 26.0 10.0 -4.0
0.0 -4.0 -6.0 18.0 8.0 -8.0
-8.0 -4.0 -6.0 18.0 8.0 -2.0
0.0 0.0 -4.0 18.0 -4.0 -4.0
-4.0 0.0 -4.0 24.0 4.0 -2.0
-4.0 0.0 2.0 26.0 4.0 -2.0
-4.0 0.0 2.0 28.0 6.0 0.0
-2.0 0.0 2.0 28.0 6.0 6.0
0.0 4.0 2.0 30.0 6.0 4.0
0.0 4.0 2.0 30.0 4.0 4.0
0.0 -2.0 4.0 22.0 0.0 -8.0
2.0 -2.0 0.0 22.0 0.0 -8.0
0.0 4.0 6.0 26.0 6.0 -8.0
2.0 4.0 6.0 28.0 10.0 -4.0
4.0 -2.0 6.0 28.0 12.0 4.0
4.0 -2.0 6.0 26.0 12.0 4.0
2.0 2.0 -2.0 26.0 8.0 4.0
2.0 2.0 -2.0 26.0 6.0 4.0
4.0 2.0 -2.0 26.0 4.0 4.0
4.0 2.0 4.0 26.0 4.0 4.0
2.0 2.0 2.0 26.0 4.0 -2.0
2.0 0.0 2.0 30.0 4.0 -2.0
2.0 -2.0 2.0 30.0 4.0 -2.0
2.0 -2.0 -2.0 30.0 10.0 0.0
2.0 4.0 2.0 30.0 10.0 0.0
2.0 8.0 6.0 26.0 8.0 0.0
4.0 8.0 14.0 26.0 8.0 -4.0
4.0 8.0 6.0 26.0 8.0 6.0
4.0 4.0 2.0 28.0 10.0 2.0
2.0 8.0 2.0 28.0 10.0 2.0
2.0 4.0 4.0 30.0 10.0 -2.0
2.0 0.0 6.0 28.0 8.0 -2.0
2.0 -2.0 6.0 28.0 10.0 -4.0
2.0 -4.0 6.0 28.0 8.0 -4.0
6.0 -4.0 0.0 28.0 8.0 -4.0
-2.0 -6.0 -8.0 30.0 6.0 -4.0
0.0 2.0 -8.0 30.0 6.0 0.0
0.0 -6.0 4.0 30.0 6.0 2.0
0.0 4.0 4.0 26.0 4.0 2.0
-4.0 4.0 2.0 26.0 4.0 0.0
-4.0 4.0 0.0 28.0 4.0 0.0
0.0 0.0 0.0 28.0 4.0 0.0
2.0 0.0 2.0 28.0 4.0 4.0
0.0 -2.0 4.0 30.0 6.0 -4.0
0.0 -2.0 4.0 30.0 6.0 0.0
0.0 4.0 4.0 26.0 6.0 0.0
0.0 6.0 4.0 26.0 4.0 0.0
-2.0 6.0 4.0 28.0 4.0 0.0
0.0 8.0 4.0 30.0 8.0 -2.0
4.0 2.0 0.0 28.0 8.0 -2.0
4.0 2.0 0.0 28.0 6.0 -8.0
2.0 0.0 2.0 28.0 4.0 -2.0
0.0 0.0 4.0 20.0 4.0 -10.0
0.0 4.0 4.0 24.0 4.0 -12.0
0.0 4.0 4.0 24.0 10.0 -12.0
2.0 0.0 4.0 26.0 10.0 -4.0
2.0 0.0 6.0 26.0 10.0 -4.0
2.0 0.0 6.0 20.0 8.0 -4.0
4.0 -2.0 8.0 16.0 8.0 -4.0
6.0 -2.0 8.0 20.0 8.0 -4.0
6.0 0.0 8.0 28.0 0.0 -4.0
-2.0 6.0 8.0 28.0 0.0 -2.0
-2.0 0.0 0.0 22.0 4.0 2.0
-2.0 10.0 4.0 20.0 6.0 2.0
