# Target: wrist_up
# Dominant_Vision: Open Hand
0.0 -8.0 2.0 6.0 8.0 0.0
0.0 -8.0 2.0 0.0 6.0 0.0
0.0 -10.0 2.0 8.0 8.0 0.0
-6.0 -10.0 2.0 8.0 6.0 4.0
-6.0 -10.0 2.0 8.0 8.0 2.0
-6.0 -8.0 6.0 8.0 14.0 2.0
-4.0 -2.0 12.0 6.0 14.0 2.0
-2.0 -2.0 8.0 8.0 8.0 2.0
0.0 -6.0 8.0 8.0 2.0 6.0
-2.0 -8.0 6.0 8.0 2.0 4.0
-2.0 -8.0 4.0 8.0 2.0 4.0
-6.0 -8.0 0.0 4.0 2.0 0.0
-2.0 -2.0 0.0 10.0 8.0 0.0
-6.0 -2.0 2.0 12.0 8.0 0.0
-4.0 0.0 4.0 12.0 8.0 0.0
-4.0 -6.0 6.0 0.0 8.0 0.0
-4.0 -6.0 6.0 0.0 8.0 -2.0
-6.0 -8.0 6.0 2.0 6.0 2.0
-6.0 -8.0 6.0 4.0 6.0 2.0
-6.0 -10.0 6.0 4.0 4.0 2.0
-6.0 -10.0 6.0 -2.0 4.0 2.0
-2.0 -6.0 2.0 -4.0 4.0 0.0
-2.0 -6.0 2.0 -4.0 0.0 4.0
-8.0 -6.0 4.0 12.0 0.0 2.0
-8.0 -8.0 4.0 12.0 0.0 2.0
-8.0 -8.0 6.0 12.0 8.0 2.0
-8.0 -14.0 10.0 6.0 8.0 2.0
-6.0 -14.0 10.0 6.0 2.0 -4.0
-6.0 -12.0 2.0 8.0 2.0 -4.0
-6.0 -12.0 2.0 10.0 10.0 0.0
-6.0 -12.0 4.0 10.0 12.0 0.0
-6.0 -8.0 6.0 10.0 12.0 0.0
-6.0 -8.0 8.0 12.0 4.0 -2.0
-2.0 -10.0 8.0 12.0 4.0 0.0
-2.0 -10.0 -4.0 12.0 6.0 0.0
-2.0 0.0 -4.0 10.0 6.0 0.0
-4.0 0.0 -2.0 10.0 6.0 0.0
-10.0 2.0 0.0 2.0 4.0 -6.0
-34.0 -2.0 0.0 0.0 6.0 0.0
-34.0 -2.0 0.0 0.0 2.0 2.0
-62.0 -2.0 2.0 -6.0 4.0 2.0
-66.0 -12.0 2.0 -6.0 2.0 -2.0
-76.0 -12.0 2.0 -6.0 2.0 -6.0
-76.0 0.0 -2.0 -16.0 0.0 -6.0
-74.0 0.0 -4.0 -24.0 -4.0 -8.0
-48.0 -6.0 -6.0 -34.0 -10.0 -8.0
-26.0 -6.0 -10.0 -44.0 -10.0 -8.0
20.0 -6.0 -10.0 -44.0 -2.0 -16.0
36.0 -12.0 0.0 -42.0 -2.0 -16.0
70.0 -16.0 6.0 -42.0 -2.0 -18.0
74.0 -16.0 8.0 -38.0 0.0 -18.0
74.0 -16.0 8.0 -32.0 2.0 -18.0
84.0 -12.0 4.0 -32.0 2.0 -14.0
90.0 -12.0 4.0 -32.0 -2.0 -12.0
100.0 -20.0 8.0 -24.0 -2.0 -12.0
100.0 -20.0 8.0 -24.0 0.0 -18.0
100.0 -20.0 8.0 -24.0 6.0 -18.0
100.0 -20.0 8.0 -24.0 6.0 -18.0
100.0 -20.0 16.0 -24.0 6.0 -12.0
100.0 -18.0 24.0 -32.0 10.0 -16.0
100.0 -18.0 24.0 -36.0 10.0 -16.0
100.0 -18.0 14.0 -36.0 4.0 -16.0
94.0 -20.0 14.0 -30.0 4.0 -18.0
94.0 -20.0 16.0 -28.0 8.0 -18.0
94.0 -20.0 16.0 -28.0 8.0 -18.0
92.0 -20.0 16.0 -28.0 6.0 -14.0
88.0 -20.0 16.0 -28.0 6.0 -18.0
92.0 -20.0 10.0 -26.0 0.0 -14.0
100.0 -22.0 6.0 -28.0 4.0 -20.0
100.0 -26.0 0.0 -26.0 2.0 -14.0
100.0 -22.0 0.0 -30.0 2.0 -20.0
68.0 -26.0 0.0 -30.0 2.0 -14.0
42.0 -18.0 -8.0 -40.0 2.0 -20.0
10.0 -30.0 -10.0 -54.0 2.0 -22.0
-26.0 -18.0 -10.0 -54.0 0.0 -28.0
-30.0 -24.0 -16.0 -54.0 -2.0 -22.0
-38.0 -24.0 -12.0 -42.0 -2.0 -16.0
-62.0 -26.0 -16.0 -42.0 -4.0 -14.0
-98.0 -26.0 -24.0 -50.0 -4.0 -16.0
-98.0 -24.0 -26.0 -50.0 -10.0 -10.0
-100.0 -20.0 -24.0 -46.0 0.0 -12.0
-100.0 -20.0 -30.0 -40.0 0.0 -6.0
-100.0 -22.0 -30.0 -38.0 4.0 -6.0
-100.0 -28.0 -30.0 -38.0 4.0 -6.0
-100.0 -22.0 -22.0 -38.0 6.0 -6.0
-96.0 -14.0 -16.0 -36.0 4.0 6.0
-90.0 -12.0 -14.0 -16.0 0.0 6.0
-90.0 -8.0 -8.0 -12.0 0.0 4.0
-74.0 -4.0 -2.0 -8.0 10.0 -6.0
-70.0 -8.0 0.0 4.0 10.0 -4.0
-62.0 -4.0 2.0 6.0 6.0 -4.0
-54.0 -10.0 0.0 12.0 6.0 6.0
-32.0 -4.0 -2.0 12.0 6.0 6.0
-22.0 -8.0 -2.0 10.0 8.0 8.0
-6.0 -4.0 8.0 10.0 10.0 8.0
-4.0 0.0 8.0 20.0 10.0 8.0
4.0 0.0 6.0 30.0 10.0 8.0
4.0 2.0 6.0 30.0 8.0 8.0
2.0 2.0 14.0 18.0 8.0 4.0
0.0 0.0 14.0 18.0 6.0 4.0
2.0 0.0 6.0 18.0 6.0 4.0
2.0 2.0 6.0 20.0 8.0 4.0
2.0 2.0 4.0 20.0 8.0 4.0
2.0 0.0 6.0 20.0 8.0 4.0
0.0 -2.0 2.0 18.0 12.0 8.0
6.0 -2.0 2.0 16.0 12.0 8.0
0.0 2.0 -4.0 18.0 6.0 4.0
4.0 2.0 -4.0 18.0 2.0 4.0
0.0 4.0 -4.0 18.0 6.0 4.0
0.0 4.0 0.0 18.0 8.0 4.0
0.0 6.0 0.0 24.0 8.0 10.0
0.0 8.0 0.0 24.0 8.0 4.0
0.0 6.0 4.0 22.0 8.0 4.0
2.0 8.0 4.0 22.0 10.0 4.0
2.0 4.0 4.0 22.0 8.0 4.0
2.0 4.0 2.0 22.0 8.0 4.0
8.0 2.0 2.0 18.0 2.0 6.0
8.0 -4.0 2.0 22.0 2.0 2.0
4.0 0.0 8.0 18.0 10.0 6.0
4.0 0.0 8.0 22.0 10.0 4.0
4.0 0.0 4.0 22.0 10.0 4.0
0.0 6.0 4.0 24.0 10.0 4.0
0.0 -4.0 4.0 24.0 10.0 8.0
0.0 -4.0 4.0 20.0 18.0 8.0
0.0 -4.0 4.0 18.0 18.0 2.0
-2.0 -2.0 4.0 20.0 10.0 2.0
-4.0 0.0 6.0 24.0 10.0 2.0
-2.0 2.0 8.0 24.0 10.0 6.0
0.0 2.0 8.0 22.0 10.0 6.0
2.0 2.0 6.0 22.0 6.0 8.0
4.0 2.0 -2.0 28.0 6.0 2.0
4.0 2.0 -2.0 28.0 6.0 2.0
4.0 2.0 -2.0 18.0 6.0 2.0
4.0 2.0 -4.0 18.0 6.0 8.0
2.0 0.0 4.0 18.0 6.0 8.0
-2.0 -2.0 4.0 18.0 6.0 4.0
-2.0 -2.0 10.0 12.0 10.0 4.0
0.0 0.0 10.0 10.0 10.0 8.0
0.0 0.0 4.0 12.0 10.0 8.0
0.0 6.0 4.0 16.0 8.0 6.0
4.0 6.0 0.0 16.0 8.0 6.0
4.0 6.0 6.0 16.0 10.0 2.0
4.0 2.0 4.0 16.0 10.0 2.0
4.0 2.0 4.0 22.0 8.0 0.0
0.0 -2.0 4.0 24.0 2.0 2.0
6.0 -4.0 0.0 22.0 2.0 2.0
6.0 -2.0 2.0 20.0 6.0 10.0
8.0 -2.0 2.0 20.0 12.0 4.0
8.0 -2.0 2.0 22.0 12.0 4.0
6.0 0.0 0.0 22.0 12.0 4.0
6.0 2.0 0.0 22.0 12.0 2.0
6.0 2.0 2.0 24.0 12.0 2.0
6.0 2.0 6.0 26.0 10.0 12.0
8.0 6.0 6.0 26.0 8.0 12.0
8.0 6.0 8.0 26.0 10.0 6.0
8.0 2.0 4.0 26.0 10.0 2.0
6.0 2.0 10.0 26.0 10.0 2.0
6.0 2.0 10.0 26.0 10.0 2.0
2.0 2.0 10.0 26.0 10.0 2.0
6.0 0.0 4.0 8.0 10.0 8.0
2.0 0.0 4.0 20.0 12.0 6.0
6.0 0.0 4.0 20.0 14.0 6.0
6.0 0.0 4.0 20.0 16.0 2.0
6.0 6.0 4.0 28.0 14.0 -2.0
8.0 6.0 4.0 20.0 14.0 -2.0
8.0 2.0 -2.0 20.0 14.0 0.0
8.0 2.0 -2.0 20.0 14.0 2.0
4.0 0.0 -2.0 18.0 14.0 2.0
4.0 0.0 6.0 20.0 14.0 2.0
8.0 0.0 -2.0 20.0 10.0 10.0
8.0 0.0 2.0 22.0 6.0 10.0
2.0 2.0 2.0 28.0 6.0 8.0
2.0 6.0 6.0 22.0 10.0 6.0
6.0 6.0 6.0 20.0 10.0 6.0
6.0 0.0 0.0 16.0 10.0 2.0
2.0 0.0 -2.0 16.0 12.0 6.0
2.0 4.0 -2.0 22.0 12.0 8.0
2.0 4.0 -2.0 24.0 16.0 8.0
6.0 2.0 8.0 24.0 6.0 8.0
6.0 2.0 10.0 24.0 12.0 14.0
6.0 -6.0 10.0 24.0 10.0 14.0
6.0 -6.0 10.0 16.0 10.0 10.0
10.0 -10.0 4.0 26.0 10.0 4.0
22.0 -10.0 4.0 20.0 14.0 4.0
22.0 -8.0 4.0 28.0 14.0 4.0
22.0 0.0 4.0 28.0 14.0 4.0
20.0 0.0 8.0 30.0 16.0 4.0
22.0 0.0 14.0 32.0 16.0 2.0
20.0 0.0 14.0 32.0 16.0 2.0
18.0 -10.0 14.0 28.0 10.0 4.0
18.0 -10.0 8.0 28.0 16.0 4.0
18.0 -6.0 12.0 22.0 12.0 10.0
22.0 -6.0 12.0 26.0 12.0 2.0
28.0 -10.0 12.0 26.0 12.0 10.0
28.0 -10.0 16.0 28.0 14.0 2.0
20.0 -10.0 16.0 32.0 14.0 10.0
16.0 -8.0 16.0 32.0 12.0 10.0
16.0 0.0 16.0 32.0 12.0 10.0
20.0 -2.0 16.0 34.0 16.0 8.0
20.0 0.0 8.0 32.0 16.0 8.0
20.0 4.0 8.0 32.0 16.0 8.0
18.0 4.0 12.0 28.0 16.0 10.0
22.0 -2.0 12.0 28.0 16.0 4.0
22.0 -2.0 8.0 28.0 10.0 4.0
22.0 -4.0 8.0 28.0 8.0 4.0
18.0 4.0 8.0 36.0 8.0 6.0
18.0 -2.0 10.0 30.0 12.0 6.0
24.0 -2.0 10.0 30.0 16.0 4.0
24.0 -8.0 12.0 30.0 16.0 4.0
20.0 -8.0 8.0 28.0 14.0 4.0
20.0 -2.0 12.0 28.0 12.0 6.0
20.0 -2.0 2.0 28.0 12.0 6.0
16.0 -2.0 4.0 28.0 16.0 6.0
16.0 -4.0 4.0 32.0 20.0 6.0
22.0 -4.0 6.0 28.0 20.0 8.0
28.0 6.0 6.0 28.0 10.0 6.0
28.0 6.0 8.0 28.0 10.0 8.0
18.0 -2.0 8.0 28.0 10.0 6.0
18.0 -2.0 12.0 28.0 12.0 -2.0
18.0 2.0 8.0 26.0 12.0 -2.0
22.0 2.0 12.0 26.0 8.0 6.0
22.0 2.0 8.0 26.0 8.0 6.0
22.0 2.0 8.0 30.0 12.0 10.0
22.0 2.0 8.0 28.0 12.0 10.0
22.0 -4.0 8.0 30.0 12.0 10.0
22.0 -8.0 8.0 28.0 6.0 8.0
16.0 -8.0 6.0 28.0 6.0 8.0
16.0 4.0 6.0 28.0 12.0 4.0
16.0 4.0 8.0 28.0 16.0 -4.0
22.0 0.0 8.0 26.0 16.0 4.0
