# Target: wrist_up
# Dominant_Vision: Open Hand
-2.0 6.0 -2.0 2.0 2.0 4.0
0.0 8.0 -4.0 2.0 2.0 4.0
-6.0 8.0 -4.0 2.0 6.0 4.0
-8.0 8.0 -4.0 2.0 6.0 4.0
-8.0 8.0 2.0 -2.0 6.0 4.0
-2.0 0.0 4.0 -2.0 4.0 0.0
4.0 8.0 4.0 -6.0 10.0 -6.0
-2.0 6.0 4.0 -4.0 6.0 0.0
0.0 6.0 2.0 -6.0 6.0 0.0
-10.0 4.0 -2.0 -4.0 6.0 0.0
-4.0 4.0 -2.0 -8.0 6.0 0.0
-8.0 4.0 8.0 0.0 8.0 -4.0
-4.0 10.0 8.0 2.0 8.0 0.0
-2.0 4.0 -2.0 2.0 8.0 -2.0
-2.0 8.0 -2.0 2.0 4.0 0.0
-2.0 8.0 2.0 -4.0 10.0 -2.0
-2.0 8.0 2.0 -6.0 4.0 10.0
-2.0 6.0 2.0 -6.0 4.0 4.0
-2.0 6.0 -2.0 -4.0 0.0 6.0
-2.0 8.0 2.0 -2.0 0.0 4.0
-2.0 8.0 -2.0 -2.0 10.0 -2.0
0.0 8.0 4.0 -2.0 10.0 -2.0
0.0 8.0 -2.0 -6.0 10.0 2.0
2.0 2.0 0.0 -8.0 10.0 2.0
-2.0 4.0 0.0 -8.0 10.0 2.0
2.0 2.0 0.0 -8.0 6.0 0.0
-2.0 4.0 4.0 0.0 6.0 0.0
-8.0 2.0 -2.0 -6.0 6.0 -2.0
-8.0 8.0 2.0 4.0 4.0 -2.0
-2.0 2.0 2.0 -6.0 4.0 -2.0
0.0 4.0 2.0 -6.0 8.0 -6.0
-2.0 4.0 8.0 -6.0 8.0 2.0
-4.0 6.0 8.0 0.0 4.0 -6.0
-4.0 8.0 8.0 2.0 4.0 0.0
-10.0 6.0 8.0 2.0 6.0 -2.0
4.0 8.0 -4.0 2.0 6.0 -2.0
-2.0 6.0 4.0 0.0 6.0 -4.0
0.0 4.0 4.0 0.0 6.0 -4.0
-2.0 4.0 4.0 -2.0 6.0 0.0
0.0 4.0 -2.0 -2.0 8.0 0.0
0.0 0.0 -2.0 -4.0 8.0 4.0
0.0 4.0 4.0 -4.0 8.0 -6.0
-10.0 6.0 4.0 -4.0 6.0 -6.0
-10.0 8.0 2.0 -6.0 6.0 -6.0
-8.0 8.0 -2.0 -6.0 4.0 0.0
-4.0 8.0 -2.0 2.0 6.0 0.0
12.0 20.0 8.0 2.0 6.0 0.0
12.0 20.0 8.0 2.0 6.0 -2.0
12.0 14.0 8.0 2.0 4.0 0.0
4.0 14.0 8.0 2.0 4.0 0.0
-8.0 10.0 2.0 2.0 4.0 2.0
-26.0 10.0 2.0 2.0 4.0 0.0
-44.0 10.0 -2.0 -2.0 2.0 -4.0
-62.0 8.0 -2.0 -14.0 0.0 -4.0
-76.0 12.0 -2.0 -16.0 0.0 -4.0
-80.0 10.0 -6.0 -16.0 -2.0 -6.0
-82.0 12.0 -6.0 -22.0 -4.0 -6.0
-82.0 14.0 -6.0 -28.0 -4.0 -10.0
-82.0 14.0 -10.0 -32.0 -6.0 -10.0
-74.0 2.0 -12.0 -38.0 -6.0 -10.0
-72.0 2.0 -18.0 -50.0 -6.0 -12.0
-70.0 8.0 -12.0 -52.0 -6.0 -12.0
-60.0 8.0 -10.0 -52.0 -4.0 -14.0
-44.0 2.0 -10.0 -50.0 -4.0 -18.0
-30.0 2.0 -6.0 -50.0 -4.0 -18.0
-30.0 2.0 -8.0 -48.0 -6.0 -14.0
-14.0 4.0 -8.0 -50.0 -6.0 -12.0
6.0 -6.0 -8.0 -48.0 -6.0 -12.0
20.0 0.0 -8.0 -46.0 -6.0 -12.0
38.0 -4.0 -10.0 -42.0 -2.0 -12.0
56.0 -4.0 -10.0 -42.0 -2.0 -16.0
64.0 -8.0 -8.0 -48.0 2.0 -16.0
76.0 -8.0 -2.0 -48.0 2.0 -18.0
80.0 -4.0 6.0 -44.0 2.0 -18.0
92.0 -4.0 10.0 -42.0 4.0 -20.0
94.0 -4.0 10.0 -44.0 4.0 -18.0
100.0 -8.0 10.0 -42.0 2.0 -16.0
100.0 -2.0 10.0 -44.0 2.0 -16.0
100.0 -8.0 10.0 -44.0 2.0 -16.0
100.0 -6.0 2.0 -44.0 4.0 -18.0
100.0 -8.0 0.0 -48.0 4.0 -14.0
100.0 -8.0 0.0 -44.0 6.0 -18.0
100.0 -8.0 12.0 -38.0 6.0 -14.0
100.0 -4.0 12.0 -36.0 6.0 -18.0
100.0 -4.0 0.0 -36.0 6.0 -14.0
98.0 -4.0 0.0 -48.0 4.0 -14.0
100.0 -8.0 0.0 -48.0 4.0 -14.0
98.0 -6.0 -2.0 -48.0 0.0 -18.0
96.0 -8.0 -4.0 -50.0 0.0 -18.0
56.0 -6.0 -8.0 -50.0 2.0 -18.0
54.0 -6.0 -8.0 -48.0 4.0 -18.0
32.0 -6.0 -12.0 -48.0 2.0 -14.0
-14.0 -6.0 -14.0 -50.0 0.0 -14.0
-26.0 -6.0 -18.0 -50.0 -2.0 -14.0
-66.0 -6.0 -22.0 -48.0 -4.0 -14.0
-88.0 -8.0 -22.0 -48.0 -6.0 -14.0
-98.0 -8.0 -22.0 -56.0 -6.0 -18.0
-100.0 -6.0 -30.0 -56.0 -6.0 -18.0
-100.0 -4.0 -30.0 -58.0 -10.0 -20.0
-100.0 -4.0 -30.0 -60.0 -6.0 -18.0
-100.0 -4.0 -24.0 -60.0 -10.0 -20.0
-100.0 -8.0 -24.0 -52.0 -10.0 -20.0
-100.0 -8.0 -24.0 -42.0 -10.0 -20.0
-100.0 -6.0 -20.0 -34.0 -10.0 -16.0
-100.0 -6.0 -20.0 -34.0 -8.0 -8.0
-100.0 -6.0 -20.0 -44.0 -8.0 -8.0
-100.0 -6.0 -22.0 -44.0 -8.0 -12.0
-100.0 -2.0 -20.0 -34.0 -4.0 -12.0
-66.0 6.0 -20.0 -32.0 -2.0 0.0
-48.0 8.0 -16.0 -26.0 -2.0 0.0
-40.0 8.0 -4.0 -24.0 0.0 0.0
-38.0 8.0 0.0 -22.0 6.0 -2.0
-38.0 4.0 0.0 -2.0 6.0 -6.0
-34.0 4.0 0.0 -2.0 2.0 -6.0
-34.0 4.0 0.0 0.0 2.0 -8.0
-28.0 2.0 -6.0 -2.0 2.0 -6.0
-30.0 8.0 -8.0 -8.0 6.0 0.0
-30.0 10.0 -6.0 -8.0 6.0 0.0
-36.0 10.0 -6.0 -8.0 6.0 0.0
-36.0 16.0 -6.0 -8.0 6.0 -6.0
-34.0 18.0 -6.0 -2.0 6.0 -4.0
-26.0 18.0 -4.0 -4.0 6.0 -4.0
-26.0 14.0 -4.0 -4.0 4.0 -4.0
-20.0 12.0 -4.0 -12.0 4.0 -4.0
-24.0 8.0 -4.0 -12.0 8.0 -4.0
-22.0 6.0 -4.0 0.0 10.0 0.0
-24.0 4.0 0.0 0.0 12.0 -2.0
-22.0 4.0 0.0 0.0 12.0 0.0
-26.0 4.0 2.0 -4.0 8.0 -2.0
-22.0 8.0 -2.0 -4.0 2.0 0.0
-22.0 8.0 -2.0 -8.0 8.0 -6.0
-22.0 14.0 -2.0 -8.0 2.0 0.0
-16.0 14.0 -2.0 -10.0 6.0 2.0
-22.0 14.0 -2.0 -4.0 6.0 2.0
-16.0 10.0 -4.0 -6.0 6.0 2.0
-18.0 10.0 -4.0 -4.0 8.0 0.0
-18.0 12.0 -4.0 -6.0 8.0 -4.0
-18.0 12.0 -4.0 -4.0 10.0 -4.0
-20.0 4.0 -4.0 -6.0 10.0 -4.0
-20.0 4.0 -4.0 -2.0 8.0 2.0
-20.0 10.0 -6.0 -6.0 6.0 2.0
-20.0 10.0 -6.0 -6.0 8.0 2.0
-18.0 10.0 -2.0 -6.0 6.0 2.0
-18.0 10.0 0.0 -2.0 8.0 -2.0
-18.0 10.0 0.0 -2.0 8.0 2.0
-20.0 10.0 -4.0 0.0 8.0 0.0
-20.0 8.0 -4.0 0.0 2.0 0.0
-22.0 14.0 0.0 0.0 2.0 0.0
-22.0 12.0 4.0 0.0 6.0 0.0
-22.0 12.0 4.0 0.0 6.0 -2.0
-24.0 6.0 4.0 -6.0 8.0 -2.0
-24.0 6.0 4.0 -8.0 12.0 0.0
-20.0 8.0 4.0 -6.0 12.0 2.0
-20.0 10.0 0.0 -4.0 12.0 0.0
-14.0 8.0 0.0 -4.0 8.0 2.0
-20.0 10.0 -2.0 -4.0 8.0 2.0
-18.0 10.0 -2.0 -2.0 8.0 2.0
-22.0 10.0 -2.0 -2.0 2.0 4.0
-18.0 10.0 0.0 -2.0 8.0 -4.0
-22.0 10.0 0.0 -4.0 6.0 6.0
-20.0 8.0 0.0 0.0 6.0 -2.0
-22.0 8.0 2.0 -4.0 6.0 6.0
-20.0 12.0 4.0 -6.0 6.0 2.0
-16.0 12.0 4.0 -6.0 8.0 2.0
-16.0 4.0 4.0 -6.0 6.0 2.0
-16.0 4.0 0.0 -10.0 6.0 0.0
-22.0 8.0 -10.0 -10.0 6.0 2.0
-22.0 8.0 -4.0 -10.0 6.0 -2.0
-22.0 12.0 -4.0 -14.0 8.0 0.0
-18.0 4.0 -4.0 -14.0 8.0 0.0
-18.0 8.0 -8.0 0.0 8.0 0.0
-18.0 2.0 -8.0 0.0 8.0 0.0
-18.0 6.0 -4.0 0.0 8.0 4.0
-18.0 6.0 -2.0 0.0 8.0 4.0
-22.0 6.0 0.0 0.0 10.0 -2.0
-10.0 8.0 0.0 -22.0 10.0 -2.0
-22.0 6.0 4.0 -22.0 8.0 0.0
-18.0 4.0 2.0 -6.0 8.0 0.0
-20.0 4.0 2.0 -4.0 8.0 0.0
-20.0 4.0 -2.0 -6.0 6.0 0.0
-20.0 6.0 -6.0 -2.0 6.0 0.0
-20.0 6.0 -2.0 6.0 8.0 -2.0
-20.0 6.0 -6.0 6.0 8.0 -2.0
-20.0 8.0 0.0 0.0 8.0 -2.0
-10.0 4.0 0.0 -6.0 6.0 2.0
0.0 8.0 2.0 -6.0 12.0 -2.0
4.0 10.0 4.0 -4.0 12.0 2.0
4.0 10.0 4.0 -4.0 12.0 -4.0
4.0 6.0 2.0 -2.0 12.0 2.0
14.0 6.0 2.0 -6.0 12.0 2.0
20.0 2.0 2.0 -2.0 12.0 2.0
20.0 8.0 2.0 4.0 10.0 2.0
18.0 0.0 2.0 4.0 10.0 0.0
18.0 8.0 -2.0 0.0 10.0 -2.0
18.0 6.0 2.0 -2.0 6.0 -2.0
20.0 6.0 2.0 -2.0 6.0 -2.0
14.0 6.0 4.0 -6.0 6.0 -4.0
14.0 6.0 4.0 -4.0 4.0 -4.0
14.0 6.0 4.0 -4.0 10.0 -2.0
14.0 8.0 -6.0 -2.0 10.0 -2.0
20.0 6.0 -6.0 2.0 10.0 0.0
20.0 10.0 -2.0 6.0 8.0 -2.0
18.0 8.0 -2.0 6.0 8.0 -4.0
18.0 8.0 -2.0 6.0 6.0 -4.0
18.0 8.0 2.0 10.0 14.0 -4.0
18.0 12.0 2.0 10.0 10.0 -2.0
18.0 12.0 2.0 4.0 10.0 2.0
16.0 2.0 2.0 2.0 10.0 2.0
14.0 2.0 8.0 2.0 8.0 -2.0
14.0 6.0 2.0 -4.0 8.0 -4.0
16.0 6.0 6.0 2.0 4.0 -2.0
16.0 8.0 2.0 6.0 8.0 -8.0
16.0 8.0 2.0 6.0 8.0 -2.0
14.0 8.0 2.0 6.0 12.0 -6.0
12.0 6.0 2.0 2.0 12.0 -2.0
12.0 8.0 0.0 4.0 12.0 -4.0
14.0 4.0 2.0 4.0 8.0 -4.0
14.0 8.0 0.0 4.0 8.0 -4.0
12.0 8.0 2.0 -4.0 18.0 -4.0
8.0 8.0 0.0 -4.0 18.0 -2.0
12.0 4.0 0.0 2.0 18.0 0.0
8.0 4.0 0.0 6.0 8.0 2.0
14.0 6.0 -4.0 2.0 8.0 2.0
18.0 6.0 -2.0 6.0 8.0 2.0
18.0 6.0 -2.0 -2.0 8.0 0.0
12.0 10.0 4.0 10.0 8.0 -2.0
12.0 14.0 10.0 0.0 12.0 -6.0
12.0 10.0 4.0 0.0 12.0 -6.0
8.0 2.0 10.0 0.0 12.0 -4.0
