# Target: wrist_up
# Dominant_Vision: Open Hand
2.0 6.0 0.0 -2.0 2.0 -4.0
4.0 8.0 2.0 0.0 2.0 -4.0
4.0 8.0 10.0 4.0 2.0 -6.0
4.0 8.0 10.0 4.0 2.0 -6.0
8.0 2.0 -2.0 4.0 2.0 -8.0
8.0 0.0 -2.0 2.0 6.0 -6.0
6.0 2.0 8.0 4.0 8.0 -8.0
6.0 8.0 8.0 2.0 8.0 -2.0
6.0 8.0 4.0 8.0 8.0 -2.0
6.0 -4.0 4.0 10.0 10.0 -2.0
8.0 -4.0 4.0 10.0 10.0 -2.0
8.0 10.0 8.0 16.0 10.0 -2.0
14.0 10.0 8.0 10.0 6.0 -2.0
8.0 -4.0 0.0 10.0 6.0 -10.0
12.0 -4.0 0.0 4.0 6.0 -10.0
2.0 -2.0 4.0 4.0 6.0 -8.0
2.0 4.0 4.0 10.0 8.0 -8.0
2.0 -2.0 0.0 12.0 8.0 -8.0
8.0 4.0 0.0 12.0 6.0 -6.0
8.0 4.0 0.0 6.0 6.0 -6.0
6.0 6.0 6.0 0.0 4.0 -6.0
2.0 6.0 14.0 6.0 4.0 -8.0
6.0 6.0 14.0 -2.0 2.0 -6.0
2.0 6.0 14.0 -2.0 6.0 2.0
8.0 -2.0 6.0 -2.0 6.0 2.0
8.0 -2.0 6.0 -4.0 8.0 -6.0
8.0 -2.0 6.0 10.0 8.0 -6.0
10.0 0.0 6.0 16.0 4.0 -6.0
14.0 2.0 10.0 16.0 4.0 -6.0
20.0 2.0 6.0 12.0 8.0 0.0
22.0 2.0 10.0 12.0 12.0 0.0
30.0 0.0 10.0 24.0 12.0 0.0
30.0 2.0 10.0 24.0 12.0 0.0
24.0 4.0 8.0 28.0 8.0 -4.0
18.0 4.0 6.0 28.0 6.0 -4.0
-12.0 4.0 6.0 28.0 4.0 -4.0
-22.0 4.0 6.0 18.0 2.0 -10.0
-56.0 2.0 10.0 18.0 2.0 -10.0
-60.0 2.0 2.0 14.0 2.0 -6.0
-60.0 2.0 -12.0 -16.0 2.0 -6.0
-58.0 2.0 -14.0 -18.0 -4.0 -14.0
-20.0 -6.0 -12.0 -42.0 -4.0 -18.0
12.0 -6.0 -22.0 -44.0 -4.0 -14.0
84.0 -10.0 -10.0 -44.0 -4.0 -20.0
92.0 -20.0 6.0 -46.0 -6.0 -12.0
92.0 -20.0 6.0 -44.0 -2.0 -24.0
72.0 -22.0 6.0 -46.0 -6.0 -24.0
72.0 -22.0 4.0 -50.0 -4.0 -24.0
88.0 -22.0 -6.0 -52.0 -6.0 -22.0
100.0 -22.0 -6.0 -56.0 -4.0 -22.0
100.0 -22.0 -6.0 -52.0 0.0 -22.0
92.0 -30.0 -10.0 -44.0 4.0 -26.0
68.0 -30.0 8.0 -44.0 4.0 -26.0
56.0 -28.0 -6.0 -40.0 4.0 -28.0
56.0 -24.0 8.0 -50.0 -4.0 -28.0
52.0 -24.0 8.0 -44.0 2.0 -28.0
52.0 -24.0 10.0 -46.0 0.0 -28.0
42.0 -24.0 10.0 -44.0 2.0 -28.0
38.0 -24.0 12.0 -40.0 4.0 -24.0
38.0 -24.0 12.0 -40.0 8.0 -28.0
40.0 -22.0 10.0 -40.0 8.0 -30.0
40.0 -22.0 6.0 -46.0 8.0 -30.0
42.0 -22.0 6.0 -42.0 8.0 -28.0
36.0 -22.0 10.0 -44.0 4.0 -22.0
30.0 -22.0 10.0 -44.0 6.0 -22.0
30.0 -22.0 4.0 -44.0 0.0 -24.0
30.0 -22.0 4.0 -44.0 2.0 -32.0
32.0 -24.0 4.0 -44.0 2.0 -28.0
38.0 -26.0 6.0 -44.0 2.0 -28.0
38.0 -26.0 6.0 -44.0 4.0 -26.0
40.0 -26.0 0.0 -44.0 4.0 -24.0
48.0 -22.0 0.0 -44.0 4.0 -26.0
54.0 -22.0 2.0 -44.0 2.0 -26.0
48.0 -20.0 2.0 -44.0 -2.0 -26.0
38.0 -20.0 -6.0 -44.0 -4.0 -26.0
-8.0 -20.0 -14.0 -58.0 -4.0 -26.0
-16.0 -20.0 -14.0 -66.0 -2.0 -30.0
-28.0 -18.0 -22.0 -64.0 -2.0 -30.0
-78.0 -18.0 -18.0 -64.0 -2.0 -30.0
-100.0 -24.0 -24.0 -64.0 -4.0 -30.0
-100.0 -24.0 -30.0 -64.0 -4.0 -30.0
-100.0 -22.0 -30.0 -66.0 -10.0 -30.0
-100.0 -22.0 -28.0 -66.0 -14.0 -14.0
-100.0 -22.0 -28.0 -66.0 -14.0 -14.0
-100.0 -22.0 -32.0 -64.0 -12.0 -20.0
-100.0 -16.0 -32.0 -64.0 -10.0 -20.0
-100.0 -16.0 -22.0 -62.0 -2.0 -18.0
-100.0 -16.0 -16.0 -54.0 -2.0 -18.0
-100.0 -14.0 -22.0 -52.0 -2.0 -18.0
-100.0 -8.0 -18.0 -46.0 0.0 -14.0
-100.0 -14.0 -18.0 -44.0 0.0 -12.0
-100.0 -6.0 -18.0 -36.0 -2.0 -6.0
-94.0 -8.0 -18.0 -36.0 -2.0 -6.0
-80.0 -2.0 -16.0 -34.0 2.0 -6.0
-74.0 0.0 -12.0 -20.0 2.0 -4.0
-72.0 6.0 -12.0 -20.0 4.0 -2.0
-72.0 6.0 4.0 -18.0 8.0 -4.0
-60.0 6.0 4.0 -12.0 8.0 2.0
-58.0 -4.0 0.0 -10.0 4.0 -12.0
-38.0 -4.0 -6.0 -6.0 0.0 -6.0
-38.0 0.0 -8.0 -6.0 0.0 -6.0
-36.0 0.0 -6.0 8.0 0.0 -6.0
-20.0 6.0 0.0 8.0 6.0 -6.0
-20.0 8.0 2.0 14.0 10.0 -4.0
-26.0 8.0 4.0 14.0 6.0 -4.0
-26.0 8.0 6.0 14.0 2.0 2.0
-26.0 8.0 6.0 12.0 2.0 -4.0
-24.0 4.0 6.0 14.0 2.0 -4.0
-22.0 4.0 4.0 16.0 12.0 -4.0
-22.0 4.0 6.0 28.0 12.0 2.0
-12.0 8.0 4.0 28.0 12.0 2.0
-12.0 8.0 0.0 30.0 8.0 2.0
-12.0 6.0 -2.0 26.0 8.0 2.0
-8.0 6.0 0.0 30.0 6.0 0.0
-6.0 6.0 0.0 28.0 6.0 0.0
-6.0 10.0 4.0 28.0 6.0 -2.0
-6.0 10.0 12.0 26.0 6.0 -8.0
-10.0 10.0 12.0 26.0 12.0 -8.0
-10.0 10.0 12.0 24.0 12.0 -8.0
-8.0 12.0 6.0 26.0 12.0 -6.0
-8.0 8.0 12.0 32.0 8.0 -6.0
-4.0 18.0 6.0 38.0 8.0 -6.0
6.0 12.0 8.0 38.0 8.0 -6.0
6.0 12.0 4.0 38.0 6.0 -4.0
-6.0 8.0 4.0 36.0 6.0 -2.0
-6.0 6.0 4.0 36.0 6.0 2.0
-4.0 6.0 10.0 32.0 8.0 -2.0
-4.0 6.0 12.0 34.0 6.0 -4.0
-2.0 8.0 10.0 30.0 6.0 -4.0
-4.0 8.0 8.0 34.0 6.0 0.0
-4.0 8.0 8.0 30.0 12.0 0.0
-4.0 8.0 10.0 38.0 12.0 0.0
-6.0 12.0 10.0 32.0 10.0 0.0
-4.0 8.0 6.0 34.0 8.0 4.0
-4.0 6.0 4.0 34.0 8.0 0.0
-2.0 6.0 6.0 36.0 8.0 0.0
2.0 8.0 10.0 36.0 18.0 -4.0
2.0 8.0 12.0 34.0 6.0 -4.0
0.0 6.0 12.0 34.0 8.0 -8.0
-4.0 2.0 10.0 38.0 6.0 -8.0
-6.0 2.0 2.0 38.0 8.0 -8.0
-8.0 2.0 2.0 38.0 4.0 -4.0
-8.0 2.0 0.0 36.0 10.0 -8.0
-2.0 10.0 0.0 28.0 12.0 -4.0
-2.0 10.0 0.0 28.0 12.0 -2.0
-2.0 10.0 4.0 30.0 10.0 -2.0
-2.0 12.0 8.0 32.0 8.0 -2.0
2.0 12.0 6.0 34.0 8.0 0.0
0.0 14.0 6.0 36.0 10.0 0.0
4.0 6.0 6.0 36.0 10.0 -4.0
6.0 8.0 8.0 36.0 10.0 -4.0
6.0 6.0 8.0 34.0 8.0 -4.0
4.0 6.0 8.0 30.0 8.0 -2.0
2.0 2.0 6.0 30.0 8.0 -4.0
2.0 2.0 6.0 30.0 4.0 -2.0
0.0 2.0 6.0 30.0 4.0 -4.0
2.0 4.0 4.0 38.0 4.0 2.0
12.0 4.0 14.0 28.0 8.0 -6.0
12.0 8.0 12.0 40.0 8.0 -2.0
10.0 12.0 12.0 38.0 10.0 -2.0
8.0 12.0 12.0 40.0 12.0 -2.0
6.0 4.0 10.0 40.0 12.0 -2.0
6.0 4.0 12.0 40.0 12.0 -2.0
6.0 4.0 10.0 32.0 8.0 -4.0
6.0 8.0 10.0 32.0 12.0 -4.0
8.0 8.0 8.0 36.0 14.0 -8.0
10.0 8.0 10.0 36.0 16.0 -8.0
8.0 10.0 8.0 34.0 16.0 -8.0
4.0 10.0 14.0 32.0 12.0 -4.0
4.0 10.0 6.0 32.0 12.0 -4.0
6.0 8.0 10.0 44.0 12.0 -6.0
6.0 8.0 6.0 44.0 14.0 -6.0
8.0 8.0 6.0 44.0 6.0 -4.0
10.0 4.0 6.0 44.0 10.0 -4.0
10.0 2.0 8.0 38.0 10.0 -4.0
10.0 4.0 8.0 38.0 10.0 2.0
10.0 6.0 10.0 42.0 14.0 2.0
10.0 10.0 10.0 42.0 14.0 0.0
10.0 10.0 12.0 44.0 14.0 0.0
2.0 8.0 14.0 42.0 10.0 4.0
4.0 6.0 14.0 42.0 10.0 4.0
4.0 6.0 14.0 42.0 8.0 4.0
8.0 6.0 14.0 38.0 10.0 2.0
8.0 2.0 14.0 36.0 8.0 2.0
4.0 2.0 8.0 36.0 10.0 2.0
4.0 4.0 2.0 36.0 8.0 0.0
4.0 4.0 2.0 38.0 8.0 -4.0
8.0 6.0 12.0 38.0 8.0 -4.0
8.0 6.0 12.0 36.0 8.0 -8.0
6.0 6.0 12.0 36.0 8.0 -8.0
6.0 6.0 12.0 28.0 6.0 -8.0
8.0 10.0 12.0 38.0 6.0 -2.0
10.0 4.0 12.0 38.0 14.0 4.0
8.0 4.0 10.0 38.0 16.0 -2.0
8.0 4.0 10.0 46.0 14.0 0.0
4.0 4.0 10.0 42.0 4.0 0.0
8.0 14.0 12.0 42.0 4.0 0.0
10.0 14.0 8.0 38.0 6.0 4.0
10.0 12.0 16.0 38.0 6.0 -2.0
4.0 6.0 16.0 44.0 6.0 -2.0
4.0 6.0 16.0 44.0 10.0 -2.0
4.0 6.0 16.0 44.0 10.0 -4.0
0.0 10.0 16.0 40.0 10.0 2.0
0.0 10.0 10.0 40.0 12.0 0.0
6.0 6.0 4.0 38.0 12.0 2.0
6.0 6.0 4.0 32.0 8.0 2.0
6.0 6.0 10.0 38.0 4.0 2.0
2.0 6.0 12.0 44.0 4.0 -2.0
2.0 6.0 12.0 44.0 4.0 -4.0
2.0 6.0 6.0 38.0 8.0 -8.0
2.0 10.0 6.0 38.0 14.0 -6.0
2.0 12.0 14.0 38.0 14.0 -6.0
6.0 12.0 16.0 36.0 14.0 -4.0
-2.0 10.0 14.0 36.0 14.0 -4.0
4.0 10.0 8.0 38.0 12.0 -4.0
0.0 10.0 8.0 38.0 10.0 -4.0
4.0 2.0 10.0 38.0 10.0 0.0
6.0 2.0 12.0 38.0 10.0 0.0
6.0 6.0 12.0 44.0 14.0 -2.0
8.0 6.0 12.0 44.0 16.0 -2.0
0.0 6.0 12.0 44.0 14.0 -4.0
6.0 6.0 22.0 42.0 10.0 0.0
2.0 8.0 20.0 38.0 10.0 0.0
6.0 6.0 20.0 38.0 12.0 2.0
2.0 8.0 18.0 38.0 14.0 2.0
-2.0 6.0 14.0 38.0 12.0 -4.0
-2.0 8.0 10.0 38.0 10.0 -4.0
4.0 10.0 10.0 38.0 8.0 -4.0
