# Target: wrist_up
# Dominant_Vision: Open Hand
0.0 0.0 -4.0 6.0 2.0 -14.0
0.0 0.0 -4.0 0.0 6.0 -6.0
4.0 2.0 -6.0 10.0 6.0 -10.0
-6.0 12.0 -10.0 6.0 4.0 -10.0
0.0 2.0 -6.0 8.0 4.0 -18.0
0.0 -2.0 -12.0 8.0 8.0 -18.0
8.0 -2.0 -8.0 8.0 8.0 -14.0
8.0 6.0 -8.0 12.0 6.0 -14.0
0.0 10.0 -4.0 6.0 6.0 -14.0
0.0 6.0 2.0 12.0 4.0 -16.0
0.0 6.0 2.0 6.0 2.0 -10.0
2.0 4.0 -8.0 14.0 0.0 -18.0
2.0 4.0 -12.0 8.0 0.0 -20.0
6.0 4.0 -12.0 8.0 0.0 -20.0
6.0 8.0 -8.0 8.0 4.0 -18.0
10.0 12.0 -8.0 8.0 0.0 -14.0
16.0 12.0 -4.0 12.0 4.0 -14.0
20.0 12.0 0.0 12.0 0.0 -14.0
20.0 12.0 8.0 10.0 8.0 -20.0
8.0 8.0 8.0 8.0 8.0 -14.0
-46.0 10.0 0.0 0.0 8.0 -22.0
-64.0 8.0 -6.0 -14.0 4.0 -22.0
-100.0 4.0 -6.0 -12.0 -2.0 -22.0
-100.0 4.0 -6.0 -14.0 -4.0 -22.0
-88.0 6.0 -8.0 -36.0 -6.0 -26.0
-50.0 8.0 -20.0 -52.0 -10.0 -26.0
-26.0 6.0 -24.0 -72.0 -12.0 -26.0
14.0 0.0 -24.0 -82.0 -16.0 -28.0
14.0 -6.0 -22.0 -92.0 -16.0 -28.0
10.0 -6.0 -22.0 -92.0 -10.0 -32.0
10.0 -6.0 -12.0 -78.0 -10.0 -32.0
10.0 -6.0 -20.0 -78.0 -10.0 -32.0
26.0 -8.0 -16.0 -60.0 -4.0 -30.0
26.0 -8.0 -20.0 -58.0 -2.0 -28.0
28.0 -12.0 -20.0 -58.0 -2.0 -28.0
24.0 -12.0 -22.0 -60.0 -2.0 -36.0
16.0 -10.0 -20.0 -62.0 -10.0 -38.0
6.0 -10.0 -16.0 -66.0 -10.0 -42.0
-6.0 -10.0 -16.0 -66.0 -12.0 -42.0
-8.0 -10.0 -16.0 -66.0 -12.0 -42.0
-86.0 -10.0 -14.0 -72.0 -8.0 -38.0
-98.0 -10.0 -14.0 -72.0 -8.0 -38.0
-100.0 -6.0 -22.0 -72.0 -8.0 -38.0
-100.0 -6.0 -26.0 -76.0 -18.0 -28.0
-100.0 2.0 -26.0 -74.0 -18.0 -28.0
-100.0 -2.0 -32.0 -74.0 -18.0 -26.0
-100.0 -2.0 -26.0 -62.0 -26.0 -24.0
-100.0 -2.0 -28.0 -58.0 -8.0 -22.0
-100.0 0.0 -26.0 -56.0 -6.0 -12.0
-100.0 2.0 -22.0 -44.0 -4.0 -12.0
-100.0 2.0 -16.0 -34.0 -6.0 -12.0
-100.0 2.0 -8.0 -26.0 -4.0 -14.0
-98.0 6.0 -8.0 -26.0 -4.0 -14.0
-82.0 6.0 -8.0 -18.0 -4.0 -16.0
-66.0 4.0 -12.0 -10.0 -4.0 -16.0
-48.0 4.0 -12.0 -10.0 0.0 -16.0
-44.0 4.0 -12.0 -10.0 4.0 -14.0
-24.0 14.0 -6.0 -10.0 4.0 -14.0
-24.0 14.0 0.0 -4.0 4.0 -14.0
-24.0 16.0 4.0 -4.0 4.0 -16.0
-20.0 12.0 4.0 -4.0 2.0 -18.0
-20.0 12.0 0.0 -4.0 2.0 -18.0
-20.0 8.0 0.0 4.0 2.0 -18.0
-14.0 8.0 -8.0 4.0 0.0 -16.0
-14.0 14.0 -8.0 4.0 0.0 -16.0
-14.0 14.0 -8.0 4.0 6.0 -14.0
-16.0 8.0 -10.0 2.0 6.0 -14.0
-16.0 8.0 -10.0 2.0 4.0 -14.0
-16.0 12.0 -2.0 2.0 -2.0 -16.0
-16.0 16.0 -2.0 -2.0 -2.0 -16.0
-22.0 16.0 -2.0 -2.0 2.0 -16.0
-22.0 12.0 -8.0 2.0 6.0 -16.0
-24.0 12.0 -2.0 2.0 6.0 -14.0
-24.0 16.0 -8.0 2.0 8.0 -12.0
-20.0 16.0 -6.0 -2.0 4.0 -12.0
-20.0 18.0 -8.0 6.0 8.0 -12.0
-20.0 16.0 -6.0 -2.0 6.0 -6.0
-20.0 12.0 -4.0 2.0 6.0 -16.0
-20.0 12.0 -4.0 -4.0 4.0 -6.0
-20.0 16.0 -10.0 2.0 2.0 -12.0
-24.0 16.0 -10.0 2.0 0.0 -12.0
-24.0 18.0 -14.0 4.0 0.0 -12.0
-24.0 16.0 -14.0 2.0 4.0 -14.0
-26.0 16.0 -4.0 2.0 4.0 -16.0
-26.0 14.0 -4.0 -2.0 4.0 -16.0
-22.0 14.0 -4.0 -4.0 4.0 -16.0
-22.0 14.0 2.0 -4.0 4.0 -14.0
-26.0 8.0 2.0 -4.0 6.0 -14.0
-26.0 8.0 -8.0 -4.0 6.0 -18.0
-30.0 14.0 -14.0 -6.0 6.0 -18.0
-28.0 14.0 -14.0 -6.0 2.0 -16.0
-28.0 16.0 -14.0 -12.0 0.0 -16.0
-28.0 10.0 -12.0 -2.0 -2.0 -12.0
-20.0 10.0 0.0 -4.0 -2.0 -12.0
-28.0 10.0 0.0 -4.0 -2.0 -12.0
-22.0 14.0 -4.0 -6.0 2.0 -12.0
-22.0 16.0 -8.0 -6.0 -2.0 -14.0
-22.0 16.0 -8.0 -6.0 -2.0 -16.0
-24.0 12.0 -2.0 -4.0 -2.0 -16.0
-24.0 12.0 -2.0 -6.0 -2.0 -18.0
-26.0 14.0 -10.0 -4.0 -6.0 -16.0
-24.0 14.0 -10.0 -4.0 -6.0 -20.0
-26.0 14.0 -8.0 0.0 -4.0 -16.0
-20.0 12.0 -8.0 0.0 6.0 -16.0
-26.0 12.0 0.0 0.0 6.0 -16.0
-26.0 10.0 -12.0 -8.0 4.0 -18.0
-26.0 4.0 -4.0 -4.0 -2.0 -18.0
-18.0 10.0 -8.0 -4.0 0.0 -18.0
-12.0 10.0 -6.0 -4.0 0.0 -12.0
-12.0 10.0 -6.0 0.0 0.0 -20.0
-12.0 8.0 -6.0 0.0 0.0 -12.0
-20.0 8.0 -12.0 6.0 0.0 -20.0
-22.0 8.0 -12.0 -8.0 4.0 -20.0
-28.0 8.0 -12.0 2.0 -4.0 -20.0
-28.0 4.0 -10.0 0.0 4.0 -18.0
-24.0 12.0 0.0 2.0 4.0 -18.0
-24.0 12.0 4.0 0.0 6.0 -18.0
-22.0 12.0 8.0 -2.0 6.0 -16.0
-18.0 12.0 4.0 -4.0 4.0 -10.0
-18.0 12.0 -6.0 -2.0 4.0 -10.0
-28.0 8.0 -6.0 -4.0 0.0 -12.0
-28.0 4.0 -6.0 0.0 4.0 -12.0
-22.0 4.0 -2.0 -2.0 -6.0 -12.0
-22.0 4.0 -6.0 0.0 -4.0 -8.0
-22.0 4.0 -6.0 -2.0 -4.0 -18.0
-22.0 4.0 -6.0 -4.0 8.0 -14.0
-20.0 16.0 -6.0 -6.0 8.0 -18.0
-20.0 16.0 -8.0 -6.0 4.0 -14.0
-16.0 16.0 -8.0 -4.0 2.0 -16.0
-14.0 18.0 2.0 -4.0 2.0 -14.0
-14.0 18.0 4.0 -4.0 2.0 -14.0
-24.0 18.0 4.0 -2.0 6.0 -14.0
-24.0 14.0 4.0 -2.0 4.0 -16.0
-16.0 14.0 6.0 -2.0 4.0 -16.0
-16.0 12.0 6.0 4.0 4.0 -16.0
-22.0 12.0 -8.0 4.0 4.0 -16.0
-24.0 12.0 -8.0 4.0 6.0 -16.0
-22.0 16.0 -10.0 -2.0 6.0 -16.0
-24.0 12.0 -8.0 -2.0 4.0 -18.0
-20.0 12.0 -4.0 -8.0 4.0 -20.0
-20.0 12.0 -4.0 -2.0 4.0 -18.0
-20.0 12.0 -4.0 0.0 -2.0 -18.0
-20.0 12.0 -6.0 0.0 -2.0 -14.0
-18.0 14.0 -8.0 0.0 2.0 -14.0
-18.0 14.0 -8.0 0.0 2.0 -8.0
-18.0 14.0 -4.0 0.0 0.0 -8.0
-20.0 12.0 -4.0 -4.0 0.0 -8.0
-16.0 8.0 2.0 -4.0 0.0 -16.0
-20.0 6.0 0.0 -4.0 2.0 -16.0
-16.0 8.0 2.0 -4.0 6.0 -14.0
-20.0 14.0 0.0 2.0 6.0 -14.0
-16.0 14.0 4.0 -4.0 6.0 -18.0
-24.0 8.0 2.0 -2.0 2.0 -22.0
-20.0 8.0 2.0 -4.0 0.0 -22.0
-20.0 12.0 2.0 -2.0 0.0 -20.0
-16.0 14.0 2.0 0.0 0.0 -18.0
-16.0 12.0 2.0 0.0 0.0 -18.0
-14.0 12.0 0.0 0.0 0.0 -14.0
-16.0 12.0 -2.0 0.0 4.0 -18.0
-16.0 14.0 -2.0 -4.0 4.0 -18.0
-16.0 14.0 -4.0 -4.0 6.0 -20.0
-18.0 12.0 -4.0 -4.0 6.0 -20.0
-18.0 12.0 -8.0 2.0 4.0 -18.0
-18.0 12.0 -4.0 4.0 4.0 -14.0
-18.0 16.0 0.0 4.0 6.0 -14.0
-20.0 16.0 0.0 -6.0 6.0 -14.0
-20.0 10.0 2.0 -6.0 6.0 -16.0
-22.0 10.0 0.0 0.0 0.0 -18.0
-22.0 16.0 4.0 4.0 0.0 -16.0
-14.0 16.0 4.0 4.0 0.0 -16.0
-14.0 16.0 4.0 4.0 4.0 -16.0
-20.0 8.0 4.0 0.0 8.0 -12.0
-20.0 12.0 0.0 -8.0 8.0 -12.0
-20.0 8.0 -2.0 -8.0 0.0 -12.0
-20.0 12.0 -2.0 -4.0 0.0 -12.0
-24.0 14.0 -2.0 0.0 8.0 -12.0
-26.0 14.0 -4.0 2.0 8.0 -18.0
-28.0 14.0 -4.0 0.0 8.0 -16.0
-26.0 16.0 -4.0 -4.0 8.0 -18.0
-16.0 16.0 4.0 -4.0 2.0 -16.0
-16.0 16.0 4.0 -4.0 2.0 -18.0
-16.0 16.0 -4.0 -2.0 2.0 -16.0
-16.0 10.0 -4.0 -2.0 4.0 -18.0
-20.0 8.0 8.0 -2.0 6.0 -18.0
-14.0 8.0 8.0 -2.0 6.0 -18.0
-22.0 8.0 0.0 0.0 2.0 -16.0
-22.0 16.0 -4.0 0.0 0.0 -14.0
-22.0 12.0 -4.0 0.0 2.0 -14.0
-22.0 12.0 -2.0 -4.0 0.0 -20.0
-22.0 12.0 -2.0 -4.0 6.0 -20.0
-24.0 16.0 -2.0 -2.0 8.0 -16.0
-24.0 18.0 -2.0 -2.0 8.0 -12.0
-22.0 16.0 0.0 -2.0 6.0 -14.0
-20.0 4.0 0.0 -6.0 2.0 -14.0
-20.0 2.0 0.0 4.0 6.0 -18.0
-24.0 2.0 2.0 -4.0 2.0 -18.0
-28.0 4.0 2.0 -2.0 2.0 -18.0
-24.0 10.0 -8.0 -4.0 0.0 -20.0
-24.0 10.0 -8.0 -4.0 0.0 -20.0
-22.0 10.0 4.0 -4.0 6.0 -16.0
-24.0 10.0 4.0 -4.0 6.0 -16.0
-22.0 6.0 4.0 0.0 6.0 -16.0
-18.0 12.0 0.0 0.0 -2.0 -12.0
-18.0 8.0 0.0 -2.0 -6.0 -12.0
-18.0 12.0 -6.0 -8.0 -6.0 -12.0
-22.0 8.0 -6.0 -6.0 -4.0 -16.0
-24.0 12.0 -4.0 -6.0 -4.0 -12.0
-24.0 8.0 -2.0 -6.0 -4.0 -16.0
-24.0 8.0 0.0 -2.0 6.0 -12.0
-26.0 8.0 2.0 -6.0 6.0 -8.0
-20.0 8.0 2.0 0.0 6.0 -8.0
-20.0 14.0 2.0 -4.0 2.0 -16.0
-20.0 14.0 2.0 -2.0 0.0 -16.0
-20.0 14.0 2.0 -4.0 0.0 -20.0
-20.0 8.0 -4.0 -2.0 0.0 -20.0
-20.0 8.0 2.0 0.0 2.0 -20.0
-12.0 8.0 0.0 0.0 2.0 -16.0
-22.0 4.0 2.0 -6.0 2.0 -16.0
-18.0 4.0 0.0 -6.0 2.0 -20.0
-20.0 14.0 -4.0 -6.0 0.0 -20.0
-20.0 14.0 -4.0 -2.0 0.0 -20.0
-24.0 14.0 -4.0 -2.0 6.0 -16.0
-24.0 8.0 6.0 0.0 6.0 -16.0
-26.0 10.0 -6.0 -4.0 -2.0 -16.0
-22.0 10.0 -4.0 -8.0 -2.0 -12.0
-22.0 20.0 -4.0 -8.0 -2.0 -12.0
-22.0 20.0 -2.0 -6.0 -2.0 -10.0
-22.0 18.0 2.0 0.0 6.0 -12.0
-22.0 12.0 -2.0 -6.0 6.0 -18.0
