# Target: wrist_up
# Dominant_Vision: Unknown
0.0 0.0 0.0 0.0 -4.0 -10.0
0.0 -6.0 -2.0 0.0 0.0 -10.0
4.0 -6.0 -2.0 2.0 -4.0 -10.0
4.0 -6.0 -2.0 2.0 -4.0 -12.0
4.0 -6.0 -2.0 2.0 -4.0 -8.0
2.0 -2.0 4.0 2.0 -6.0 -8.0
4.0 -12.0 -2.0 2.0 -6.0 -4.0
4.0 -2.0 2.0 0.0 -6.0 -4.0
4.0 -8.0 2.0 -4.0 0.0 0.0
2.0 -8.0 2.0 -4.0 0.0 0.0
2.0 -8.0 0.0 -4.0 -2.0 -2.0
2.0 -8.0 0.0 4.0 -2.0 -2.0
2.0 -6.0 -4.0 4.0 -2.0 -2.0
2.0 -6.0 -4.0 4.0 0.0 -4.0
0.0 -6.0 -6.0 0.0 -6.0 -4.0
0.0 -6.0 -6.0 -8.0 -4.0 -4.0
6.0 -6.0 0.0 -8.0 -6.0 0.0
6.0 -6.0 4.0 -4.0 -4.0 -6.0
6.0 -6.0 6.0 6.0 -6.0 -4.0
2.0 -10.0 4.0 6.0 -6.0 -8.0
0.0 -10.0 -4.0 2.0 -6.0 -4.0
2.0 -2.0 -4.0 2.0 -6.0 -2.0
6.0 -2.0 -4.0 2.0 -8.0 -2.0
6.0 -2.0 -4.0 4.0 -10.0 -4.0
4.0 -2.0 -4.0 2.0 -8.0 -8.0
0.0 -6.0 -8.0 0.0 -10.0 -4.0
2.0 -6.0 -8.0 -2.0 -6.0 -4.0
2.0 -6.0 -2.0 -2.0 -6.0 -4.0
6.0 -12.0 2.0 -2.0 0.0 -10.0
6.0 -8.0 2.0 -2.0 0.0 -10.0
6.0 -10.0 -4.0 2.0 0.0 -6.0
20.0 -8.0 -4.0 2.0 -4.0 -6.0
20.0 -4.0 8.0 10.0 -4.0 -4.0
12.0 -2.0 8.0 10.0 -8.0 -6.0
4.0 4.0 8.0 10.0 -8.0 -10.0
-24.0 4.0 8.0 0.0 -12.0 -10.0
-62.0 -8.0 4.0 -6.0 -14.0 -8.0
-90.0 -10.0 4.0 -12.0 -14.0 -8.0
-100.0 -12.0 -6.0 -16.0 -8.0 -12.0
-100.0 -12.0 -6.0 -20.0 -8.0 -12.0
-100.0 -12.0 -18.0 -32.0 -14.0 -10.0
-18.0 -18.0 -22.0 -58.0 -16.0 -10.0
16.0 -18.0 -22.0 -60.0 -16.0 -10.0
70.0 -18.0 -4.0 -70.0 -18.0 -20.0
76.0 -24.0 -2.0 -70.0 -18.0 -20.0
90.0 -28.0 -2.0 -64.0 -16.0 -20.0
92.0 -30.0 2.0 -60.0 -12.0 -20.0
92.0 -28.0 -4.0 -62.0 -12.0 -20.0
100.0 -30.0 2.0 -54.0 -12.0 -22.0
100.0 -30.0 -2.0 -54.0 -12.0 -24.0
100.0 -36.0 4.0 -52.0 -4.0 -24.0
100.0 -38.0 2.0 -52.0 -4.0 -24.0
100.0 -36.0 4.0 -50.0 -6.0 -26.0
100.0 -36.0 6.0 -48.0 -12.0 -26.0
100.0 -36.0 6.0 -48.0 -12.0 -24.0
100.0 -34.0 4.0 -46.0 -12.0 -24.0
94.0 -38.0 -6.0 -46.0 -10.0 -24.0
94.0 -36.0 -6.0 -46.0 -10.0 -30.0
96.0 -38.0 -2.0 -40.0 -4.0 -24.0
96.0 -38.0 2.0 -40.0 -8.0 -30.0
88.0 -38.0 2.0 -40.0 -8.0 -30.0
88.0 -36.0 8.0 -40.0 -8.0 -30.0
94.0 -34.0 18.0 -38.0 -6.0 -24.0
94.0 -34.0 18.0 -38.0 -4.0 -24.0
94.0 -34.0 8.0 -46.0 -4.0 -22.0
92.0 -38.0 8.0 -46.0 -4.0 -22.0
90.0 -38.0 6.0 -54.0 -8.0 -18.0
88.0 -32.0 6.0 -46.0 -8.0 -18.0
88.0 -32.0 -2.0 -46.0 -10.0 -26.0
98.0 -36.0 0.0 -40.0 -12.0 -26.0
98.0 -36.0 -2.0 -40.0 -10.0 -24.0
84.0 -36.0 -16.0 -50.0 -12.0 -24.0
46.0 -34.0 -16.0 -50.0 -10.0 -24.0
24.0 -34.0 -16.0 -50.0 -12.0 -28.0
6.0 -32.0 -20.0 -56.0 -10.0 -28.0
-34.0 -32.0 -16.0 -56.0 -20.0 -28.0
-40.0 -32.0 -26.0 -58.0 -18.0 -24.0
-64.0 -28.0 -16.0 -50.0 -18.0 -24.0
-80.0 -28.0 -24.0 -58.0 -18.0 -18.0
-80.0 -26.0 -20.0 -50.0 -20.0 -18.0
-82.0 -26.0 -24.0 -54.0 -20.0 -18.0
-82.0 -24.0 -34.0 -48.0 -24.0 -22.0
-76.0 -22.0 -34.0 -44.0 -14.0 -22.0
-62.0 -18.0 -18.0 -34.0 -12.0 0.0
-60.0 -16.0 -14.0 -26.0 -10.0 0.0
-58.0 -16.0 -4.0 -22.0 -12.0 -2.0
-58.0 -18.0 -2.0 -18.0 -10.0 -6.0
-44.0 -18.0 -2.0 -16.0 -10.0 -4.0
-38.0 -16.0 -2.0 -12.0 -10.0 -4.0
-32.0 -10.0 -2.0 -4.0 -8.0 -2.0
-14.0 -8.0 -4.0 0.0 -8.0 -2.0
-4.0 -10.0 -4.0 8.0 0.0 -2.0
0.0 -12.0 -2.0 14.0 0.0 -2.0
6.0 -12.0 -2.0 16.0 0.0 4.0
12.0 -10.0 -2.0 16.0 0.0 4.0
12.0 -8.0 2.0 10.0 2.0 4.0
14.0 -8.0 2.0 8.0 0.0 2.0
16.0 -10.0 0.0 6.0 -4.0 -2.0
18.0 -12.0 0.0 6.0 -6.0 -6.0
16.0 -10.0 -14.0 16.0 -4.0 -6.0
14.0 -8.0 -10.0 16.0 -4.0 -2.0
10.0 -8.0 -12.0 14.0 -4.0 -2.0
14.0 -8.0 -10.0 12.0 -4.0 -8.0
12.0 -6.0 0.0 10.0 -2.0 -8.0
16.0 -6.0 0.0 12.0 2.0 -2.0
16.0 -6.0 0.0 6.0 2.0 -2.0
18.0 -4.0 -2.0 12.0 0.0 -2.0
16.0 -4.0 -2.0 16.0 0.0 -2.0
18.0 -8.0 -6.0 16.0 4.0 -2.0
18.0 -14.0 -8.0 12.0 4.0 -2.0
18.0 -16.0 -8.0 12.0 -4.0 -4.0
14.0 -16.0 -2.0 12.0 -4.0 -4.0
12.0 -14.0 -2.0 12.0 0.0 -2.0
10.0 -12.0 -14.0 8.0 0.0 -2.0
10.0 -8.0 -14.0 8.0 0.0 -2.0
10.0 -2.0 -6.0 8.0 -2.0 -4.0
10.0 -2.0 -6.0 10.0 -2.0 0.0
10.0 -16.0 -6.0 10.0 -2.0 -2.0
10.0 -16.0 -2.0 6.0 2.0 -2.0
8.0 -4.0 2.0 6.0 2.0 -4.0
10.0 -4.0 2.0 10.0 2.0 -4.0
8.0 -10.0 2.0 10.0 2.0 -4.0
6.0 -10.0 4.0 8.0 -6.0 -4.0
6.0 -10.0 -2.0 8.0 -6.0 -4.0
8.0 -6.0 4.0 8.0 -6.0 -4.0
8.0 -6.0 4.0 10.0 -6.0 -4.0
8.0 -6.0 4.0 8.0 -4.0 -12.0
14.0 -6.0 4.0 8.0 -4.0 -4.0
14.0 -6.0 -2.0 6.0 -2.0 -6.0
14.0 -6.0 -2.0 6.0 -2.0 -6.0
14.0 -6.0 -2.0 6.0 -8.0 -6.0
12.0 -4.0 -4.0 6.0 -8.0 -2.0
14.0 -8.0 -4.0 16.0 -2.0 -2.0
12.0 -8.0 -6.0 6.0 -2.0 -2.0
14.0 -8.0 -6.0 2.0 0.0 -8.0
12.0 -8.0 -12.0 2.0 -2.0 -8.0
12.0 -8.0 -2.0 8.0 -8.0 -6.0
10.0 -12.0 -2.0 8.0 -8.0 -4.0
8.0 -12.0 -2.0 10.0 -10.0 -4.0
10.0 -12.0 4.0 8.0 -4.0 -2.0
10.0 -8.0 -6.0 10.0 -6.0 -2.0
12.0 -8.0 2.0 12.0 -4.0 -4.0
12.0 -8.0 2.0 12.0 -6.0 -4.0
12.0 -4.0 2.0 12.0 -4.0 -4.0
10.0 -4.0 2.0 2.0 -4.0 -6.0
10.0 -4.0 2.0 4.0 -4.0 -6.0
10.0 -8.0 2.0 4.0 -10.0 -2.0
14.0 -16.0 0.0 6.0 -14.0 -2.0
14.0 -16.0 0.0 6.0 -14.0 -6.0
14.0 -6.0 2.0 6.0 -4.0 -6.0
18.0 4.0 2.0 0.0 0.0 -2.0
18.0 -4.0 2.0 6.0 -2.0 -2.0
6.0 -4.0 2.0 10.0 -2.0 -4.0
4.0 -4.0 0.0 10.0 -6.0 -4.0
4.0 -16.0 0.0 4.0 -6.0 -8.0
12.0 -2.0 0.0 4.0 -4.0 -8.0
12.0 -12.0 0.0 4.0 -4.0 -8.0
10.0 -6.0 -2.0 4.0 -8.0 -6.0
10.0 -8.0 -2.0 4.0 -8.0 0.0
10.0 -6.0 -2.0 6.0 0.0 0.0
8.0 -4.0 -2.0 6.0 0.0 0.0
8.0 -4.0 -2.0 2.0 -4.0 2.0
10.0 -4.0 -4.0 2.0 -4.0 0.0
10.0 -2.0 6.0 2.0 0.0 0.0
10.0 -8.0 -4.0 8.0 0.0 -2.0
8.0 -10.0 -2.0 0.0 -14.0 -4.0
8.0 -10.0 -2.0 4.0 -14.0 -8.0
8.0 -6.0 -2.0 4.0 -6.0 -8.0
14.0 -6.0 -4.0 4.0 -6.0 -4.0
12.0 -8.0 -4.0 6.0 -4.0 -4.0
12.0 -8.0 0.0 4.0 -12.0 -4.0
8.0 -8.0 6.0 0.0 -8.0 -6.0
8.0 -4.0 6.0 0.0 -8.0 -6.0
8.0 -12.0 6.0 -2.0 -8.0 -6.0
12.0 -4.0 0.0 -4.0 -10.0 -10.0
6.0 -12.0 -2.0 -4.0 -10.0 -6.0
6.0 -2.0 -2.0 -4.0 -8.0 -2.0
4.0 -2.0 -4.0 -4.0 -4.0 -2.0
-4.0 -2.0 6.0 -4.0 -4.0 -2.0
-4.0 -8.0 -4.0 2.0 -4.0 -4.0
10.0 -8.0 6.0 2.0 -4.0 -2.0
10.0 -10.0 4.0 2.0 -4.0 -4.0
8.0 -10.0 4.0 4.0 -10.0 -4.0
8.0 -4.0 4.0 4.0 -10.0 -4.0
8.0 -2.0 0.0 4.0 -6.0 -4.0
4.0 -2.0 4.0 6.0 -6.0 -4.0
4.0 -6.0 -10.0 4.0 -6.0 -4.0
12.0 -6.0 0.0 -2.0 -6.0 -8.0
12.0 -4.0 -6.0 -2.0 -4.0 -8.0
2.0 -4.0 0.0 6.0 2.0 -8.0
2.0 -4.0 -2.0 6.0 2.0 -2.0
8.0 -4.0 -2.0 6.0 2.0 -2.0
10.0 -2.0 -4.0 6.0 -4.0 -2.0
8.0 -6.0 -6.0 10.0 -4.0 -2.0
12.0 -6.0 -6.0 10.0 -2.0 -6.0
6.0 -6.0 -4.0 12.0 -2.0 -6.0
10.0 -6.0 -4.0 10.0 -4.0 -6.0
10.0 -6.0 -4.0 10.0 -4.0 -8.0
10.0 -2.0 0.0 10.0 -4.0 -8.0
12.0 -4.0 0.0 8.0 -2.0 -8.0
16.0 -4.0 -2.0 14.0 -8.0 -2.0
16.0 -4.0 -2.0 6.0 -2.0 0.0
8.0 0.0 2.0 16.0 -8.0 0.0
-12.0 0.0 2.0 16.0 -2.0 -2.0
-12.0 -6.0 2.0 20.0 -8.0 -2.0
-12.0 -8.0 0.0 22.0 -6.0 -2.0
-8.0 -8.0 -4.0 22.0 -6.0 -2.0
-4.0 -8.0 -4.0 20.0 -6.0 -8.0
-4.0 -8.0 -2.0 12.0 -4.0 0.0
-10.0 2.0 -2.0 12.0 -4.0 -4.0
-10.0 2.0 -2.0 16.0 -4.0 0.0
-10.0 -2.0 4.0 16.0 0.0 -4.0
-10.0 -8.0 6.0 16.0 -4.0 -10.0
-12.0 -2.0 6.0 20.0 -4.0 -10.0
-10.0 -6.0 -2.0 20.0 -6.0 -12.0
-12.0 -6.0 -2.0 18.0 -6.0 -4.0
-18.0 -8.0 -2.0 14.0 -8.0 -4.0
-18.0 -8.0 -6.0 14.0 -6.0 -4.0
-20.0 -8.0 -6.0 14.0 -8.0 -6.0
-10.0 -12.0 -4.0 14.0 -6.0 -6.0
-24.0 -12.0 -2.0 14.0 -8.0 -4.0
-24.0 -10.0 -2.0 14.0 -6.0 -4.0
-26.0 -10.0 0.0 14.0 -6.0 -2.0
-26.0 -12.0 -2.0 14.0 -2.0 -4.0
-24.0 -12.0 -10.0 14.0 -2.0 -2.0
-24.0 -12.0 -10.0 8.0 -4.0 -4.0
-36.0 -6.0 -8.0 8.0 -10.0 -6.0
-36.0 -4.0 -2.0 10.0 -10.0 -6.0
-28.0 -6.0 -8.0 10.0 -10.0 -6.0
-24.0 -10.0 -12.0 10.0 -6.0 -2.0
-28.0 -10.0 -12.0 12.0 -8.0 -6.0
