# Target: wrist_up
# Dominant_Vision: Open Hand
0.0 6.0 0.0 8.0 0.0 0.0
-4.0 0.0 0.0 0.0 0.0 0.0
-4.0 -2.0 2.0 8.0 8.0 -6.0
-10.0 -4.0 -4.0 0.0 8.0 -6.0
-10.0 -4.0 -2.0 6.0 4.0 -6.0
-8.0 4.0 -2.0 0.0 0.0 -6.0
-4.0 8.0 2.0 4.0 4.0 -2.0
4.0 4.0 2.0 4.0 8.0 -2.0
2.0 2.0 2.0 4.0 8.0 -2.0
2.0 2.0 2.0 4.0 8.0 -2.0
0.0 2.0 4.0 10.0 4.0 -2.0
-2.0 -2.0 10.0 12.0 8.0 0.0
-2.0 -2.0 10.0 12.0 4.0 -2.0
0.0 2.0 4.0 12.0 0.0 0.0
0.0 2.0 4.0 4.0 0.0 -6.0
0.0 2.0 4.0 4.0 -2.0 -4.0
0.0 2.0 12.0 8.0 -2.0 -6.0
0.0 4.0 0.0 8.0 2.0 -4.0
0.0 4.0 2.0 8.0 6.0 -2.0
0.0 4.0 2.0 6.0 6.0 -2.0
0.0 2.0 6.0 6.0 8.0 0.0
0.0 -6.0 6.0 10.0 8.0 -6.0
-2.0 -6.0 6.0 10.0 2.0 -4.0
-4.0 -2.0 6.0 6.0 2.0 -8.0
-4.0 -2.0 4.0 6.0 0.0 -4.0
-4.0 -2.0 6.0 18.0 2.0 -8.0
-4.0 -4.0 4.0 26.0 0.0 -4.0
10.0 2.0 8.0 32.0 8.0 -10.0
18.0 2.0 2.0 44.0 2.0 -4.0
20.0 8.0 2.0 52.0 8.0 -10.0
20.0 8.0 2.0 54.0 2.0 -6.0
16.0 2.0 4.0 58.0 10.0 -10.0
6.0 0.0 8.0 58.0 10.0 -8.0
-10.0 0.0 8.0 72.0 10.0 -8.0
-34.0 0.0 8.0 80.0 4.0 -6.0
-48.0 2.0 6.0 80.0 4.0 -6.0
-94.0 2.0 6.0 100.0 -2.0 -6.0
-100.0 0.0 6.0 100.0 -4.0 -6.0
-100.0 -2.0 6.0 100.0 -4.0 -6.0
-100.0 -2.0 2.0 100.0 -2.0 -6.0
-100.0 -14.0 2.0 100.0 -2.0 -16.0
-100.0 -10.0 2.0 100.0 -6.0 -18.0
-100.0 -14.0 2.0 100.0 -10.0 -18.0
-100.0 -14.0 6.0 100.0 -16.0 -24.0
-4.0 -16.0 20.0 100.0 -16.0 -26.0
4.0 -18.0 20.0 100.0 -4.0 -26.0
10.0 -42.0 12.0 100.0 -4.0 -26.0
26.0 -42.0 -8.0 100.0 8.0 -26.0
78.0 -42.0 -8.0 100.0 4.0 -26.0
100.0 -42.0 -6.0 100.0 8.0 -22.0
100.0 -42.0 6.0 100.0 8.0 -22.0
100.0 -42.0 6.0 100.0 12.0 -22.0
100.0 -48.0 6.0 100.0 8.0 -30.0
100.0 -66.0 14.0 100.0 2.0 -30.0
100.0 -66.0 16.0 100.0 2.0 -30.0
100.0 -66.0 18.0 100.0 12.0 -26.0
100.0 -60.0 18.0 98.0 12.0 -26.0
100.0 -60.0 24.0 100.0 12.0 -24.0
100.0 -66.0 24.0 100.0 8.0 -26.0
100.0 -66.0 24.0 100.0 14.0 -24.0
100.0 -64.0 24.0 100.0 6.0 -28.0
100.0 -60.0 26.0 100.0 18.0 -20.0
100.0 -60.0 30.0 100.0 14.0 -26.0
100.0 -64.0 30.0 100.0 16.0 -26.0
100.0 -68.0 30.0 100.0 14.0 -26.0
100.0 -64.0 26.0 100.0 12.0 -26.0
100.0 -68.0 26.0 100.0 12.0 -28.0
100.0 -68.0 24.0 100.0 14.0 -28.0
100.0 -72.0 30.0 100.0 16.0 -22.0
100.0 -72.0 28.0 100.0 22.0 -22.0
100.0 -76.0 28.0 100.0 18.0 -24.0
100.0 -72.0 24.0 100.0 18.0 -24.0
100.0 -76.0 20.0 100.0 10.0 -24.0
100.0 -70.0 24.0 100.0 10.0 -26.0
100.0 -76.0 16.0 100.0 10.0 -32.0
100.0 -78.0 24.0 100.0 10.0 -32.0
100.0 -78.0 24.0 100.0 10.0 -32.0
100.0 -68.0 24.0 100.0 10.0 -26.0
100.0 -68.0 22.0 100.0 10.0 -26.0
100.0 -68.0 20.0 88.0 8.0 -32.0
100.0 -72.0 20.0 86.0 8.0 -32.0
100.0 -72.0 20.0 82.0 8.0 -32.0
100.0 -68.0 20.0 58.0 8.0 -32.0
100.0 -66.0 20.0 54.0 8.0 -32.0
100.0 -60.0 2.0 26.0 2.0 -34.0
24.0 -60.0 -6.0 24.0 2.0 -32.0
-6.0 -58.0 -10.0 14.0 0.0 -34.0
-44.0 -50.0 -10.0 -2.0 -10.0 -32.0
-52.0 -50.0 -18.0 -22.0 -10.0 -32.0
-52.0 -50.0 -18.0 -32.0 -10.0 -32.0
-46.0 -52.0 -18.0 -32.0 -4.0 -30.0
-46.0 -52.0 -22.0 -14.0 -4.0 -26.0
-54.0 -44.0 -30.0 -6.0 -4.0 -26.0
-54.0 -42.0 -30.0 2.0 0.0 -26.0
-48.0 -36.0 -14.0 4.0 2.0 -26.0
-44.0 -32.0 0.0 10.0 6.0 -26.0
-44.0 -26.0 8.0 16.0 2.0 -22.0
-26.0 -26.0 0.0 20.0 2.0 -22.0
-20.0 -30.0 -4.0 22.0 2.0 -22.0
4.0 -30.0 -8.0 40.0 2.0 -20.0
4.0 -34.0 -10.0 100.0 2.0 -20.0
0.0 -30.0 -10.0 100.0 8.0 -12.0
-2.0 -28.0 0.0 90.0 8.0 -10.0
-2.0 -22.0 2.0 50.0 8.0 -12.0
-2.0 -18.0 6.0 46.0 4.0 -10.0
0.0 -16.0 6.0 24.0 6.0 -14.0
0.0 -14.0 8.0 22.0 2.0 -10.0
4.0 -14.0 8.0 18.0 6.0 -14.0
2.0 -14.0 8.0 22.0 4.0 -14.0
2.0 -16.0 6.0 54.0 8.0 -14.0
0.0 -16.0 6.0 58.0 4.0 -8.0
0.0 -12.0 8.0 58.0 10.0 -8.0
4.0 -8.0 8.0 50.0 8.0 -8.0
8.0 -8.0 6.0 50.0 8.0 -10.0
8.0 -10.0 2.0 52.0 8.0 -4.0
8.0 -12.0 4.0 54.0 8.0 -14.0
8.0 -12.0 4.0 56.0 8.0 -14.0
8.0 -8.0 6.0 66.0 8.0 -14.0
2.0 -8.0 6.0 70.0 8.0 -16.0
8.0 -8.0 14.0 76.0 4.0 -6.0
8.0 -14.0 10.0 82.0 4.0 -6.0
8.0 -12.0 12.0 84.0 2.0 -6.0
6.0 -12.0 10.0 84.0 8.0 -16.0
6.0 -12.0 8.0 76.0 8.0 -16.0
8.0 -6.0 6.0 76.0 8.0 -8.0
8.0 -6.0 6.0 76.0 10.0 -4.0
2.0 -14.0 12.0 74.0 10.0 -4.0
2.0 -14.0 12.0 76.0 8.0 -4.0
2.0 -14.0 8.0 80.0 6.0 -4.0
4.0 -14.0 8.0 80.0 8.0 -4.0
8.0 -14.0 8.0 80.0 8.0 -4.0
8.0 -10.0 8.0 80.0 8.0 -8.0
4.0 -10.0 10.0 80.0 8.0 -8.0
4.0 -10.0 10.0 80.0 8.0 -8.0
4.0 -12.0 10.0 74.0 8.0 -2.0
6.0 -6.0 6.0 74.0 10.0 -2.0
6.0 -4.0 12.0 74.0 12.0 -2.0
6.0 -4.0 10.0 74.0 12.0 -6.0
6.0 -6.0 10.0 74.0 6.0 -8.0
6.0 -6.0 8.0 74.0 4.0 -8.0
12.0 -14.0 8.0 74.0 6.0 -8.0
12.0 -18.0 14.0 72.0 6.0 -6.0
8.0 -18.0 14.0 70.0 10.0 -8.0
8.0 -8.0 14.0 58.0 14.0 -6.0
8.0 -8.0 12.0 70.0 14.0 -8.0
6.0 -12.0 10.0 70.0 4.0 -14.0
6.0 -12.0 10.0 70.0 4.0 -14.0
10.0 -16.0 14.0 64.0 6.0 -8.0
12.0 -16.0 14.0 58.0 6.0 -6.0
14.0 -16.0 12.0 64.0 6.0 -6.0
14.0 -12.0 12.0 58.0 8.0 -6.0
8.0 -12.0 12.0 58.0 8.0 -6.0
8.0 -12.0 14.0 58.0 8.0 -6.0
8.0 -12.0 4.0 68.0 4.0 -8.0
4.0 -14.0 10.0 68.0 4.0 -8.0
4.0 -14.0 10.0 62.0 4.0 -14.0
8.0 -14.0 10.0 58.0 8.0 -14.0
10.0 -14.0 12.0 62.0 8.0 -4.0
10.0 -4.0 6.0 58.0 6.0 0.0
10.0 -4.0 10.0 68.0 6.0 0.0
8.0 -6.0 10.0 68.0 6.0 -4.0
8.0 -6.0 10.0 68.0 8.0 -4.0
10.0 -6.0 8.0 68.0 6.0 -4.0
10.0 -6.0 8.0 68.0 6.0 0.0
10.0 -6.0 10.0 58.0 6.0 -6.0
14.0 -6.0 10.0 58.0 6.0 -6.0
14.0 -6.0 10.0 58.0 6.0 -6.0
12.0 -6.0 10.0 68.0 4.0 -4.0
12.0 -10.0 10.0 64.0 4.0 -4.0
18.0 -10.0 10.0 68.0 4.0 -2.0
18.0 -10.0 6.0 70.0 8.0 -6.0
12.0 -10.0 10.0 70.0 8.0 -6.0
12.0 -14.0 6.0 70.0 8.0 -6.0
10.0 -14.0 4.0 58.0 8.0 -6.0
14.0 -10.0 4.0 58.0 8.0 -6.0
12.0 -10.0 12.0 52.0 8.0 -6.0
14.0 -10.0 12.0 50.0 8.0 -6.0
14.0 -16.0 10.0 52.0 4.0 -6.0
16.0 -4.0 10.0 58.0 4.0 -6.0
14.0 -4.0 6.0 58.0 4.0 -8.0
18.0 -4.0 6.0 58.0 12.0 -8.0
12.0 -6.0 6.0 58.0 12.0 -8.0
18.0 -6.0 6.0 58.0 4.0 -8.0
12.0 -6.0 18.0 58.0 2.0 -12.0
12.0 -8.0 18.0 66.0 2.0 -12.0
10.0 -12.0 8.0 72.0 -2.0 -8.0
10.0 -10.0 2.0 72.0 -2.0 -6.0
10.0 -10.0 2.0 74.0 2.0 -6.0
12.0 -10.0 2.0 74.0 4.0 -10.0
14.0 -10.0 10.0 74.0 8.0 -10.0
14.0 -14.0 6.0 72.0 8.0 -10.0
16.0 -10.0 10.0 70.0 8.0 -18.0
10.0 -10.0 18.0 70.0 0.0 -14.0
12.0 -10.0 18.0 70.0 6.0 -16.0
12.0 -4.0 12.0 72.0 6.0 -14.0
12.0 -12.0 4.0 72.0 8.0 -4.0
12.0 -12.0 6.0 58.0 8.0 -4.0
16.0 -12.0 6.0 58.0 6.0 -10.0
16.0 -12.0 6.0 58.0 6.0 -10.0
16.0 -6.0 6.0 58.0 10.0 -10.0
16.0 -6.0 6.0 58.0 10.0 -10.0
16.0 0.0 6.0 58.0 8.0 -12.0
20.0 -14.0 10.0 58.0 4.0 -12.0
20.0 -12.0 10.0 58.0 4.0 -10.0
16.0 -12.0 10.0 54.0 4.0 -6.0
16.0 -8.0 10.0 54.0 4.0 -10.0
16.0 -8.0 14.0 56.0 4.0 -10.0
14.0 -8.0 14.0 58.0 8.0 -10.0
14.0 -10.0 12.0 58.0 10.0 -10.0
14.0 -14.0 12.0 56.0 8.0 -10.0
14.0 -14.0 8.0 56.0 8.0 -4.0
14.0 -4.0 6.0 58.0 8.0 -10.0
14.0 -4.0 6.0 70.0 8.0 -10.0
14.0 -4.0 10.0 70.0 8.0 -12.0
14.0 -8.0 10.0 58.0 8.0 -14.0
20.0 -6.0 8.0 58.0 8.0 -12.0
12.0 -8.0 8.0 58.0 12.0 -10.0
12.0 -10.0 12.0 56.0 8.0 -10.0
12.0 -10.0 14.0 56.0 8.0 -10.0
12.0 -10.0 16.0 56.0 8.0 -10.0
14.0 -4.0 22.0 56.0 8.0 -4.0
16.0 -4.0 22.0 52.0 10.0 -4.0
16.0 -8.0 14.0 52.0 8.0 -8.0
20.0 -8.0 12.0 52.0 10.0 -8.0
20.0 -8.0 10.0 52.0 6.0 -4.0
18.0 -8.0 10.0 50.0 8.0 -4.0
14.0 -8.0 10.0 50.0 6.0 -6.0
18.0 -10.0 -6.0 48.0 4.0 -14.0
12.0 -12.0 16.0 50.0 4.0 -14.0
14.0 -16.0 16.0 50.0 8.0 -6.0
