# Target: wrist_up
# Dominant_Vision: Open Hand
2.0 6.0 6.0 -2.0 -2.0 -6.0
4.0 6.0 14.0 0.0 0.0 -4.0
4.0 6.0 18.0 -2.0 -2.0 -12.0
12.0 4.0 14.0 0.0 -4.0 -4.0
12.0 4.0 16.0 -2.0 -4.0 -2.0
12.0 2.0 12.0 -2.0 0.0 -2.0
10.0 4.0 8.0 -2.0 0.0 -2.0
10.0 14.0 8.0 6.0 4.0 -2.0
6.0 14.0 8.0 6.0 4.0 -2.0
6.0 6.0 14.0 2.0 -2.0 -4.0
6.0 4.0 10.0 2.0 -2.0 -4.0
2.0 4.0 12.0 8.0 0.0 -4.0
8.0 4.0 10.0 8.0 0.0 4.0
2.0 4.0 8.0 2.0 4.0 -10.0
6.0 4.0 8.0 0.0 0.0 -2.0
6.0 6.0 8.0 -2.0 0.0 -2.0
6.0 8.0 12.0 -2.0 -2.0 0.0
6.0 6.0 12.0 -2.0 -2.0 0.0
6.0 8.0 12.0 6.0 -2.0 0.0
4.0 8.0 8.0 8.0 -4.0 -6.0
4.0 10.0 6.0 6.0 -2.0 -6.0
4.0 10.0 8.0 2.0 -2.0 -6.0
10.0 10.0 8.0 0.0 -2.0 -8.0
10.0 6.0 8.0 0.0 -2.0 -8.0
10.0 4.0 8.0 8.0 -6.0 -8.0
12.0 4.0 12.0 8.0 -2.0 2.0
12.0 4.0 12.0 8.0 -6.0 2.0
10.0 6.0 12.0 4.0 -6.0 4.0
10.0 6.0 12.0 8.0 -6.0 0.0
10.0 6.0 12.0 2.0 -2.0 0.0
4.0 12.0 12.0 6.0 2.0 0.0
-16.0 14.0 8.0 2.0 2.0 -4.0
-36.0 12.0 14.0 2.0 0.0 0.0
-40.0 12.0 14.0 2.0 -6.0 -6.0
-78.0 12.0 14.0 2.0 -6.0 0.0
-86.0 12.0 6.0 -12.0 -6.0 -6.0
-100.0 12.0 2.0 -26.0 -8.0 -6.0
-100.0 12.0 2.0 -28.0 -10.0 -8.0
-100.0 14.0 0.0 -28.0 -18.0 -12.0
-100.0 12.0 0.0 -38.0 -24.0 -14.0
-84.0 0.0 -8.0 -52.0 -18.0 -16.0
-64.0 -4.0 -8.0 -44.0 -16.0 -16.0
-6.0 0.0 -8.0 -46.0 -16.0 -16.0
34.0 -2.0 -6.0 -44.0 -12.0 -14.0
56.0 -2.0 8.0 -40.0 -20.0 -12.0
60.0 -4.0 12.0 -40.0 -12.0 -10.0
92.0 -6.0 12.0 -40.0 -8.0 -10.0
100.0 -6.0 8.0 -40.0 -6.0 -10.0
100.0 -6.0 8.0 -40.0 -4.0 -10.0
100.0 -6.0 8.0 -36.0 -4.0 -10.0
100.0 2.0 12.0 -30.0 -6.0 -12.0
100.0 2.0 12.0 -30.0 -6.0 -12.0
100.0 -10.0 16.0 -34.0 -6.0 -20.0
98.0 -12.0 12.0 -34.0 -6.0 -20.0
80.0 -12.0 16.0 -34.0 -6.0 -16.0
76.0 -4.0 16.0 -40.0 -6.0 -16.0
58.0 -4.0 24.0 -44.0 -4.0 -16.0
56.0 -12.0 24.0 -44.0 -6.0 -16.0
58.0 -12.0 16.0 -44.0 -4.0 -16.0
56.0 -8.0 16.0 -36.0 -4.0 -10.0
62.0 -8.0 16.0 -32.0 -4.0 -10.0
58.0 -8.0 18.0 -36.0 -4.0 -10.0
64.0 -6.0 18.0 -34.0 -2.0 -10.0
58.0 -6.0 16.0 -34.0 0.0 -14.0
54.0 -8.0 16.0 -34.0 0.0 -16.0
52.0 -8.0 16.0 -34.0 0.0 -16.0
52.0 -8.0 12.0 -38.0 -2.0 -16.0
52.0 -4.0 12.0 -38.0 -2.0 -18.0
52.0 -8.0 18.0 -40.0 -4.0 -12.0
54.0 -2.0 18.0 -40.0 -6.0 -16.0
62.0 -8.0 16.0 -40.0 -6.0 -16.0
70.0 -10.0 14.0 -34.0 -6.0 -20.0
82.0 -14.0 6.0 -34.0 -6.0 -20.0
96.0 -10.0 6.0 -38.0 -8.0 -22.0
96.0 -8.0 6.0 -42.0 -6.0 -20.0
82.0 -8.0 0.0 -54.0 -8.0 -22.0
34.0 -6.0 -4.0 -54.0 -12.0 -20.0
6.0 -6.0 -12.0 -46.0 -12.0 -20.0
-32.0 -6.0 -18.0 -42.0 -12.0 -20.0
-64.0 -14.0 -16.0 -42.0 -12.0 -20.0
-96.0 -18.0 -18.0 -40.0 -12.0 -16.0
-100.0 -18.0 -16.0 -40.0 -14.0 -14.0
-100.0 -18.0 -14.0 -60.0 -14.0 -14.0
-100.0 -14.0 -14.0 -62.0 -14.0 -18.0
-100.0 -14.0 -26.0 -60.0 -10.0 -18.0
-100.0 -14.0 -26.0 -58.0 -8.0 -16.0
-100.0 0.0 -14.0 -48.0 -4.0 -8.0
-100.0 0.0 -14.0 -48.0 -4.0 -6.0
-100.0 0.0 -14.0 -44.0 -4.0 -6.0
-98.0 0.0 -14.0 -38.0 -4.0 -6.0
-84.0 -6.0 -12.0 -38.0 -4.0 -2.0
-78.0 -2.0 -8.0 -24.0 -2.0 -2.0
-70.0 -2.0 -2.0 -24.0 0.0 -6.0
-64.0 4.0 -2.0 -22.0 0.0 -6.0
-48.0 6.0 -2.0 -18.0 0.0 -6.0
-28.0 10.0 2.0 -16.0 4.0 2.0
-22.0 6.0 -2.0 -4.0 6.0 2.0
-20.0 0.0 0.0 -2.0 4.0 2.0
-20.0 0.0 0.0 -2.0 2.0 2.0
-20.0 8.0 2.0 0.0 2.0 6.0
-20.0 8.0 2.0 4.0 2.0 6.0
-18.0 8.0 -6.0 4.0 10.0 0.0
-10.0 8.0 -8.0 -4.0 2.0 -2.0
-4.0 16.0 -8.0 -6.0 4.0 -2.0
-4.0 16.0 -6.0 -6.0 4.0 4.0
-4.0 16.0 4.0 -6.0 4.0 4.0
-4.0 12.0 4.0 -6.0 -2.0 4.0
-4.0 12.0 4.0 -8.0 -2.0 6.0
-2.0 12.0 8.0 -12.0 2.0 6.0
-2.0 10.0 8.0 -12.0 2.0 4.0
-2.0 12.0 6.0 -10.0 4.0 4.0
-2.0 14.0 0.0 0.0 4.0 4.0
-2.0 14.0 -2.0 4.0 4.0 6.0
-4.0 6.0 -2.0 4.0 4.0 2.0
-4.0 6.0 4.0 0.0 4.0 2.0
-4.0 10.0 4.0 0.0 6.0 2.0
-4.0 10.0 4.0 0.0 2.0 4.0
-6.0 8.0 4.0 2.0 4.0 4.0
-4.0 4.0 4.0 4.0 2.0 0.0
-6.0 4.0 4.0 4.0 4.0 0.0
-2.0 4.0 6.0 0.0 4.0 2.0
-2.0 4.0 6.0 -4.0 4.0 2.0
2.0 2.0 6.0 -4.0 4.0 2.0
2.0 0.0 6.0 2.0 2.0 2.0
-6.0 0.0 6.0 2.0 2.0 -2.0
-6.0 8.0 6.0 2.0 2.0 -2.0
-4.0 8.0 4.0 0.0 0.0 0.0
-4.0 10.0 4.0 0.0 2.0 0.0
-4.0 -2.0 4.0 4.0 -6.0 0.0
-6.0 6.0 8.0 4.0 2.0 0.0
-6.0 6.0 8.0 4.0 2.0 0.0
-6.0 6.0 0.0 8.0 2.0 0.0
-6.0 4.0 -2.0 2.0 -2.0 -6.0
-6.0 4.0 0.0 2.0 -2.0 -6.0
-6.0 8.0 8.0 2.0 -2.0 -6.0
-6.0 8.0 8.0 -2.0 2.0 -2.0
-6.0 6.0 2.0 4.0 2.0 -2.0
-4.0 6.0 2.0 -4.0 2.0 -2.0
-4.0 6.0 2.0 8.0 2.0 -6.0
-4.0 6.0 4.0 -2.0 0.0 -2.0
-6.0 2.0 0.0 2.0 4.0 0.0
-8.0 2.0 4.0 -2.0 8.0 0.0
-8.0 2.0 0.0 2.0 8.0 0.0
-2.0 2.0 2.0 0.0 0.0 -2.0
-2.0 2.0 0.0 2.0 0.0 -2.0
-2.0 2.0 2.0 0.0 4.0 0.0
-2.0 6.0 2.0 0.0 4.0 0.0
-2.0 6.0 4.0 0.0 4.0 0.0
-8.0 8.0 6.0 4.0 4.0 -2.0
-8.0 2.0 6.0 4.0 4.0 -2.0
-2.0 8.0 8.0 4.0 2.0 -2.0
-2.0 10.0 6.0 4.0 2.0 -2.0
-4.0 10.0 6.0 4.0 2.0 -4.0
-4.0 4.0 0.0 6.0 4.0 0.0
4.0 4.0 0.0 6.0 4.0 -2.0
4.0 4.0 0.0 6.0 0.0 -2.0
4.0 6.0 6.0 2.0 0.0 -2.0
2.0 12.0 8.0 2.0 0.0 -2.0
2.0 6.0 6.0 -2.0 0.0 2.0
0.0 10.0 6.0 2.0 4.0 4.0
0.0 8.0 6.0 -2.0 4.0 6.0
2.0 8.0 8.0 2.0 4.0 4.0
2.0 2.0 8.0 0.0 4.0 4.0
2.0 2.0 8.0 2.0 2.0 4.0
0.0 2.0 6.0 0.0 -4.0 4.0
0.0 4.0 6.0 -2.0 2.0 8.0
0.0 4.0 6.0 -2.0 -4.0 -4.0
0.0 8.0 6.0 0.0 4.0 -4.0
2.0 8.0 6.0 6.0 -4.0 -4.0
2.0 4.0 6.0 8.0 0.0 -8.0
6.0 4.0 12.0 6.0 0.0 -4.0
6.0 6.0 8.0 6.0 2.0 -2.0
10.0 10.0 8.0 6.0 2.0 0.0
10.0 6.0 8.0 6.0 -2.0 4.0
8.0 0.0 10.0 -6.0 -2.0 4.0
8.0 0.0 10.0 2.0 -2.0 4.0
4.0 2.0 8.0 0.0 0.0 2.0
8.0 4.0 6.0 2.0 4.0 2.0
8.0 4.0 8.0 0.0 4.0 0.0
8.0 4.0 8.0 8.0 2.0 0.0
2.0 4.0 8.0 6.0 -4.0 -2.0
2.0 12.0 6.0 8.0 -2.0 -2.0
0.0 12.0 2.0 12.0 -4.0 0.0
0.0 12.0 2.0 12.0 -4.0 8.0
0.0 8.0 2.0 10.0 -4.0 0.0
4.0 8.0 10.0 0.0 -4.0 -2.0
4.0 8.0 10.0 0.0 0.0 -2.0
4.0 8.0 4.0 0.0 0.0 -8.0
4.0 4.0 4.0 2.0 0.0 0.0
4.0 -6.0 4.0 2.0 -12.0 0.0
4.0 -6.0 2.0 4.0 -12.0 0.0
4.0 2.0 2.0 2.0 6.0 -2.0
4.0 4.0 12.0 2.0 6.0 -2.0
8.0 10.0 20.0 2.0 4.0 -2.0
8.0 4.0 20.0 8.0 2.0 2.0
8.0 2.0 20.0 8.0 4.0 -4.0
8.0 2.0 8.0 0.0 4.0 -2.0
8.0 2.0 8.0 0.0 6.0 -2.0
10.0 6.0 14.0 2.0 6.0 2.0
6.0 6.0 18.0 2.0 6.0 2.0
4.0 6.0 16.0 -2.0 4.0 0.0
2.0 6.0 16.0 -2.0 0.0 -6.0
4.0 8.0 12.0 4.0 2.0 -6.0
0.0 8.0 0.0 4.0 0.0 -6.0
4.0 8.0 0.0 4.0 2.0 -4.0
0.0 2.0 6.0 -4.0 0.0 2.0
0.0 2.0 6.0 -4.0 0.0 2.0
0.0 2.0 6.0 -4.0 0.0 2.0
6.0 4.0 12.0 10.0 0.0 0.0
6.0 4.0 14.0 10.0 0.0 0.0
6.0 8.0 14.0 2.0 4.0 0.0
6.0 2.0 8.0 2.0 0.0 0.0
6.0 4.0 8.0 4.0 2.0 2.0
6.0 2.0 12.0 4.0 0.0 2.0
0.0 4.0 12.0 4.0 0.0 2.0
8.0 4.0 10.0 4.0 0.0 0.0
8.0 6.0 10.0 4.0 0.0 -2.0
8.0 4.0 8.0 4.0 0.0 -2.0
6.0 4.0 4.0 6.0 2.0 -2.0
4.0 4.0 4.0 6.0 0.0 -4.0
2.0 4.0 8.0 6.0 4.0 -10.0
4.0 8.0 12.0 0.0 0.0 -10.0
2.0 8.0 12.0 0.0 6.0 -4.0
8.0 6.0 2.0 6.0 0.0 -2.0
6.0 4.0 2.0 6.0 0.0 -4.0
8.0 6.0 8.0 6.0 -4.0 -2.0
6.0 10.0 8.0 -2.0 -4.0 2.0
2.0 10.0 10.0 -2.0 2.0 2.0
2.0 6.0 12.0 -2.0 2.0 -2.0
4.0 6.0 10.0 2.0 2.0 -4.0
