# Target: wrist_up
# Dominant_Vision: Open Hand
0.0 0.0 -4.0 -4.0 -8.0 8.0
-2.0 0.0 -6.0 -4.0 -8.0 4.0
-2.0 2.0 -6.0 -6.0 -12.0 8.0
-4.0 -4.0 -2.0 -8.0 -12.0 8.0
2.0 0.0 -2.0 -8.0 -12.0 8.0
-4.0 0.0 -2.0 -8.0 -6.0 10.0
2.0 0.0 -2.0 -6.0 -12.0 8.0
-6.0 0.0 -2.0 -6.0 -12.0 10.0
2.0 -6.0 -4.0 -6.0 -12.0 10.0
2.0 -6.0 -6.0 -4.0 -6.0 10.0
2.0 -2.0 -6.0 -4.0 -6.0 10.0
-2.0 -2.0 -6.0 -4.0 -6.0 10.0
-4.0 -2.0 -4.0 -4.0 -8.0 8.0
-2.0 -2.0 0.0 -2.0 -6.0 12.0
4.0 2.0 0.0 -2.0 -8.0 8.0
4.0 -2.0 2.0 -2.0 -8.0 10.0
2.0 -4.0 -2.0 -4.0 -8.0 10.0
-2.0 -4.0 0.0 -6.0 -4.0 14.0
-2.0 -4.0 -6.0 -6.0 -4.0 14.0
-2.0 2.0 -4.0 -4.0 -10.0 12.0
2.0 6.0 -4.0 -4.0 -10.0 10.0
4.0 10.0 -4.0 -10.0 -2.0 10.0
4.0 6.0 -6.0 -12.0 -2.0 8.0
4.0 6.0 -6.0 -10.0 -2.0 8.0
4.0 -2.0 -10.0 -4.0 -6.0 8.0
4.0 -2.0 -8.0 -2.0 -6.0 8.0
10.0 0.0 -8.0 4.0 -6.0 8.0
14.0 8.0 0.0 6.0 -4.0 8.0
14.0 4.0 2.0 6.0 -10.0 6.0
14.0 8.0 2.0 6.0 -4.0 6.0
6.0 8.0 4.0 -2.0 -10.0 2.0
-16.0 8.0 -2.0 -2.0 -10.0 2.0
-46.0 8.0 -2.0 -2.0 -12.0 6.0
-56.0 0.0 -4.0 -16.0 -16.0 6.0
-86.0 0.0 -22.0 -20.0 -18.0 -4.0
-86.0 0.0 -20.0 -28.0 -20.0 -6.0
-18.0 -6.0 -20.0 -50.0 -22.0 -6.0
6.0 -10.0 -20.0 -54.0 -22.0 -6.0
62.0 -10.0 -18.0 -66.0 -20.0 -10.0
66.0 -14.0 -12.0 -66.0 -20.0 -12.0
70.0 -14.0 -12.0 -72.0 -20.0 -12.0
80.0 -14.0 -10.0 -72.0 -18.0 -12.0
100.0 -14.0 -10.0 -62.0 -14.0 -10.0
100.0 -20.0 -10.0 -54.0 -6.0 -10.0
100.0 -22.0 -12.0 -46.0 -4.0 -10.0
100.0 -22.0 -8.0 -36.0 -4.0 -8.0
100.0 -22.0 -8.0 -36.0 -6.0 -8.0
100.0 -12.0 -4.0 -36.0 -6.0 -8.0
100.0 -22.0 6.0 -46.0 -6.0 -6.0
100.0 -16.0 6.0 -46.0 -6.0 -6.0
100.0 -16.0 2.0 -46.0 -6.0 -12.0
100.0 -16.0 2.0 -44.0 -6.0 -12.0
100.0 -16.0 4.0 -42.0 -6.0 -12.0
100.0 -16.0 4.0 -44.0 -10.0 -12.0
100.0 -22.0 4.0 -42.0 -10.0 -14.0
100.0 -24.0 -4.0 -40.0 -10.0 -14.0
100.0 -24.0 0.0 -40.0 -6.0 -8.0
100.0 -22.0 -4.0 -40.0 -10.0 -8.0
100.0 -22.0 0.0 -40.0 -14.0 -8.0
100.0 -16.0 -6.0 -42.0 -14.0 -12.0
10.0 -28.0 -16.0 -50.0 -14.0 -18.0
2.0 -16.0 -24.0 -52.0 -12.0 -18.0
-26.0 -20.0 -30.0 -54.0 -12.0 -16.0
-58.0 -20.0 -28.0 -54.0 -12.0 -12.0
-58.0 -24.0 -30.0 -60.0 -14.0 -12.0
-56.0 -24.0 -30.0 -68.0 -12.0 -10.0
-56.0 -24.0 -30.0 -68.0 -14.0 -12.0
-56.0 -14.0 -26.0 -56.0 -14.0 -6.0
-50.0 -14.0 -24.0 -50.0 -16.0 -6.0
-48.0 -4.0 -22.0 -46.0 -14.0 0.0
-46.0 -4.0 -16.0 -46.0 -10.0 4.0
-42.0 -4.0 -16.0 -22.0 -10.0 4.0
-28.0 -4.0 -12.0 -14.0 -6.0 12.0
-20.0 4.0 -12.0 -2.0 -4.0 8.0
12.0 4.0 -8.0 0.0 -4.0 8.0
32.0 4.0 -8.0 4.0 4.0 8.0
40.0 6.0 6.0 28.0 6.0 14.0
42.0 6.0 6.0 28.0 6.0 14.0
44.0 8.0 4.0 28.0 2.0 8.0
44.0 8.0 0.0 26.0 2.0 8.0
46.0 8.0 0.0 26.0 6.0 8.0
48.0 12.0 0.0 24.0 6.0 8.0
48.0 14.0 0.0 24.0 2.0 8.0
48.0 14.0 -6.0 12.0 0.0 8.0
50.0 12.0 -6.0 8.0 0.0 8.0
50.0 12.0 -10.0 2.0 -6.0 14.0
48.0 18.0 -6.0 0.0 -6.0 14.0
42.0 18.0 -8.0 0.0 -6.0 12.0
42.0 16.0 0.0 2.0 -2.0 6.0
42.0 16.0 0.0 2.0 0.0 6.0
46.0 8.0 0.0 4.0 -2.0 8.0
46.0 8.0 -2.0 4.0 0.0 12.0
46.0 8.0 -2.0 10.0 0.0 12.0
48.0 16.0 -2.0 10.0 4.0 12.0
48.0 16.0 0.0 4.0 4.0 8.0
42.0 16.0 -2.0 2.0 0.0 8.0
40.0 16.0 0.0 4.0 0.0 10.0
40.0 10.0 -6.0 6.0 0.0 12.0
40.0 10.0 -8.0 6.0 -2.0 10.0
38.0 10.0 -8.0 2.0 -2.0 12.0
38.0 8.0 2.0 2.0 -2.0 6.0
36.0 8.0 2.0 8.0 -2.0 10.0
36.0 8.0 2.0 12.0 -2.0 10.0
36.0 12.0 -2.0 8.0 0.0 12.0
42.0 12.0 -2.0 8.0 -4.0 12.0
44.0 12.0 -2.0 6.0 -2.0 10.0
44.0 12.0 -2.0 6.0 -2.0 4.0
46.0 12.0 -2.0 8.0 0.0 10.0
46.0 12.0 -2.0 8.0 2.0 10.0
46.0 12.0 -2.0 2.0 0.0 10.0
42.0 14.0 0.0 2.0 2.0 10.0
40.0 12.0 0.0 8.0 -2.0 6.0
40.0 6.0 2.0 8.0 -4.0 12.0
40.0 6.0 -6.0 12.0 -10.0 12.0
42.0 12.0 2.0 4.0 -4.0 12.0
42.0 12.0 -6.0 12.0 -2.0 8.0
42.0 12.0 -6.0 10.0 -2.0 8.0
40.0 12.0 -6.0 10.0 -2.0 14.0
40.0 10.0 0.0 6.0 0.0 14.0
40.0 10.0 0.0 6.0 2.0 10.0
50.0 10.0 0.0 10.0 2.0 10.0
50.0 12.0 -2.0 12.0 -6.0 12.0
42.0 14.0 -2.0 12.0 -6.0 12.0
42.0 12.0 -4.0 8.0 -4.0 12.0
42.0 6.0 -4.0 6.0 -2.0 10.0
38.0 6.0 0.0 4.0 -2.0 10.0
38.0 12.0 0.0 4.0 -4.0 8.0
42.0 12.0 0.0 6.0 -6.0 4.0
42.0 6.0 -8.0 6.0 -4.0 8.0
38.0 6.0 -2.0 4.0 -4.0 8.0
38.0 6.0 -14.0 4.0 -4.0 8.0
38.0 10.0 -2.0 4.0 -4.0 2.0
42.0 12.0 -2.0 4.0 -4.0 2.0
42.0 10.0 -2.0 4.0 -2.0 8.0
42.0 10.0 2.0 4.0 2.0 8.0
34.0 10.0 2.0 2.0 2.0 10.0
34.0 10.0 2.0 2.0 -4.0 10.0
36.0 4.0 0.0 2.0 -6.0 10.0
46.0 4.0 -4.0 2.0 -6.0 10.0
46.0 12.0 -4.0 4.0 2.0 12.0
40.0 12.0 -4.0 4.0 2.0 12.0
40.0 12.0 -6.0 -2.0 -4.0 12.0
34.0 12.0 -6.0 -2.0 -4.0 12.0
34.0 12.0 -10.0 0.0 2.0 12.0
34.0 12.0 -10.0 6.0 2.0 12.0
36.0 10.0 -2.0 2.0 -2.0 12.0
36.0 6.0 -2.0 8.0 -2.0 12.0
36.0 6.0 -2.0 12.0 -2.0 12.0
38.0 6.0 -4.0 12.0 -2.0 8.0
38.0 12.0 -2.0 6.0 -2.0 8.0
38.0 12.0 2.0 2.0 -2.0 8.0
38.0 8.0 2.0 -2.0 -2.0 12.0
38.0 8.0 -6.0 2.0 -2.0 8.0
42.0 10.0 -6.0 6.0 -6.0 8.0
42.0 10.0 -6.0 6.0 -2.0 8.0
42.0 6.0 -6.0 2.0 -2.0 8.0
40.0 6.0 -6.0 2.0 -2.0 10.0
38.0 6.0 2.0 2.0 -4.0 10.0
36.0 8.0 2.0 2.0 -4.0 16.0
36.0 14.0 2.0 6.0 -4.0 14.0
36.0 8.0 6.0 6.0 -4.0 14.0
36.0 8.0 6.0 2.0 -2.0 6.0
34.0 8.0 2.0 2.0 -2.0 6.0
34.0 10.0 -4.0 2.0 -2.0 8.0
34.0 10.0 -4.0 2.0 -2.0 14.0
32.0 12.0 0.0 0.0 -4.0 14.0
36.0 8.0 0.0 2.0 -4.0 14.0
36.0 8.0 -12.0 4.0 -4.0 14.0
36.0 4.0 -12.0 4.0 -8.0 16.0
36.0 4.0 -10.0 6.0 -8.0 16.0
34.0 6.0 4.0 10.0 -6.0 16.0
32.0 8.0 4.0 10.0 -6.0 6.0
26.0 8.0 2.0 8.0 -6.0 6.0
32.0 8.0 0.0 8.0 -6.0 12.0
32.0 10.0 0.0 4.0 -6.0 12.0
36.0 12.0 -2.0 4.0 -6.0 10.0
36.0 10.0 -8.0 4.0 -4.0 10.0
40.0 2.0 -8.0 0.0 -4.0 10.0
40.0 2.0 0.0 2.0 -4.0 10.0
40.0 10.0 0.0 2.0 -6.0 10.0
40.0 10.0 -6.0 2.0 -6.0 6.0
40.0 10.0 -6.0 2.0 -6.0 12.0
40.0 8.0 -6.0 6.0 -2.0 16.0
38.0 10.0 -6.0 2.0 -4.0 16.0
36.0 10.0 0.0 4.0 0.0 14.0
38.0 12.0 0.0 2.0 -2.0 10.0
38.0 12.0 0.0 4.0 -2.0 10.0
40.0 12.0 -10.0 -4.0 -8.0 10.0
42.0 12.0 -2.0 0.0 -8.0 14.0
42.0 10.0 -6.0 0.0 -8.0 12.0
34.0 12.0 -6.0 0.0 -6.0 12.0
34.0 6.0 -8.0 8.0 -6.0 12.0
34.0 6.0 -10.0 6.0 2.0 8.0
36.0 6.0 -12.0 8.0 2.0 8.0
34.0 6.0 -12.0 6.0 -4.0 10.0
32.0 10.0 -2.0 6.0 -4.0 12.0
32.0 10.0 -2.0 2.0 -8.0 12.0
36.0 10.0 -6.0 2.0 -4.0 12.0
36.0 8.0 -6.0 0.0 -4.0 10.0
40.0 6.0 -6.0 0.0 0.0 10.0
32.0 6.0 -12.0 0.0 2.0 10.0
32.0 6.0 -12.0 0.0 2.0 12.0
32.0 8.0 -2.0 0.0 0.0 18.0
34.0 8.0 -2.0 2.0 -4.0 18.0
34.0 8.0 2.0 2.0 0.0 14.0
36.0 8.0 2.0 4.0 -8.0 10.0
38.0 14.0 2.0 4.0 0.0 14.0
38.0 14.0 -2.0 6.0 -8.0 14.0
40.0 8.0 -2.0 10.0 0.0 14.0
42.0 8.0 -2.0 6.0 -2.0 14.0
42.0 10.0 -2.0 2.0 -2.0 10.0
38.0 12.0 0.0 0.0 -2.0 4.0
36.0 12.0 0.0 2.0 -4.0 4.0
36.0 10.0 -6.0 4.0 -4.0 10.0
36.0 6.0 -6.0 4.0 -4.0 10.0
40.0 10.0 -6.0 0.0 -6.0 8.0
36.0 10.0 -4.0 0.0 -4.0 8.0
38.0 10.0 -4.0 0.0 -2.0 12.0
38.0 8.0 -2.0 0.0 0.0 16.0
38.0 8.0 -2.0 0.0 2.0 16.0
38.0 8.0 -2.0 2.0 2.0 26.0
38.0 8.0 -2.0 2.0 2.0 22.0
44.0 10.0 -2.0 2.0 0.0 22.0
44.0 10.0 2.0 2.0 0.0 20.0
38.0 12.0 2.0 2.0 -2.0 18.0
38.0 10.0 0.0 2.0 -10.0 12.0
36.0 10.0 -2.0 6.0 -10.0 12.0
36.0 6.0 -2.0 6.0 -6.0 12.0
36.0 6.0 -6.0 4.0 -6.0 10.0
38.0 2.0 -6.0 2.0 -8.0 10.0
36.0 8.0 2.0 2.0 -8.0 8.0
