# Target: wrist_up
# Dominant_Vision: Open Hand
0.0 -2.0 0.0 0.0 -4.0 6.0
0.0 -2.0 2.0 0.0 -4.0 0.0
-2.0 -2.0 2.0 2.0 -4.0 0.0
-2.0 -2.0 -2.0 -8.0 -4.0 0.0
-2.0 -2.0 -8.0 -8.0 -2.0 0.0
-2.0 -8.0 -8.0 -8.0 -2.0 2.0
2.0 -8.0 -6.0 0.0 -2.0 2.0
2.0 -8.0 -6.0 10.0 -12.0 4.0
6.0 -8.0 -4.0 10.0 -12.0 4.0
6.0 -8.0 -4.0 -8.0 -10.0 0.0
2.0 -10.0 -4.0 -8.0 -4.0 0.0
0.0 -4.0 -14.0 0.0 -4.0 0.0
0.0 -10.0 -14.0 0.0 -4.0 4.0
0.0 -10.0 -4.0 -6.0 -4.0 4.0
-2.0 -10.0 2.0 -8.0 -6.0 0.0
-2.0 -2.0 2.0 -8.0 -6.0 0.0
-2.0 -2.0 2.0 -4.0 -8.0 -8.0
6.0 -4.0 2.0 -2.0 -8.0 0.0
8.0 -10.0 2.0 -2.0 -8.0 -4.0
6.0 -10.0 -2.0 0.0 -4.0 2.0
8.0 -8.0 -2.0 2.0 -4.0 -2.0
6.0 -8.0 -2.0 0.0 -6.0 2.0
8.0 -8.0 -2.0 2.0 -12.0 2.0
2.0 -12.0 0.0 2.0 -12.0 4.0
12.0 -4.0 0.0 2.0 -12.0 10.0
12.0 -4.0 0.0 8.0 -4.0 4.0
24.0 -4.0 0.0 10.0 -4.0 2.0
32.0 -6.0 -2.0 8.0 -4.0 0.0
32.0 -6.0 -2.0 8.0 -12.0 2.0
34.0 -6.0 -2.0 0.0 -12.0 0.0
32.0 -4.0 0.0 0.0 -12.0 -6.0
8.0 2.0 -2.0 0.0 -12.0 -6.0
8.0 -4.0 -8.0 -2.0 -12.0 -8.0
-20.0 -6.0 -10.0 -10.0 -12.0 -4.0
-34.0 -12.0 -10.0 -12.0 -12.0 -4.0
-54.0 -12.0 -12.0 -26.0 -18.0 -2.0
-54.0 -14.0 -18.0 -30.0 -20.0 -4.0
-52.0 -18.0 -24.0 -52.0 -24.0 -14.0
-24.0 -24.0 -24.0 -54.0 -24.0 -14.0
0.0 -24.0 -14.0 -74.0 -24.0 -22.0
46.0 -26.0 -14.0 -76.0 -20.0 -14.0
46.0 -28.0 -12.0 -74.0 -20.0 -22.0
46.0 -28.0 -10.0 -72.0 -12.0 -16.0
78.0 -32.0 -12.0 -56.0 -12.0 -22.0
100.0 -30.0 -18.0 -54.0 -10.0 -22.0
100.0 -32.0 -18.0 -54.0 -8.0 -26.0
100.0 -40.0 -12.0 -52.0 -8.0 -26.0
100.0 -40.0 -12.0 -52.0 -8.0 -20.0
100.0 -38.0 -8.0 -58.0 -12.0 -18.0
98.0 -38.0 0.0 -58.0 -16.0 -18.0
98.0 -36.0 4.0 -56.0 -16.0 -22.0
100.0 -34.0 4.0 -52.0 -16.0 -22.0
100.0 -34.0 -2.0 -50.0 -8.0 -22.0
100.0 -32.0 -4.0 -52.0 -8.0 -26.0
100.0 -38.0 -2.0 -50.0 -12.0 -26.0
100.0 -30.0 -4.0 -48.0 -12.0 -24.0
100.0 -38.0 -4.0 -48.0 -12.0 -24.0
94.0 -44.0 -4.0 -50.0 -8.0 -24.0
82.0 -44.0 0.0 -52.0 -8.0 -24.0
76.0 -36.0 4.0 -50.0 -8.0 -24.0
76.0 -36.0 0.0 -56.0 -12.0 -18.0
76.0 -40.0 -8.0 -54.0 -14.0 -20.0
76.0 -40.0 -8.0 -54.0 -14.0 -20.0
72.0 -36.0 -8.0 -54.0 -14.0 -24.0
72.0 -36.0 -6.0 -54.0 -14.0 -24.0
62.0 -34.0 -4.0 -56.0 -12.0 -24.0
62.0 -38.0 -4.0 -56.0 -14.0 -24.0
62.0 -36.0 0.0 -56.0 -14.0 -24.0
62.0 -36.0 0.0 -58.0 -14.0 -28.0
60.0 -36.0 0.0 -58.0 -14.0 -24.0
60.0 -36.0 0.0 -64.0 -16.0 -22.0
60.0 -36.0 -4.0 -58.0 -14.0 -22.0
52.0 -36.0 0.0 -60.0 -12.0 -24.0
52.0 -36.0 0.0 -60.0 -8.0 -24.0
48.0 -40.0 0.0 -60.0 -12.0 -24.0
46.0 -40.0 0.0 -60.0 -8.0 -26.0
46.0 -40.0 -8.0 -58.0 -6.0 -26.0
48.0 -34.0 -8.0 -52.0 -6.0 -24.0
50.0 -34.0 -8.0 -58.0 -12.0 -24.0
48.0 -34.0 2.0 -60.0 -16.0 -24.0
50.0 -36.0 2.0 -60.0 -12.0 -26.0
52.0 -34.0 4.0 -56.0 -12.0 -26.0
52.0 -36.0 2.0 -56.0 -8.0 -26.0
52.0 -40.0 2.0 -56.0 -8.0 -26.0
58.0 -40.0 -2.0 -58.0 -12.0 -28.0
58.0 -40.0 -2.0 -54.0 -20.0 -28.0
54.0 -40.0 -2.0 -62.0 -12.0 -30.0
54.0 -40.0 -6.0 -58.0 -16.0 -30.0
52.0 -40.0 -6.0 -62.0 -12.0 -30.0
54.0 -40.0 -6.0 -60.0 -8.0 -26.0
52.0 -40.0 -4.0 -60.0 -8.0 -28.0
48.0 -40.0 -4.0 -60.0 -16.0 -26.0
48.0 -42.0 -4.0 -60.0 -16.0 -20.0
50.0 -40.0 -6.0 -62.0 -10.0 -20.0
50.0 -42.0 -6.0 -60.0 -10.0 -20.0
48.0 -42.0 0.0 -58.0 -16.0 -24.0
48.0 -46.0 0.0 -58.0 -16.0 -24.0
52.0 -46.0 0.0 -58.0 -18.0 -22.0
52.0 -46.0 0.0 -56.0 -18.0 -22.0
44.0 -40.0 0.0 -56.0 -8.0 -22.0
44.0 -40.0 -2.0 -56.0 -8.0 -20.0
48.0 -40.0 -6.0 -56.0 -8.0 -20.0
50.0 -42.0 -4.0 -56.0 -12.0 -24.0
48.0 -42.0 -4.0 -60.0 -12.0 -26.0
46.0 -40.0 0.0 -66.0 -10.0 -26.0
46.0 -40.0 4.0 -60.0 -10.0 -20.0
44.0 -38.0 4.0 -66.0 -4.0 -20.0
46.0 -38.0 -6.0 -74.0 -8.0 -20.0
46.0 -42.0 -6.0 -74.0 -8.0 -22.0
46.0 -42.0 -6.0 -64.0 -10.0 -20.0
46.0 -42.0 -2.0 -62.0 -14.0 -18.0
46.0 -44.0 -2.0 -62.0 -14.0 -18.0
46.0 -44.0 -2.0 -64.0 -6.0 -24.0
48.0 -44.0 -4.0 -64.0 -6.0 -24.0
52.0 -46.0 -6.0 -60.0 -16.0 -30.0
52.0 -46.0 -6.0 -60.0 -16.0 -30.0
52.0 -40.0 -6.0 -58.0 -16.0 -30.0
52.0 -30.0 -10.0 -62.0 -16.0 -28.0
42.0 -30.0 -18.0 -64.0 -22.0 -28.0
36.0 -42.0 -16.0 -68.0 -18.0 -32.0
16.0 -42.0 -16.0 -64.0 -24.0 -32.0
-36.0 -38.0 -16.0 -68.0 -18.0 -28.0
-50.0 -38.0 -30.0 -66.0 -16.0 -28.0
-88.0 -40.0 -30.0 -72.0 -16.0 -24.0
-100.0 -40.0 -30.0 -76.0 -18.0 -24.0
-100.0 -36.0 -32.0 -80.0 -18.0 -20.0
-100.0 -36.0 -34.0 -76.0 -18.0 -18.0
-100.0 -32.0 -34.0 -66.0 -18.0 -18.0
-100.0 -32.0 -34.0 -58.0 -18.0 -14.0
-100.0 -32.0 -32.0 -50.0 -6.0 -10.0
-100.0 -32.0 -30.0 -46.0 -6.0 -14.0
-92.0 -28.0 -18.0 -28.0 -12.0 -10.0
-82.0 -18.0 -16.0 -20.0 -12.0 -10.0
-70.0 -18.0 -10.0 -20.0 -12.0 -8.0
-58.0 -18.0 -10.0 -20.0 -12.0 -8.0
-54.0 -10.0 -10.0 0.0 -12.0 -4.0
-50.0 -10.0 -12.0 -4.0 -10.0 -4.0
-46.0 -8.0 -12.0 0.0 -8.0 -4.0
-36.0 -8.0 -12.0 -2.0 -2.0 -4.0
-12.0 -8.0 -8.0 8.0 -4.0 -6.0
-10.0 -8.0 -12.0 -2.0 -4.0 0.0
2.0 -18.0 -8.0 4.0 -6.0 0.0
6.0 -18.0 0.0 4.0 -6.0 0.0
6.0 -14.0 0.0 10.0 -4.0 0.0
8.0 -12.0 0.0 12.0 -4.0 4.0
8.0 -8.0 -8.0 12.0 -6.0 4.0
8.0 -8.0 -8.0 14.0 -6.0 0.0
8.0 -6.0 -8.0 14.0 -6.0 0.0
8.0 -6.0 -8.0 12.0 2.0 0.0
18.0 -6.0 -6.0 12.0 -2.0 -4.0
18.0 -4.0 -6.0 16.0 -2.0 -4.0
16.0 -10.0 -10.0 16.0 -4.0 -2.0
14.0 -8.0 -10.0 16.0 -6.0 0.0
14.0 -10.0 -10.0 12.0 -6.0 0.0
2.0 -8.0 -22.0 18.0 -6.0 0.0
8.0 -4.0 -22.0 14.0 -6.0 6.0
6.0 -2.0 -12.0 16.0 -2.0 4.0
8.0 -4.0 -12.0 16.0 -2.0 4.0
10.0 2.0 -12.0 16.0 2.0 2.0
10.0 -6.0 -6.0 14.0 -4.0 -2.0
10.0 -2.0 -6.0 10.0 -2.0 2.0
14.0 -6.0 -4.0 10.0 -2.0 0.0
14.0 -6.0 -10.0 10.0 -2.0 0.0
12.0 -6.0 -4.0 18.0 -2.0 -6.0
12.0 -6.0 -16.0 18.0 -4.0 -6.0
12.0 -6.0 -16.0 18.0 -6.0 -8.0
16.0 -6.0 -16.0 20.0 -6.0 2.0
12.0 -12.0 -14.0 20.0 -4.0 -6.0
6.0 -12.0 -8.0 20.0 -4.0 -6.0
6.0 -14.0 -8.0 20.0 -4.0 -8.0
16.0 -8.0 -8.0 20.0 -8.0 -8.0
18.0 -10.0 -12.0 18.0 -8.0 -4.0
16.0 -10.0 -12.0 18.0 -8.0 -2.0
14.0 -10.0 -16.0 18.0 -6.0 0.0
10.0 -10.0 -10.0 16.0 -4.0 4.0
10.0 -4.0 -18.0 14.0 -4.0 0.0
10.0 -12.0 -4.0 14.0 -4.0 6.0
12.0 -4.0 -6.0 6.0 -4.0 6.0
16.0 -12.0 -6.0 6.0 -4.0 6.0
16.0 -8.0 -12.0 6.0 -4.0 2.0
14.0 -8.0 -12.0 10.0 -4.0 2.0
14.0 -4.0 -12.0 16.0 -4.0 2.0
14.0 -4.0 -2.0 16.0 -4.0 4.0
12.0 -10.0 -8.0 10.0 -6.0 0.0
14.0 -10.0 -2.0 10.0 -4.0 0.0
14.0 -6.0 -8.0 14.0 -6.0 0.0
14.0 -6.0 -6.0 14.0 -6.0 -4.0
12.0 -6.0 -6.0 10.0 -8.0 0.0
12.0 -14.0 -6.0 8.0 -8.0 0.0
12.0 -6.0 -6.0 10.0 4.0 8.0
16.0 -10.0 -12.0 12.0 4.0 2.0
4.0 -6.0 -12.0 12.0 -6.0 6.0
10.0 -10.0 -6.0 8.0 -6.0 2.0
10.0 -12.0 0.0 2.0 -6.0 4.0
10.0 -12.0 -6.0 2.0 -6.0 4.0
10.0 -12.0 -2.0 0.0 -6.0 4.0
6.0 -10.0 -8.0 4.0 -6.0 2.0
10.0 -12.0 -8.0 10.0 -4.0 2.0
10.0 -10.0 -8.0 10.0 -4.0 0.0
10.0 -8.0 -12.0 10.0 -4.0 0.0
14.0 -8.0 -8.0 8.0 -4.0 0.0
12.0 -2.0 -6.0 8.0 -4.0 0.0
12.0 -6.0 -6.0 8.0 -4.0 -4.0
10.0 -4.0 4.0 8.0 -6.0 -4.0
10.0 -4.0 4.0 8.0 -8.0 0.0
10.0 -4.0 -4.0 8.0 -8.0 0.0
16.0 -4.0 -6.0 8.0 -6.0 0.0
12.0 -8.0 -6.0 8.0 -6.0 -2.0
14.0 -8.0 -6.0 8.0 -4.0 -2.0
14.0 -8.0 -6.0 8.0 -4.0 2.0
14.0 -8.0 -6.0 4.0 -4.0 2.0
18.0 -8.0 -10.0 0.0 -8.0 2.0
16.0 -6.0 -10.0 0.0 -8.0 2.0
16.0 -4.0 -14.0 2.0 -8.0 2.0
12.0 -6.0 -14.0 8.0 -4.0 4.0
12.0 -8.0 -14.0 6.0 -6.0 4.0
12.0 -10.0 -2.0 6.0 -4.0 4.0
12.0 -8.0 -2.0 6.0 -4.0 0.0
14.0 -10.0 -2.0 2.0 -4.0 -2.0
18.0 -10.0 -2.0 2.0 -4.0 -2.0
18.0 -12.0 0.0 2.0 -8.0 -2.0
14.0 -10.0 0.0 2.0 -8.0 0.0
10.0 -4.0 0.0 8.0 -4.0 0.0
10.0 -4.0 -4.0 2.0 -4.0 0.0
10.0 -4.0 -8.0 4.0 -4.0 2.0
10.0 -4.0 -8.0 4.0 -4.0 2.0
14.0 -12.0 -8.0 4.0 -8.0 2.0
4.0 -12.0 -2.0 4.0 -2.0 2.0
14.0 -6.0 -2.0 0.0 -8.0 2.0
