# Target: wrist_up
# Dominant_Vision: Open Hand
2.0 0.0 0.0 0.0 -2.0 -2.0
2.0 0.0 2.0 0.0 -2.0 -2.0
2.0 2.0 6.0 4.0 -8.0 -6.0
2.0 2.0 6.0 4.0 -8.0 -6.0
-2.0 -2.0 6.0 4.0 -8.0 -8.0
-2.0 -2.0 4.0 4.0 -6.0 -6.0
0.0 -2.0 -2.0 4.0 -4.0 -8.0
4.0 -2.0 -2.0 0.0 -6.0 -8.0
4.0 -2.0 2.0 0.0 -6.0 -10.0
4.0 -4.0 4.0 0.0 -6.0 -10.0
-2.0 -8.0 8.0 2.0 -6.0 -8.0
0.0 -8.0 12.0 2.0 -6.0 -6.0
0.0 -6.0 12.0 2.0 -12.0 -8.0
0.0 -4.0 10.0 2.0 -12.0 -8.0
0.0 -6.0 8.0 -2.0 -12.0 -12.0
4.0 -4.0 8.0 2.0 -12.0 -12.0
4.0 -2.0 8.0 2.0 -14.0 -16.0
-2.0 -2.0 2.0 4.0 -14.0 -12.0
-2.0 -2.0 2.0 4.0 -10.0 -14.0
-2.0 -2.0 2.0 4.0 -10.0 -12.0
2.0 6.0 2.0 0.0 -6.0 -2.0
4.0 6.0 0.0 0.0 -12.0 -2.0
4.0 -8.0 8.0 -4.0 -6.0 -2.0
-2.0 -8.0 -2.0 -4.0 -8.0 -2.0
-2.0 -6.0 2.0 -4.0 -8.0 -2.0
2.0 -6.0 2.0 6.0 -8.0 -4.0
2.0 -4.0 2.0 4.0 -14.0 -14.0
4.0 -14.0 2.0 6.0 -14.0 -6.0
4.0 -4.0 2.0 6.0 -14.0 -12.0
8.0 -10.0 8.0 6.0 -14.0 -6.0
28.0 0.0 8.0 4.0 -10.0 -12.0
34.0 0.0 10.0 2.0 -10.0 -6.0
62.0 2.0 10.0 4.0 -10.0 -4.0
84.0 2.0 12.0 10.0 -8.0 -4.0
84.0 -6.0 12.0 20.0 -8.0 -6.0
90.0 -6.0 12.0 22.0 -8.0 -8.0
98.0 -14.0 8.0 30.0 -8.0 -8.0
100.0 -14.0 12.0 30.0 -6.0 -8.0
100.0 -14.0 4.0 26.0 -6.0 -12.0
100.0 -10.0 16.0 20.0 -6.0 -16.0
100.0 -10.0 4.0 14.0 -8.0 -18.0
100.0 -20.0 8.0 0.0 -16.0 -22.0
100.0 -20.0 4.0 -4.0 -16.0 -22.0
100.0 -20.0 8.0 -4.0 -16.0 -24.0
100.0 -20.0 8.0 -10.0 -18.0 -26.0
100.0 -20.0 12.0 -22.0 -18.0 -26.0
100.0 -16.0 8.0 -22.0 -12.0 -30.0
100.0 -16.0 12.0 -22.0 -10.0 -26.0
100.0 -20.0 6.0 -16.0 -10.0 -28.0
100.0 -22.0 12.0 -14.0 -10.0 -24.0
100.0 -26.0 10.0 -2.0 -10.0 -24.0
100.0 -26.0 12.0 -2.0 -10.0 -20.0
100.0 -22.0 16.0 -2.0 -10.0 -20.0
92.0 -20.0 16.0 -6.0 -8.0 -20.0
74.0 -20.0 14.0 -10.0 -12.0 -20.0
58.0 -26.0 14.0 -6.0 -10.0 -26.0
54.0 -26.0 14.0 -16.0 -12.0 -30.0
50.0 -26.0 14.0 0.0 -10.0 -30.0
54.0 -20.0 12.0 0.0 -6.0 -30.0
52.0 -20.0 10.0 0.0 -4.0 -20.0
52.0 -20.0 12.0 0.0 -6.0 -22.0
52.0 -20.0 10.0 -2.0 -6.0 -18.0
46.0 -22.0 18.0 -2.0 -10.0 -22.0
44.0 -26.0 18.0 -2.0 -6.0 -20.0
44.0 -26.0 18.0 -6.0 -10.0 -24.0
36.0 -26.0 10.0 -6.0 -10.0 -28.0
44.0 -26.0 8.0 2.0 -10.0 -28.0
44.0 -34.0 8.0 2.0 -6.0 -28.0
50.0 -34.0 8.0 0.0 -6.0 -28.0
58.0 -30.0 14.0 -4.0 -8.0 -18.0
58.0 -24.0 14.0 -6.0 -8.0 -26.0
66.0 -30.0 14.0 -6.0 -10.0 -22.0
66.0 -24.0 12.0 -10.0 -10.0 -22.0
68.0 -24.0 12.0 -6.0 -10.0 -22.0
72.0 -22.0 12.0 -6.0 -10.0 -28.0
86.0 -24.0 0.0 -6.0 -10.0 -28.0
94.0 -24.0 0.0 -6.0 -14.0 -26.0
100.0 -30.0 -6.0 -16.0 -14.0 -24.0
100.0 -30.0 -12.0 -20.0 -14.0 -22.0
64.0 -30.0 -14.0 -28.0 -12.0 -20.0
-4.0 -30.0 -16.0 -30.0 -12.0 -20.0
-16.0 -30.0 -20.0 -30.0 -6.0 -20.0
-60.0 -30.0 -20.0 -28.0 -18.0 -20.0
-60.0 -30.0 -20.0 -24.0 -10.0 -20.0
-60.0 -30.0 -22.0 -28.0 -18.0 -22.0
-56.0 -22.0 -22.0 -28.0 -12.0 -22.0
-60.0 -22.0 -22.0 -32.0 -16.0 -20.0
-56.0 -22.0 -22.0 -28.0 -12.0 -20.0
-62.0 -24.0 -22.0 -30.0 -12.0 -20.0
-54.0 -22.0 -12.0 -18.0 -10.0 -20.0
-54.0 -16.0 -10.0 -12.0 -10.0 -12.0
-44.0 -12.0 -10.0 -8.0 -10.0 -12.0
-42.0 -14.0 -10.0 -8.0 -4.0 -12.0
-42.0 -14.0 -8.0 -2.0 -12.0 -18.0
-40.0 -14.0 -6.0 4.0 -8.0 -12.0
-40.0 -14.0 -8.0 10.0 -8.0 -12.0
-22.0 -14.0 -10.0 10.0 -4.0 -8.0
-20.0 -10.0 -10.0 10.0 -4.0 -8.0
-12.0 -8.0 -6.0 12.0 -4.0 -6.0
-12.0 -8.0 -2.0 10.0 -8.0 -6.0
-10.0 -8.0 0.0 10.0 -8.0 -4.0
-12.0 -8.0 4.0 8.0 -4.0 -4.0
-4.0 -8.0 4.0 8.0 -4.0 -6.0
-4.0 -6.0 -2.0 14.0 -6.0 -6.0
-2.0 -6.0 -2.0 14.0 -6.0 -6.0
8.0 -6.0 -2.0 14.0 -6.0 -6.0
8.0 -4.0 -2.0 14.0 -6.0 -6.0
8.0 0.0 -8.0 14.0 -6.0 -4.0
8.0 0.0 -2.0 18.0 -8.0 -4.0
6.0 -4.0 -12.0 14.0 -8.0 -8.0
10.0 -6.0 -8.0 14.0 -8.0 -10.0
12.0 -4.0 -8.0 14.0 -8.0 -10.0
12.0 -2.0 -8.0 14.0 -10.0 -8.0
12.0 -2.0 -4.0 14.0 -6.0 -8.0
12.0 -4.0 -6.0 12.0 -6.0 -8.0
18.0 -4.0 -6.0 12.0 -2.0 -8.0
18.0 -12.0 -6.0 8.0 0.0 -8.0
12.0 -6.0 -6.0 8.0 0.0 -12.0
12.0 -6.0 -2.0 8.0 -6.0 -12.0
12.0 -6.0 -2.0 12.0 -6.0 -12.0
8.0 -6.0 4.0 12.0 -10.0 -8.0
10.0 -8.0 4.0 10.0 -4.0 -8.0
10.0 -8.0 4.0 10.0 -6.0 -8.0
18.0 -8.0 -4.0 16.0 -6.0 -8.0
20.0 -6.0 10.0 20.0 -10.0 -6.0
26.0 -4.0 2.0 22.0 -10.0 -6.0
28.0 -6.0 2.0 24.0 -12.0 -6.0
42.0 -8.0 0.0 24.0 -16.0 -6.0
42.0 -18.0 0.0 24.0 -16.0 -6.0
38.0 -18.0 2.0 26.0 -8.0 -8.0
38.0 -10.0 2.0 26.0 -8.0 -8.0
42.0 -6.0 0.0 22.0 -8.0 -12.0
42.0 -6.0 -8.0 22.0 -8.0 -10.0
38.0 -6.0 -8.0 22.0 -6.0 -10.0
38.0 -6.0 -6.0 22.0 -6.0 -10.0
34.0 -8.0 -4.0 16.0 -6.0 -10.0
40.0 -8.0 6.0 12.0 -4.0 -10.0
40.0 -8.0 6.0 12.0 -6.0 -10.0
40.0 -6.0 4.0 16.0 -6.0 -12.0
42.0 -6.0 -2.0 18.0 -6.0 -12.0
42.0 0.0 4.0 20.0 -6.0 -8.0
42.0 -10.0 -2.0 24.0 -4.0 -4.0
40.0 -10.0 2.0 24.0 -4.0 -4.0
40.0 -10.0 2.0 24.0 -10.0 -6.0
36.0 -8.0 4.0 22.0 -10.0 -6.0
36.0 -8.0 4.0 22.0 -4.0 -6.0
44.0 -8.0 4.0 22.0 6.0 -6.0
48.0 -8.0 2.0 18.0 6.0 -6.0
48.0 -8.0 2.0 24.0 -2.0 -8.0
62.0 -8.0 8.0 26.0 -2.0 -8.0
64.0 -8.0 10.0 26.0 -2.0 -8.0
68.0 -8.0 10.0 30.0 -2.0 -8.0
76.0 -8.0 2.0 32.0 -2.0 -2.0
86.0 -6.0 2.0 34.0 -2.0 -6.0
88.0 -10.0 2.0 34.0 -2.0 -6.0
92.0 -10.0 6.0 26.0 0.0 -12.0
94.0 -10.0 4.0 26.0 4.0 -12.0
94.0 -10.0 4.0 32.0 0.0 -12.0
92.0 -8.0 2.0 34.0 -2.0 -12.0
88.0 -8.0 0.0 32.0 -2.0 -12.0
84.0 -8.0 0.0 28.0 -2.0 -4.0
88.0 -12.0 2.0 28.0 -2.0 -4.0
92.0 -12.0 6.0 34.0 -2.0 -6.0
92.0 -12.0 8.0 34.0 -2.0 -10.0
92.0 -14.0 6.0 30.0 -4.0 -10.0
86.0 -14.0 8.0 30.0 -6.0 -16.0
86.0 -12.0 0.0 34.0 -6.0 -16.0
82.0 -10.0 2.0 36.0 -6.0 -10.0
88.0 -10.0 2.0 34.0 4.0 -10.0
88.0 -16.0 2.0 34.0 4.0 -10.0
88.0 -16.0 8.0 34.0 -6.0 -10.0
90.0 -16.0 4.0 34.0 -6.0 -10.0
88.0 -8.0 10.0 36.0 2.0 -12.0
88.0 -16.0 4.0 36.0 2.0 -12.0
88.0 -14.0 10.0 36.0 2.0 -2.0
82.0 -14.0 2.0 34.0 0.0 -2.0
84.0 -12.0 4.0 36.0 0.0 -4.0
82.0 -6.0 4.0 36.0 0.0 -8.0
82.0 -6.0 4.0 36.0 0.0 -16.0
82.0 -6.0 2.0 38.0 0.0 -8.0
86.0 -4.0 2.0 28.0 -10.0 -12.0
86.0 -4.0 2.0 32.0 -4.0 -8.0
80.0 -10.0 2.0 30.0 -10.0 -12.0
80.0 -12.0 4.0 30.0 -6.0 -8.0
84.0 -16.0 4.0 26.0 -6.0 -12.0
84.0 -16.0 8.0 26.0 -4.0 -12.0
84.0 -12.0 8.0 36.0 -4.0 -12.0
84.0 -12.0 8.0 36.0 -8.0 -12.0
82.0 -10.0 8.0 40.0 -8.0 -16.0
82.0 -10.0 8.0 40.0 -10.0 -14.0
82.0 -10.0 4.0 40.0 -4.0 -14.0
82.0 0.0 4.0 38.0 -2.0 -12.0
80.0 -6.0 0.0 32.0 -2.0 -10.0
80.0 -4.0 6.0 32.0 0.0 -12.0
76.0 -4.0 0.0 34.0 -6.0 -12.0
82.0 -4.0 2.0 36.0 -4.0 -14.0
82.0 -6.0 2.0 48.0 -4.0 -12.0
86.0 -6.0 2.0 48.0 0.0 -12.0
86.0 -8.0 0.0 58.0 0.0 -10.0
86.0 -10.0 0.0 58.0 -2.0 -12.0
86.0 -10.0 0.0 64.0 -2.0 -10.0
86.0 -2.0 -6.0 64.0 -2.0 -10.0
84.0 -2.0 4.0 68.0 2.0 -6.0
88.0 -8.0 8.0 70.0 4.0 -2.0
92.0 -8.0 8.0 70.0 2.0 -2.0
94.0 -8.0 6.0 68.0 2.0 -8.0
94.0 -6.0 6.0 62.0 0.0 -10.0
94.0 -10.0 8.0 62.0 -2.0 -10.0
92.0 -10.0 12.0 62.0 -2.0 -10.0
94.0 -10.0 10.0 64.0 -2.0 -6.0
92.0 -8.0 10.0 74.0 -2.0 -6.0
96.0 -6.0 10.0 64.0 0.0 -6.0
94.0 -8.0 6.0 66.0 2.0 -6.0
94.0 -6.0 2.0 66.0 0.0 -12.0
84.0 -4.0 6.0 66.0 4.0 -12.0
84.0 -4.0 2.0 62.0 4.0 -12.0
90.0 -6.0 6.0 60.0 4.0 -8.0
94.0 -6.0 14.0 58.0 4.0 -6.0
94.0 -6.0 14.0 60.0 4.0 -4.0
92.0 -2.0 10.0 58.0 4.0 -4.0
92.0 -2.0 10.0 64.0 -8.0 -8.0
92.0 -2.0 10.0 60.0 -8.0 -8.0
88.0 -6.0 8.0 62.0 0.0 -12.0
86.0 -6.0 8.0 60.0 0.0 -12.0
88.0 -4.0 4.0 60.0 -4.0 -10.0
88.0 -4.0 4.0 60.0 -4.0 -6.0
92.0 -2.0 10.0 60.0 -2.0 -10.0
