# Target: wrist_up
# Dominant_Vision: Open Hand
0.0 0.0 4.0 6.0 0.0 -6.0
0.0 0.0 8.0 8.0 0.0 -10.0
2.0 0.0 12.0 8.0 -8.0 -10.0
-4.0 0.0 8.0 8.0 -10.0 -4.0
2.0 4.0 8.0 10.0 -10.0 -4.0
2.0 4.0 6.0 10.0 -2.0 -4.0
2.0 4.0 6.0 12.0 -2.0 -4.0
-2.0 4.0 6.0 12.0 -2.0 -4.0
-2.0 2.0 6.0 14.0 -6.0 -8.0
0.0 2.0 16.0 10.0 -6.0 -10.0
0.0 2.0 8.0 14.0 -6.0 -12.0
-2.0 2.0 10.0 2.0 -4.0 -12.0
-2.0 2.0 10.0 14.0 -2.0 -12.0
0.0 2.0 10.0 2.0 -4.0 -4.0
0.0 -2.0 10.0 12.0 -4.0 -14.0
0.0 -2.0 10.0 8.0 -4.0 -8.0
0.0 4.0 10.0 12.0 0.0 -8.0
0.0 4.0 14.0 8.0 0.0 0.0
2.0 -2.0 14.0 16.0 -8.0 0.0
0.0 -4.0 12.0 14.0 -8.0 0.0
0.0 -2.0 10.0 14.0 -4.0 -4.0
0.0 2.0 12.0 14.0 -4.0 -4.0
0.0 2.0 16.0 14.0 -4.0 -6.0
4.0 -2.0 16.0 14.0 -6.0 -6.0
8.0 -2.0 16.0 14.0 -4.0 -2.0
4.0 -2.0 16.0 16.0 -4.0 0.0
8.0 6.0 20.0 18.0 -2.0 0.0
12.0 6.0 16.0 20.0 0.0 -8.0
12.0 6.0 20.0 26.0 0.0 -12.0
-46.0 4.0 20.0 26.0 -4.0 -10.0
-54.0 4.0 20.0 18.0 -6.0 -10.0
-78.0 6.0 14.0 18.0 -4.0 -10.0
-86.0 6.0 10.0 6.0 -8.0 -12.0
-86.0 6.0 8.0 2.0 -6.0 -12.0
-100.0 2.0 6.0 -4.0 -8.0 -12.0
-100.0 -4.0 4.0 -6.0 -18.0 -18.0
-100.0 -4.0 -4.0 -12.0 -18.0 -20.0
-100.0 -6.0 -6.0 -30.0 -22.0 -20.0
-88.0 -6.0 -6.0 -40.0 -24.0 -20.0
-30.0 -10.0 -6.0 -46.0 -24.0 -20.0
42.0 -16.0 6.0 -50.0 -20.0 -20.0
62.0 -24.0 16.0 -54.0 -12.0 -20.0
70.0 -26.0 16.0 -50.0 -10.0 -28.0
88.0 -26.0 10.0 -50.0 -12.0 -28.0
100.0 -24.0 10.0 -50.0 -12.0 -28.0
100.0 -24.0 8.0 -44.0 -14.0 -28.0
100.0 -26.0 6.0 -42.0 -14.0 -24.0
96.0 -26.0 6.0 -40.0 -8.0 -22.0
96.0 -26.0 14.0 -36.0 -8.0 -22.0
92.0 -24.0 14.0 -40.0 -10.0 -28.0
90.0 -24.0 16.0 -40.0 -10.0 -30.0
66.0 -22.0 16.0 -46.0 -14.0 -32.0
62.0 -24.0 16.0 -46.0 -14.0 -30.0
62.0 -24.0 20.0 -50.0 -8.0 -30.0
60.0 -26.0 20.0 -52.0 -4.0 -30.0
60.0 -26.0 16.0 -52.0 -4.0 -30.0
52.0 -26.0 16.0 -44.0 -6.0 -36.0
52.0 -24.0 16.0 -44.0 -8.0 -36.0
54.0 -22.0 14.0 -44.0 -8.0 -34.0
60.0 -22.0 16.0 -44.0 -12.0 -26.0
62.0 -26.0 14.0 -44.0 -6.0 -26.0
74.0 -36.0 14.0 -42.0 -12.0 -26.0
76.0 -36.0 8.0 -44.0 -18.0 -26.0
82.0 -28.0 8.0 -42.0 -18.0 -28.0
82.0 -28.0 6.0 -44.0 -18.0 -32.0
12.0 -20.0 -4.0 -46.0 -20.0 -32.0
-2.0 -28.0 -8.0 -48.0 -22.0 -32.0
-26.0 -24.0 -8.0 -48.0 -26.0 -28.0
-38.0 -28.0 -6.0 -52.0 -26.0 -28.0
-52.0 -24.0 -6.0 -50.0 -20.0 -28.0
-76.0 -22.0 -12.0 -50.0 -20.0 -28.0
-94.0 -22.0 -22.0 -50.0 -18.0 -30.0
-100.0 -24.0 -22.0 -54.0 -18.0 -30.0
-100.0 -28.0 -20.0 -56.0 -18.0 -30.0
-100.0 -30.0 -20.0 -54.0 -22.0 -28.0
-100.0 -30.0 -22.0 -46.0 -22.0 -22.0
-100.0 -30.0 -22.0 -38.0 -18.0 -22.0
-100.0 -18.0 -4.0 -30.0 -16.0 -20.0
-98.0 -16.0 -4.0 -30.0 -16.0 -20.0
-98.0 -12.0 -4.0 -26.0 -16.0 -18.0
-94.0 -12.0 -2.0 -32.0 -16.0 -16.0
-90.0 -12.0 -2.0 -20.0 -8.0 -12.0
-74.0 -8.0 -2.0 -16.0 -8.0 -12.0
-44.0 -8.0 6.0 -16.0 -10.0 -10.0
-40.0 -10.0 -2.0 -2.0 -10.0 -6.0
-26.0 -10.0 -2.0 -2.0 -8.0 -2.0
-6.0 -2.0 -2.0 -2.0 -4.0 2.0
2.0 2.0 8.0 0.0 -4.0 -2.0
-6.0 2.0 8.0 0.0 -2.0 -2.0
-4.0 2.0 10.0 0.0 -2.0 -6.0
-4.0 2.0 10.0 6.0 0.0 -8.0
-4.0 2.0 10.0 8.0 -6.0 -6.0
-2.0 2.0 4.0 6.0 2.0 -8.0
0.0 -2.0 4.0 12.0 -2.0 -8.0
2.0 -2.0 -6.0 4.0 -2.0 -8.0
4.0 6.0 -6.0 12.0 -10.0 -8.0
4.0 6.0 -6.0 14.0 -10.0 -10.0
10.0 2.0 12.0 14.0 -8.0 0.0
14.0 2.0 12.0 10.0 -8.0 0.0
20.0 2.0 8.0 10.0 -4.0 0.0
20.0 2.0 8.0 14.0 0.0 0.0
20.0 2.0 2.0 24.0 2.0 -8.0
16.0 6.0 2.0 24.0 2.0 -8.0
16.0 0.0 2.0 26.0 -8.0 -8.0
16.0 2.0 8.0 26.0 -8.0 -8.0
20.0 0.0 8.0 28.0 -10.0 -8.0
20.0 -4.0 8.0 26.0 -6.0 -8.0
20.0 -4.0 10.0 22.0 0.0 -8.0
14.0 2.0 10.0 22.0 0.0 -6.0
14.0 8.0 10.0 18.0 0.0 -6.0
14.0 8.0 10.0 18.0 -2.0 -6.0
22.0 2.0 10.0 24.0 -6.0 -4.0
14.0 0.0 10.0 24.0 -6.0 -4.0
14.0 2.0 10.0 22.0 -10.0 -4.0
14.0 -4.0 10.0 18.0 -4.0 -2.0
14.0 -4.0 2.0 18.0 -4.0 0.0
14.0 -4.0 2.0 -2.0 0.0 0.0
14.0 0.0 6.0 16.0 0.0 -6.0
10.0 2.0 6.0 16.0 -6.0 -8.0
10.0 6.0 6.0 26.0 -6.0 -12.0
10.0 6.0 8.0 26.0 -6.0 -12.0
14.0 8.0 8.0 22.0 -6.0 -6.0
14.0 2.0 6.0 18.0 -8.0 -6.0
14.0 6.0 6.0 18.0 -8.0 -6.0
12.0 -2.0 4.0 16.0 -8.0 -6.0
14.0 2.0 8.0 22.0 -10.0 -6.0
14.0 -2.0 8.0 16.0 -8.0 0.0
14.0 0.0 8.0 22.0 -10.0 -6.0
12.0 0.0 12.0 24.0 -6.0 -4.0
10.0 4.0 12.0 24.0 -10.0 -8.0
10.0 4.0 2.0 16.0 -4.0 -6.0
10.0 2.0 2.0 16.0 -4.0 -6.0
8.0 -2.0 8.0 16.0 -4.0 -6.0
10.0 -2.0 8.0 22.0 -4.0 -4.0
12.0 -6.0 10.0 22.0 -6.0 -6.0
12.0 -6.0 8.0 16.0 -10.0 -6.0
10.0 -4.0 2.0 12.0 -10.0 -12.0
10.0 0.0 2.0 16.0 4.0 -10.0
10.0 0.0 10.0 16.0 4.0 -10.0
10.0 0.0 10.0 16.0 -4.0 -8.0
8.0 0.0 8.0 6.0 -4.0 -8.0
8.0 -2.0 6.0 6.0 -6.0 -8.0
8.0 -4.0 8.0 10.0 -10.0 -8.0
8.0 -2.0 4.0 10.0 -10.0 -8.0
8.0 0.0 8.0 14.0 -10.0 -6.0
8.0 2.0 8.0 6.0 -2.0 -6.0
8.0 0.0 8.0 10.0 -2.0 -6.0
10.0 -6.0 8.0 10.0 -2.0 -8.0
10.0 -6.0 12.0 10.0 -2.0 -14.0
10.0 -2.0 14.0 14.0 -6.0 -16.0
10.0 -2.0 12.0 24.0 -6.0 -14.0
10.0 -2.0 10.0 24.0 -6.0 -8.0
8.0 2.0 10.0 16.0 -6.0 -6.0
8.0 2.0 10.0 14.0 -6.0 -4.0
10.0 2.0 8.0 14.0 -6.0 -4.0
14.0 2.0 2.0 14.0 0.0 -4.0
14.0 -4.0 8.0 6.0 0.0 -8.0
12.0 -4.0 10.0 10.0 -4.0 -6.0
8.0 -8.0 10.0 10.0 -4.0 -8.0
10.0 -4.0 10.0 10.0 -4.0 -8.0
8.0 -4.0 2.0 4.0 -8.0 -8.0
10.0 -4.0 2.0 4.0 2.0 -6.0
8.0 -8.0 2.0 4.0 -12.0 -6.0
8.0 -8.0 6.0 6.0 -2.0 -4.0
8.0 -4.0 6.0 4.0 -12.0 -6.0
18.0 -2.0 8.0 8.0 -10.0 -6.0
18.0 -2.0 4.0 12.0 -12.0 -8.0
12.0 -2.0 4.0 12.0 -10.0 -6.0
12.0 -4.0 4.0 16.0 -6.0 0.0
12.0 -4.0 10.0 12.0 -6.0 0.0
12.0 -2.0 12.0 12.0 -4.0 -2.0
10.0 -2.0 12.0 12.0 -4.0 -10.0
8.0 -2.0 12.0 12.0 0.0 -8.0
8.0 -4.0 4.0 6.0 -2.0 -8.0
10.0 2.0 4.0 6.0 -2.0 -8.0
10.0 -2.0 16.0 14.0 -2.0 -10.0
10.0 -2.0 16.0 14.0 -4.0 -12.0
10.0 -2.0 6.0 6.0 -4.0 -12.0
10.0 -2.0 4.0 2.0 -6.0 -8.0
12.0 -2.0 2.0 0.0 -6.0 -8.0
12.0 4.0 2.0 2.0 -4.0 -10.0
10.0 2.0 10.0 4.0 -2.0 -14.0
10.0 2.0 14.0 10.0 -2.0 -14.0
16.0 2.0 14.0 10.0 -6.0 -8.0
16.0 -4.0 14.0 8.0 -12.0 -8.0
8.0 -4.0 12.0 8.0 -12.0 -8.0
8.0 -4.0 8.0 8.0 -8.0 -8.0
8.0 -4.0 6.0 8.0 -8.0 -4.0
12.0 2.0 8.0 10.0 -8.0 -4.0
12.0 -2.0 6.0 14.0 -8.0 -8.0
12.0 -2.0 8.0 10.0 -6.0 -8.0
8.0 -2.0 14.0 14.0 -8.0 -8.0
8.0 -2.0 14.0 8.0 -6.0 -4.0
10.0 -6.0 14.0 8.0 -6.0 -4.0
10.0 -6.0 14.0 8.0 -6.0 -8.0
8.0 -6.0 8.0 10.0 -6.0 -8.0
8.0 -6.0 6.0 10.0 -2.0 -6.0
12.0 -10.0 4.0 10.0 -2.0 -6.0
12.0 -10.0 4.0 10.0 -8.0 -2.0
8.0 0.0 12.0 10.0 -8.0 -8.0
8.0 0.0 12.0 8.0 -8.0 -6.0
8.0 0.0 10.0 6.0 -4.0 -8.0
12.0 -6.0 10.0 4.0 -8.0 -8.0
12.0 0.0 10.0 2.0 -8.0 -10.0
10.0 -6.0 8.0 2.0 -10.0 -8.0
10.0 -10.0 8.0 2.0 -10.0 -8.0
10.0 -10.0 8.0 4.0 -6.0 -6.0
10.0 -2.0 8.0 2.0 -2.0 -6.0
10.0 -2.0 10.0 0.0 -2.0 -6.0
14.0 -2.0 10.0 0.0 -6.0 0.0
16.0 -2.0 8.0 0.0 -10.0 -8.0
14.0 0.0 8.0 4.0 -10.0 -4.0
12.0 0.0 14.0 6.0 -10.0 -6.0
12.0 -2.0 14.0 6.0 -4.0 -4.0
10.0 -2.0 8.0 6.0 -4.0 -4.0
12.0 0.0 8.0 8.0 -4.0 0.0
12.0 0.0 8.0 4.0 0.0 -2.0
12.0 -4.0 18.0 6.0 0.0 -2.0
12.0 -4.0 18.0 6.0 -8.0 -6.0
6.0 6.0 18.0 6.0 -8.0 -6.0
14.0 6.0 12.0 8.0 -8.0 -6.0
12.0 -12.0 4.0 8.0 -8.0 -12.0
12.0 -12.0 12.0 8.0 -6.0 -12.0
8.0 -14.0 18.0 10.0 -6.0 -6.0
8.0 -6.0 18.0 8.0 -8.0 -6.0
8.0 -4.0 14.0 10.0 -10.0 -6.0
10.0 -4.0 12.0 10.0 -8.0 -6.0
10.0 -4.0 12.0 10.0 -4.0 -6.0
12.0 -4.0 10.0 10.0 -4.0 -10.0
8.0 0.0 10.0 10.0 -8.0 -10.0
12.0 -4.0 12.0 10.0 -8.0 -10.0
16.0 -2.0 12.0 10.0 -6.0 -12.0
16.0 -2.0 8.0 10.0 0.0 -8.0
12.0 2.0 2.0 8.0 -6.0 -8.0
12.0 2.0 2.0 8.0 -14.0 -6.0
12.0 -6.0 2.0 8.0 -14.0 -8.0
16.0 -6.0 8.0 8.0 -8.0 -8.0
