# Target: wrist_up
# Dominant_Vision: Open Hand
6.0 0.0 0.0 6.0 0.0 4.0
0.0 -2.0 0.0 6.0 0.0 4.0
6.0 -2.0 0.0 6.0 2.0 4.0
6.0 -2.0 0.0 6.0 2.0 8.0
8.0 -4.0 -6.0 4.0 6.0 8.0
8.0 -4.0 -6.0 6.0 -2.0 4.0
4.0 0.0 -6.0 0.0 -2.0 4.0
-2.0 0.0 -4.0 4.0 -2.0 4.0
-2.0 0.0 -4.0 -2.0 2.0 2.0
8.0 -6.0 2.0 2.0 2.0 2.0
14.0 -8.0 6.0 2.0 -6.0 0.0
8.0 -8.0 2.0 2.0 -6.0 -4.0
14.0 -4.0 2.0 2.0 2.0 -4.0
6.0 -4.0 -2.0 2.0 2.0 2.0
2.0 0.0 -2.0 2.0 2.0 4.0
0.0 -2.0 -2.0 2.0 -2.0 4.0
-2.0 -2.0 0.0 -2.0 -2.0 4.0
-2.0 -6.0 0.0 -4.0 6.0 -6.0
0.0 -6.0 -2.0 -4.0 6.0 6.0
0.0 -4.0 -4.0 -4.0 4.0 8.0
2.0 -4.0 -4.0 0.0 0.0 8.0
10.0 -2.0 -4.0 6.0 -2.0 0.0
10.0 -4.0 2.0 4.0 0.0 0.0
10.0 -4.0 8.0 4.0 0.0 -2.0
-4.0 -4.0 8.0 0.0 6.0 4.0
-4.0 -2.0 2.0 0.0 6.0 0.0
-4.0 4.0 0.0 6.0 4.0 8.0
-6.0 2.0 2.0 8.0 0.0 4.0
-8.0 2.0 0.0 8.0 0.0 8.0
-18.0 2.0 4.0 6.0 0.0 4.0
-20.0 2.0 0.0 6.0 0.0 2.0
-32.0 2.0 2.0 2.0 -2.0 0.0
-44.0 2.0 0.0 -2.0 -2.0 0.0
-64.0 -2.0 -6.0 -2.0 -2.0 0.0
-86.0 -2.0 -6.0 -2.0 -4.0 0.0
-92.0 -2.0 -6.0 -12.0 -4.0 -2.0
-100.0 -4.0 -10.0 -16.0 -8.0 -6.0
-100.0 -4.0 -12.0 -22.0 -8.0 -6.0
-100.0 -4.0 -20.0 -32.0 -12.0 -8.0
-100.0 -4.0 -26.0 -50.0 -12.0 -14.0
-62.0 -10.0 -28.0 -54.0 -12.0 -16.0
-30.0 -10.0 -28.0 -54.0 -12.0 -16.0
40.0 -18.0 -4.0 -52.0 -6.0 -16.0
68.0 -22.0 -4.0 -52.0 -6.0 -20.0
100.0 -36.0 -2.0 -46.0 -2.0 -18.0
100.0 -36.0 4.0 -42.0 -4.0 -18.0
100.0 -36.0 6.0 -42.0 -2.0 -18.0
100.0 -30.0 8.0 -40.0 4.0 -10.0
100.0 -36.0 8.0 -30.0 8.0 -10.0
100.0 -30.0 6.0 -30.0 4.0 -10.0
100.0 -34.0 2.0 -32.0 8.0 -20.0
100.0 -32.0 4.0 -34.0 10.0 -20.0
100.0 -34.0 4.0 -36.0 10.0 -18.0
100.0 -34.0 4.0 -36.0 4.0 -18.0
100.0 -34.0 8.0 -42.0 0.0 -18.0
100.0 -36.0 8.0 -34.0 0.0 -22.0
100.0 -28.0 14.0 -40.0 0.0 -18.0
100.0 -30.0 14.0 -34.0 0.0 -22.0
100.0 -30.0 2.0 -38.0 0.0 -14.0
100.0 -38.0 2.0 -34.0 0.0 -18.0
100.0 -38.0 -2.0 -38.0 0.0 -16.0
100.0 -42.0 8.0 -32.0 2.0 -18.0
100.0 -42.0 2.0 -32.0 4.0 -22.0
100.0 -32.0 2.0 -32.0 2.0 -22.0
100.0 -32.0 2.0 -40.0 2.0 -22.0
100.0 -32.0 2.0 -40.0 2.0 -18.0
100.0 -34.0 8.0 -40.0 0.0 -18.0
100.0 -34.0 8.0 -38.0 0.0 -26.0
100.0 -34.0 8.0 -40.0 4.0 -26.0
100.0 -38.0 14.0 -36.0 4.0 -24.0
100.0 -34.0 14.0 -36.0 4.0 -24.0
100.0 -42.0 14.0 -30.0 4.0 -20.0
100.0 -36.0 8.0 -30.0 -6.0 -20.0
100.0 -42.0 6.0 -32.0 -6.0 -14.0
100.0 -38.0 8.0 -38.0 -4.0 -14.0
100.0 -42.0 6.0 -44.0 -2.0 -22.0
100.0 -38.0 14.0 -44.0 -2.0 -26.0
96.0 -36.0 2.0 -44.0 2.0 -22.0
96.0 -36.0 2.0 -38.0 2.0 -20.0
100.0 -34.0 2.0 -34.0 2.0 -20.0
100.0 -40.0 6.0 -34.0 -2.0 -20.0
100.0 -38.0 6.0 -38.0 -2.0 -24.0
100.0 -40.0 8.0 -38.0 6.0 -22.0
100.0 -38.0 10.0 -32.0 6.0 -24.0
98.0 -42.0 12.0 -32.0 -2.0 -22.0
98.0 -38.0 12.0 -36.0 -2.0 -18.0
100.0 -40.0 10.0 -40.0 6.0 -18.0
100.0 -36.0 8.0 -40.0 6.0 -12.0
100.0 -38.0 8.0 -40.0 2.0 -18.0
100.0 -32.0 12.0 -36.0 2.0 -16.0
100.0 -36.0 12.0 -36.0 -2.0 -16.0
100.0 -34.0 8.0 -36.0 2.0 -16.0
100.0 -36.0 8.0 -36.0 2.0 -16.0
100.0 -44.0 8.0 -36.0 2.0 -18.0
100.0 -44.0 10.0 -40.0 0.0 -18.0
100.0 -38.0 10.0 -38.0 0.0 -18.0
94.0 -38.0 10.0 -44.0 -2.0 -18.0
94.0 -42.0 10.0 -44.0 -2.0 -22.0
90.0 -42.0 14.0 -46.0 -2.0 -22.0
94.0 -42.0 14.0 -46.0 0.0 -24.0
94.0 -40.0 12.0 -40.0 0.0 -24.0
96.0 -38.0 8.0 -36.0 0.0 -18.0
96.0 -38.0 -2.0 -40.0 0.0 -18.0
82.0 -38.0 -2.0 -36.0 4.0 -14.0
82.0 -40.0 2.0 -36.0 0.0 -16.0
82.0 -30.0 10.0 -36.0 -2.0 -16.0
80.0 -30.0 12.0 -38.0 -2.0 -20.0
86.0 -30.0 12.0 -42.0 0.0 -22.0
84.0 -42.0 12.0 -38.0 2.0 -26.0
86.0 -42.0 10.0 -36.0 2.0 -22.0
86.0 -42.0 8.0 -36.0 -4.0 -26.0
86.0 -36.0 8.0 -38.0 -4.0 -26.0
80.0 -44.0 8.0 -38.0 0.0 -26.0
80.0 -36.0 10.0 -36.0 4.0 -22.0
80.0 -34.0 10.0 -36.0 4.0 -16.0
80.0 -34.0 10.0 -38.0 -8.0 -22.0
84.0 -34.0 10.0 -38.0 -8.0 -22.0
84.0 -30.0 10.0 -38.0 -8.0 -22.0
84.0 -42.0 10.0 -38.0 0.0 -22.0
80.0 -42.0 10.0 -36.0 -6.0 -20.0
80.0 -44.0 2.0 -36.0 -2.0 -18.0
90.0 -44.0 2.0 -42.0 -6.0 -20.0
98.0 -38.0 2.0 -42.0 -2.0 -16.0
98.0 -36.0 4.0 -46.0 -4.0 -22.0
96.0 -36.0 6.0 -46.0 0.0 -22.0
96.0 -36.0 6.0 -44.0 -4.0 -22.0
96.0 -28.0 6.0 -44.0 0.0 -22.0
100.0 -28.0 -2.0 -44.0 0.0 -22.0
100.0 -32.0 -2.0 -44.0 0.0 -22.0
100.0 -32.0 6.0 -44.0 -4.0 -24.0
100.0 -34.0 6.0 -46.0 -6.0 -24.0
100.0 -32.0 2.0 -44.0 -8.0 -24.0
100.0 -38.0 0.0 -46.0 -8.0 -20.0
100.0 -36.0 -4.0 -46.0 0.0 -20.0
100.0 -36.0 0.0 -48.0 0.0 -18.0
100.0 -36.0 -2.0 -48.0 -8.0 -20.0
100.0 -36.0 -2.0 -44.0 -8.0 -16.0
100.0 -40.0 -2.0 -44.0 -8.0 -14.0
100.0 -40.0 -2.0 -48.0 -4.0 -14.0
100.0 -36.0 0.0 -48.0 -14.0 -22.0
100.0 -36.0 0.0 -46.0 -10.0 -26.0
86.0 -34.0 -12.0 -46.0 -14.0 -26.0
46.0 -36.0 -14.0 -42.0 -10.0 -26.0
32.0 -34.0 -14.0 -44.0 -4.0 -22.0
-14.0 -36.0 -14.0 -44.0 -4.0 -22.0
-24.0 -36.0 -14.0 -44.0 -6.0 -22.0
-52.0 -36.0 -30.0 -46.0 -8.0 -16.0
-62.0 -32.0 -30.0 -40.0 -6.0 -16.0
-80.0 -20.0 -26.0 -46.0 -6.0 -10.0
-80.0 -18.0 -26.0 -38.0 -6.0 -10.0
-80.0 -18.0 -26.0 -40.0 -10.0 -10.0
-78.0 -18.0 -12.0 -38.0 -10.0 -6.0
-64.0 -20.0 -12.0 -24.0 -14.0 -6.0
-64.0 -20.0 -10.0 -14.0 -8.0 -6.0
-64.0 -6.0 -10.0 -14.0 -8.0 -8.0
-62.0 -6.0 2.0 -6.0 -4.0 -8.0
-62.0 -8.0 2.0 -4.0 -4.0 -4.0
-58.0 -8.0 2.0 -4.0 2.0 6.0
-40.0 -8.0 -12.0 -4.0 2.0 6.0
-24.0 -8.0 -12.0 2.0 2.0 4.0
-12.0 -4.0 -2.0 0.0 -2.0 4.0
4.0 -4.0 2.0 10.0 -2.0 0.0
8.0 -2.0 2.0 6.0 -2.0 2.0
10.0 -6.0 2.0 6.0 -2.0 2.0
18.0 -4.0 6.0 2.0 -6.0 8.0
20.0 -4.0 8.0 2.0 -6.0 8.0
20.0 -2.0 10.0 2.0 2.0 6.0
20.0 0.0 10.0 6.0 6.0 2.0
18.0 0.0 -2.0 6.0 6.0 2.0
20.0 0.0 -2.0 12.0 6.0 8.0
18.0 -6.0 -6.0 20.0 8.0 8.0
20.0 -6.0 -6.0 20.0 6.0 8.0
20.0 0.0 -6.0 20.0 0.0 8.0
22.0 0.0 -2.0 16.0 0.0 4.0
22.0 -2.0 4.0 14.0 2.0 2.0
22.0 -2.0 4.0 10.0 2.0 4.0
16.0 -6.0 0.0 2.0 2.0 2.0
16.0 2.0 0.0 2.0 2.0 6.0
20.0 0.0 0.0 12.0 2.0 2.0
22.0 2.0 -6.0 12.0 0.0 10.0
20.0 2.0 -6.0 16.0 2.0 4.0
26.0 2.0 -4.0 10.0 0.0 10.0
20.0 2.0 -2.0 14.0 0.0 4.0
20.0 -4.0 -2.0 8.0 0.0 4.0
20.0 6.0 -2.0 12.0 4.0 4.0
20.0 -2.0 -2.0 8.0 4.0 4.0
20.0 4.0 -2.0 8.0 4.0 6.0
24.0 4.0 -4.0 6.0 0.0 10.0
24.0 4.0 -2.0 6.0 0.0 10.0
22.0 4.0 2.0 4.0 0.0 4.0
20.0 8.0 2.0 4.0 -2.0 -2.0
18.0 8.0 -4.0 4.0 -2.0 4.0
18.0 4.0 -8.0 6.0 -4.0 6.0
18.0 2.0 -8.0 14.0 -4.0 6.0
18.0 2.0 0.0 8.0 -4.0 -2.0
22.0 0.0 2.0 8.0 2.0 -2.0
26.0 0.0 2.0 8.0 2.0 8.0
26.0 -2.0 2.0 8.0 2.0 8.0
20.0 -2.0 2.0 12.0 2.0 -4.0
20.0 -2.0 2.0 12.0 2.0 -4.0
16.0 0.0 4.0 6.0 2.0 0.0
26.0 0.0 2.0 6.0 2.0 0.0
26.0 6.0 4.0 6.0 2.0 0.0
26.0 6.0 2.0 6.0 0.0 8.0
16.0 2.0 2.0 2.0 0.0 8.0
16.0 2.0 0.0 2.0 0.0 -4.0
22.0 0.0 0.0 6.0 2.0 -4.0
22.0 -4.0 -4.0 10.0 2.0 4.0
22.0 -2.0 -10.0 8.0 2.0 4.0
20.0 -2.0 -10.0 10.0 2.0 4.0
22.0 2.0 -6.0 12.0 2.0 4.0
20.0 4.0 -6.0 12.0 2.0 4.0
18.0 4.0 0.0 10.0 0.0 2.0
18.0 2.0 -2.0 6.0 0.0 2.0
18.0 2.0 -2.0 6.0 0.0 -2.0
24.0 2.0 -2.0 8.0 2.0 0.0
24.0 2.0 0.0 10.0 6.0 0.0
24.0 2.0 2.0 10.0 6.0 0.0
22.0 0.0 2.0 10.0 6.0 6.0
22.0 0.0 2.0 10.0 0.0 -6.0
22.0 -4.0 2.0 4.0 2.0 -4.0
20.0 -4.0 0.0 4.0 2.0 -4.0
22.0 -4.0 2.0 4.0 2.0 -2.0
22.0 0.0 -4.0 6.0 0.0 2.0
26.0 2.0 0.0 6.0 0.0 4.0
26.0 2.0 0.0 8.0 6.0 4.0
26.0 2.0 0.0 8.0 8.0 0.0
22.0 0.0 2.0 6.0 8.0 -2.0
28.0 6.0 0.0 6.0 4.0 -2.0
