# Target: wrist_up
# Dominant_Vision: Open Hand
-6.0 8.0 -18.0 -2.0 -4.0 0.0
0.0 6.0 -24.0 -6.0 -4.0 0.0
0.0 6.0 -24.0 -10.0 -4.0 -2.0
0.0 4.0 -16.0 -6.0 -12.0 -6.0
0.0 4.0 -16.0 -8.0 -12.0 -6.0
-2.0 0.0 -16.0 2.0 -8.0 -10.0
-2.0 0.0 -16.0 2.0 -8.0 -6.0
-6.0 0.0 -12.0 4.0 -8.0 4.0
-6.0 8.0 -12.0 4.0 -4.0 8.0
-8.0 8.0 -12.0 4.0 -4.0 8.0
-8.0 8.0 -14.0 -6.0 -6.0 6.0
-8.0 4.0 -14.0 -6.0 -6.0 -2.0
-6.0 10.0 -22.0 -8.0 -8.0 0.0
-8.0 6.0 -22.0 -8.0 -6.0 0.0
-2.0 6.0 -8.0 -2.0 -8.0 0.0
-2.0 0.0 -8.0 -2.0 -6.0 2.0
-2.0 0.0 -18.0 -8.0 -6.0 0.0
-6.0 6.0 -18.0 -8.0 -6.0 0.0
-6.0 8.0 -14.0 -8.0 -4.0 0.0
-4.0 8.0 -14.0 -4.0 -4.0 0.0
-4.0 6.0 -18.0 -2.0 -4.0 -4.0
-6.0 2.0 -18.0 -4.0 -4.0 -4.0
-8.0 2.0 -20.0 -14.0 0.0 -2.0
-8.0 2.0 -20.0 -14.0 0.0 -2.0
-8.0 2.0 -14.0 0.0 0.0 0.0
0.0 2.0 -12.0 0.0 -2.0 0.0
0.0 2.0 -12.0 -8.0 -2.0 2.0
8.0 2.0 -10.0 -8.0 2.0 0.0
8.0 6.0 -8.0 -6.0 2.0 2.0
8.0 10.0 -8.0 -4.0 -2.0 2.0
12.0 12.0 -8.0 -6.0 -4.0 2.0
12.0 16.0 -8.0 -8.0 -4.0 0.0
0.0 16.0 -8.0 -8.0 -2.0 0.0
-16.0 -2.0 -10.0 -10.0 -2.0 0.0
-40.0 -4.0 -16.0 -12.0 -6.0 -2.0
-76.0 -4.0 -30.0 -16.0 -10.0 -6.0
-76.0 -10.0 -38.0 -16.0 -12.0 -6.0
-32.0 -12.0 -42.0 -48.0 -18.0 -12.0
-4.0 -12.0 -42.0 -50.0 -18.0 -14.0
32.0 -20.0 -32.0 -64.0 -18.0 -16.0
86.0 -20.0 -32.0 -64.0 -14.0 -22.0
100.0 -20.0 -12.0 -64.0 -12.0 -28.0
100.0 -20.0 -10.0 -62.0 -12.0 -28.0
100.0 -24.0 -12.0 -60.0 -6.0 -26.0
100.0 -30.0 -10.0 -56.0 -6.0 -24.0
100.0 -34.0 -8.0 -38.0 -2.0 -22.0
100.0 -34.0 -6.0 -26.0 0.0 -22.0
100.0 -32.0 -6.0 -26.0 2.0 -20.0
100.0 -32.0 4.0 -16.0 0.0 -20.0
100.0 -32.0 4.0 -26.0 0.0 -20.0
100.0 -34.0 4.0 -22.0 0.0 -22.0
100.0 -36.0 6.0 -26.0 0.0 -22.0
100.0 -36.0 0.0 -22.0 0.0 -24.0
100.0 -34.0 -2.0 -22.0 0.0 -24.0
100.0 -32.0 -2.0 -14.0 2.0 -22.0
100.0 -32.0 0.0 -14.0 2.0 -22.0
100.0 -32.0 0.0 -20.0 2.0 -20.0
100.0 -38.0 0.0 -22.0 6.0 -28.0
100.0 -28.0 -4.0 -28.0 2.0 -28.0
100.0 -26.0 0.0 -28.0 2.0 -28.0
100.0 -26.0 2.0 -28.0 0.0 -26.0
100.0 -30.0 2.0 -22.0 0.0 -24.0
100.0 -30.0 12.0 -20.0 0.0 -22.0
100.0 -34.0 2.0 -18.0 -6.0 -22.0
100.0 -32.0 -2.0 -18.0 0.0 -20.0
100.0 -34.0 -2.0 -18.0 -2.0 -22.0
100.0 -36.0 -4.0 -16.0 -2.0 -26.0
100.0 -38.0 -2.0 -16.0 -2.0 -26.0
100.0 -38.0 -4.0 -28.0 0.0 -26.0
100.0 -40.0 -2.0 -30.0 0.0 -22.0
100.0 -36.0 -6.0 -32.0 -2.0 -22.0
100.0 -38.0 -6.0 -32.0 -2.0 -22.0
100.0 -36.0 -6.0 -32.0 -4.0 -24.0
100.0 -36.0 -6.0 -32.0 -6.0 -26.0
100.0 -34.0 -18.0 -28.0 -6.0 -32.0
100.0 -34.0 -18.0 -28.0 -6.0 -30.0
100.0 -32.0 -20.0 -28.0 0.0 -30.0
100.0 -26.0 -18.0 -36.0 -10.0 -30.0
70.0 -26.0 -20.0 -38.0 -8.0 -30.0
38.0 -26.0 -32.0 -36.0 -10.0 -30.0
-16.0 -26.0 -32.0 -42.0 -8.0 -30.0
-32.0 -26.0 -38.0 -48.0 -12.0 -26.0
-64.0 -26.0 -38.0 -58.0 -10.0 -26.0
-78.0 -26.0 -38.0 -58.0 -12.0 -22.0
-78.0 -26.0 -36.0 -42.0 -12.0 -22.0
-68.0 -26.0 -36.0 -40.0 -12.0 -26.0
-66.0 -32.0 -34.0 -40.0 -12.0 -32.0
-66.0 -34.0 -34.0 -32.0 -10.0 -26.0
-58.0 -36.0 -30.0 -22.0 -6.0 -26.0
-34.0 -36.0 -30.0 -10.0 -4.0 -24.0
-20.0 -32.0 -32.0 -2.0 -2.0 -24.0
-14.0 -32.0 -32.0 10.0 -2.0 -22.0
-12.0 -32.0 -28.0 10.0 0.0 -16.0
-12.0 -20.0 -28.0 12.0 0.0 -14.0
-12.0 -14.0 -22.0 8.0 2.0 -14.0
-12.0 -14.0 -20.0 6.0 2.0 -14.0
-14.0 -16.0 -20.0 6.0 2.0 -10.0
-14.0 -16.0 -12.0 6.0 -6.0 -12.0
-12.0 -18.0 -12.0 8.0 -6.0 -12.0
-10.0 -18.0 -14.0 16.0 -4.0 -12.0
4.0 -18.0 -14.0 18.0 0.0 -6.0
10.0 -14.0 -22.0 22.0 0.0 -4.0
24.0 -4.0 -22.0 24.0 0.0 -4.0
26.0 -4.0 -20.0 30.0 0.0 -4.0
30.0 -4.0 -14.0 30.0 0.0 -6.0
30.0 0.0 -10.0 30.0 0.0 0.0
32.0 0.0 -10.0 30.0 -4.0 0.0
30.0 0.0 -10.0 32.0 -4.0 0.0
34.0 0.0 -16.0 40.0 2.0 0.0
42.0 -2.0 -8.0 48.0 2.0 2.0
44.0 -4.0 -10.0 48.0 2.0 -6.0
44.0 -4.0 -10.0 42.0 2.0 6.0
44.0 -8.0 -10.0 42.0 -2.0 0.0
58.0 2.0 -14.0 36.0 2.0 0.0
58.0 -6.0 -14.0 40.0 0.0 0.0
58.0 0.0 -10.0 36.0 2.0 -6.0
58.0 -6.0 -10.0 40.0 0.0 2.0
58.0 -12.0 -4.0 38.0 -2.0 0.0
54.0 -12.0 -4.0 38.0 -2.0 0.0
52.0 -8.0 -2.0 38.0 2.0 0.0
52.0 -8.0 -4.0 32.0 2.0 2.0
52.0 -6.0 -12.0 42.0 6.0 2.0
56.0 -6.0 -14.0 40.0 6.0 -4.0
56.0 -6.0 -12.0 40.0 6.0 -4.0
50.0 -8.0 -10.0 40.0 0.0 -4.0
50.0 -8.0 -10.0 36.0 0.0 -2.0
46.0 -2.0 -8.0 36.0 -2.0 -2.0
46.0 0.0 -10.0 36.0 -4.0 -2.0
46.0 0.0 -10.0 36.0 -4.0 -2.0
48.0 0.0 -10.0 32.0 -2.0 -2.0
48.0 -4.0 -10.0 28.0 2.0 -10.0
48.0 -6.0 -10.0 32.0 -2.0 -10.0
48.0 -4.0 -10.0 28.0 4.0 -8.0
52.0 -4.0 -6.0 28.0 0.0 -6.0
52.0 0.0 -6.0 28.0 0.0 -6.0
46.0 -2.0 -4.0 32.0 0.0 -6.0
46.0 -2.0 -12.0 32.0 0.0 -6.0
44.0 -2.0 -12.0 36.0 2.0 -2.0
42.0 -4.0 -16.0 32.0 2.0 -2.0
42.0 -4.0 -16.0 32.0 2.0 -4.0
44.0 -6.0 -16.0 32.0 -6.0 -8.0
52.0 -2.0 -10.0 32.0 0.0 -8.0
44.0 -4.0 -10.0 36.0 -2.0 -2.0
46.0 -4.0 -8.0 36.0 0.0 -2.0
42.0 -4.0 -8.0 36.0 0.0 -2.0
46.0 -4.0 -8.0 34.0 0.0 -2.0
46.0 -4.0 -8.0 30.0 -4.0 -4.0
50.0 -4.0 -16.0 30.0 -4.0 -2.0
48.0 -4.0 -16.0 34.0 -6.0 -2.0
48.0 0.0 -12.0 34.0 6.0 -2.0
44.0 -2.0 -12.0 34.0 2.0 -2.0
44.0 -2.0 -10.0 28.0 6.0 -2.0
48.0 -2.0 -10.0 28.0 2.0 -2.0
54.0 -2.0 -10.0 28.0 4.0 -4.0
48.0 -2.0 -12.0 22.0 -4.0 -4.0
44.0 -8.0 -14.0 32.0 -2.0 0.0
44.0 -8.0 -18.0 24.0 -6.0 0.0
48.0 -8.0 -18.0 30.0 -2.0 0.0
54.0 -2.0 -16.0 28.0 -2.0 -4.0
54.0 -4.0 -16.0 28.0 -2.0 -6.0
46.0 0.0 -10.0 28.0 -4.0 -4.0
46.0 -2.0 -10.0 28.0 -4.0 -6.0
46.0 -2.0 -10.0 28.0 -2.0 -6.0
50.0 -2.0 -10.0 32.0 -2.0 -6.0
46.0 -8.0 -12.0 32.0 -4.0 -6.0
44.0 0.0 -22.0 32.0 -4.0 -6.0
44.0 -8.0 -22.0 32.0 6.0 -6.0
44.0 -2.0 -16.0 32.0 6.0 -6.0
46.0 -2.0 -16.0 34.0 6.0 -4.0
52.0 -2.0 -10.0 34.0 2.0 -4.0
52.0 -6.0 -10.0 30.0 2.0 4.0
50.0 -8.0 -10.0 22.0 2.0 4.0
50.0 -6.0 -10.0 30.0 2.0 0.0
52.0 -8.0 -10.0 28.0 2.0 -2.0
52.0 -4.0 -10.0 30.0 2.0 -2.0
52.0 -6.0 -10.0 28.0 0.0 -2.0
50.0 -4.0 -14.0 28.0 -2.0 -2.0
54.0 -4.0 -14.0 26.0 -2.0 -2.0
50.0 -2.0 -10.0 28.0 -4.0 0.0
50.0 -4.0 -10.0 26.0 -4.0 0.0
48.0 -4.0 -10.0 30.0 -4.0 -4.0
48.0 -4.0 -8.0 26.0 0.0 -4.0
48.0 -2.0 -8.0 26.0 -2.0 -2.0
52.0 0.0 -8.0 26.0 -2.0 -2.0
50.0 -2.0 -8.0 26.0 -2.0 -2.0
52.0 -2.0 -8.0 32.0 -2.0 -6.0
52.0 -2.0 -14.0 24.0 -2.0 -6.0
52.0 -2.0 -14.0 26.0 -2.0 2.0
52.0 -2.0 -12.0 26.0 -2.0 2.0
52.0 -8.0 -8.0 26.0 2.0 2.0
50.0 -2.0 -8.0 28.0 4.0 -2.0
50.0 0.0 -2.0 32.0 2.0 -4.0
44.0 0.0 -2.0 32.0 -2.0 -8.0
44.0 -2.0 -2.0 30.0 -2.0 -8.0
48.0 -2.0 -16.0 26.0 -2.0 -6.0
50.0 -2.0 -8.0 26.0 2.0 -6.0
50.0 -2.0 -8.0 26.0 -2.0 -8.0
56.0 -4.0 -8.0 30.0 2.0 -8.0
48.0 -4.0 -16.0 30.0 -2.0 -2.0
54.0 -8.0 -16.0 30.0 6.0 -2.0
54.0 -2.0 -16.0 30.0 2.0 0.0
54.0 -2.0 -12.0 36.0 2.0 -2.0
54.0 -2.0 -12.0 36.0 2.0 0.0
54.0 -2.0 -12.0 36.0 0.0 2.0
58.0 -2.0 -8.0 36.0 0.0 2.0
58.0 -2.0 -8.0 30.0 0.0 8.0
58.0 -2.0 -2.0 30.0 0.0 2.0
56.0 -6.0 -8.0 28.0 2.0 4.0
56.0 -6.0 -12.0 28.0 2.0 0.0
52.0 -6.0 -12.0 26.0 2.0 0.0
52.0 -8.0 -6.0 34.0 2.0 -2.0
48.0 -8.0 -6.0 28.0 2.0 -4.0
42.0 -8.0 -6.0 28.0 0.0 -4.0
42.0 -8.0 -10.0 28.0 2.0 -2.0
50.0 -4.0 -10.0 28.0 0.0 0.0
52.0 -6.0 -10.0 28.0 4.0 -2.0
50.0 0.0 -10.0 28.0 0.0 0.0
54.0 0.0 -10.0 28.0 0.0 0.0
48.0 0.0 -10.0 26.0 -2.0 0.0
46.0 -2.0 -12.0 34.0 -2.0 2.0
46.0 -2.0 -2.0 32.0 -2.0 2.0
48.0 -2.0 -12.0 32.0 -2.0 2.0
54.0 -2.0 0.0 32.0 2.0 4.0
52.0 -4.0 -4.0 24.0 2.0 -10.0
52.0 -4.0 -4.0 28.0 -4.0 -4.0
52.0 -6.0 -10.0 24.0 -4.0 -4.0
52.0 -4.0 -10.0 26.0 -2.0 -2.0
