# Target: wrist_up
# Dominant_Vision: Unknown
2.0 -12.0 0.0 0.0 2.0 0.0
2.0 -2.0 -4.0 0.0 0.0 0.0
2.0 -6.0 -4.0 4.0 0.0 4.0
8.0 -2.0 -4.0 0.0 0.0 10.0
2.0 -4.0 6.0 -6.0 4.0 8.0
8.0 -4.0 8.0 -6.0 4.0 8.0
2.0 -4.0 6.0 -6.0 2.0 6.0
2.0 -4.0 4.0 -2.0 2.0 6.0
2.0 -4.0 2.0 -8.0 4.0 4.0
2.0 -4.0 2.0 -2.0 6.0 4.0
-2.0 -8.0 -4.0 0.0 4.0 0.0
-2.0 -8.0 4.0 0.0 2.0 0.0
-2.0 -8.0 -2.0 0.0 0.0 8.0
0.0 0.0 10.0 -4.0 0.0 8.0
4.0 -10.0 0.0 0.0 0.0 10.0
8.0 -2.0 6.0 -10.0 -2.0 0.0
8.0 -2.0 6.0 0.0 6.0 0.0
2.0 -2.0 6.0 0.0 0.0 0.0
2.0 -2.0 8.0 0.0 4.0 4.0
2.0 -4.0 4.0 0.0 0.0 4.0
0.0 -4.0 4.0 0.0 4.0 4.0
0.0 -4.0 4.0 0.0 0.0 4.0
2.0 -4.0 12.0 0.0 0.0 4.0
2.0 -4.0 12.0 -2.0 0.0 4.0
2.0 -10.0 8.0 -2.0 6.0 2.0
2.0 -10.0 6.0 4.0 6.0 2.0
4.0 -8.0 6.0 4.0 8.0 4.0
2.0 -8.0 2.0 4.0 8.0 4.0
4.0 -6.0 6.0 4.0 6.0 2.0
8.0 -6.0 2.0 4.0 2.0 2.0
12.0 -2.0 2.0 10.0 6.0 2.0
36.0 -2.0 2.0 4.0 10.0 -2.0
40.0 -2.0 10.0 8.0 10.0 -6.0
40.0 2.0 12.0 8.0 10.0 -6.0
30.0 -2.0 12.0 12.0 12.0 -6.0
28.0 -8.0 2.0 12.0 12.0 -2.0
4.0 -8.0 0.0 12.0 2.0 -2.0
-18.0 -8.0 0.0 -10.0 2.0 4.0
-20.0 -6.0 -6.0 -16.0 -6.0 -6.0
-28.0 -8.0 -12.0 -22.0 -6.0 -10.0
-44.0 -16.0 -14.0 -22.0 -6.0 -10.0
-44.0 -16.0 -14.0 -32.0 -8.0 -10.0
-24.0 -16.0 -22.0 -34.0 -10.0 -10.0
22.0 -16.0 -14.0 -46.0 -12.0 -10.0
28.0 -20.0 -14.0 -56.0 -12.0 -10.0
30.0 -20.0 -14.0 -56.0 -6.0 -10.0
56.0 -28.0 -10.0 -56.0 -6.0 -14.0
68.0 -30.0 -14.0 -44.0 -6.0 -14.0
76.0 -30.0 4.0 -44.0 -6.0 -14.0
80.0 -30.0 -4.0 -44.0 -4.0 -12.0
92.0 -32.0 0.0 -40.0 0.0 -12.0
94.0 -32.0 -4.0 -34.0 0.0 -12.0
94.0 -32.0 -6.0 -34.0 0.0 -12.0
80.0 -32.0 -6.0 -36.0 0.0 -12.0
76.0 -32.0 -8.0 -48.0 2.0 -14.0
74.0 -32.0 -4.0 -48.0 2.0 -14.0
68.0 -34.0 -8.0 -48.0 0.0 -14.0
60.0 -34.0 2.0 -46.0 0.0 -18.0
30.0 -40.0 -6.0 -42.0 -2.0 -20.0
30.0 -44.0 -6.0 -44.0 4.0 -18.0
32.0 -44.0 -6.0 -44.0 -2.0 -14.0
32.0 -40.0 2.0 -44.0 0.0 -14.0
32.0 -36.0 6.0 -44.0 0.0 -18.0
30.0 -34.0 6.0 -44.0 0.0 -18.0
30.0 -34.0 6.0 -44.0 0.0 -18.0
28.0 -36.0 -2.0 -42.0 2.0 -20.0
14.0 -36.0 -2.0 -38.0 -2.0 -20.0
14.0 -36.0 0.0 -34.0 -4.0 -18.0
14.0 -34.0 0.0 -38.0 -4.0 -18.0
14.0 -34.0 0.0 -32.0 6.0 -20.0
14.0 -32.0 -6.0 -34.0 6.0 -26.0
14.0 -32.0 -6.0 -34.0 0.0 -26.0
14.0 -32.0 -6.0 -36.0 -4.0 -26.0
20.0 -32.0 -4.0 -38.0 0.0 -16.0
16.0 -34.0 2.0 -38.0 0.0 -22.0
18.0 -34.0 2.0 -46.0 2.0 -18.0
18.0 -38.0 2.0 -42.0 2.0 -22.0
22.0 -40.0 2.0 -42.0 2.0 -24.0
22.0 -38.0 2.0 -42.0 4.0 -24.0
22.0 -34.0 0.0 -38.0 6.0 -20.0
28.0 -34.0 6.0 -46.0 4.0 -20.0
28.0 -34.0 0.0 -36.0 2.0 -20.0
28.0 -40.0 2.0 -38.0 0.0 -22.0
32.0 -36.0 2.0 -36.0 -2.0 -22.0
50.0 -36.0 4.0 -36.0 -2.0 -22.0
60.0 -34.0 4.0 -36.0 0.0 -22.0
66.0 -30.0 -4.0 -38.0 0.0 -20.0
66.0 -34.0 -16.0 -44.0 -2.0 -20.0
32.0 -34.0 -16.0 -46.0 -6.0 -24.0
18.0 -34.0 -14.0 -46.0 -6.0 -24.0
-16.0 -34.0 -14.0 -46.0 -6.0 -24.0
-58.0 -38.0 -20.0 -50.0 -6.0 -22.0
-96.0 -38.0 -24.0 -66.0 -4.0 -20.0
-100.0 -38.0 -30.0 -66.0 -10.0 -18.0
-100.0 -30.0 -32.0 -62.0 -10.0 -18.0
-100.0 -30.0 -32.0 -62.0 -10.0 -14.0
-100.0 -28.0 -32.0 -54.0 -10.0 -14.0
-100.0 -28.0 -32.0 -52.0 -10.0 -10.0
-100.0 -26.0 -30.0 -46.0 -10.0 -18.0
-100.0 -26.0 -30.0 -38.0 -10.0 -10.0
-100.0 -26.0 -24.0 -34.0 -10.0 -8.0
-100.0 -24.0 -24.0 -30.0 -8.0 -2.0
-100.0 -24.0 -22.0 -30.0 -8.0 -2.0
-100.0 -20.0 -16.0 -24.0 -8.0 2.0
-74.0 -18.0 -20.0 -14.0 -8.0 -6.0
-60.0 -20.0 -16.0 -8.0 -8.0 2.0
-38.0 -12.0 -14.0 -8.0 0.0 2.0
-32.0 -10.0 -14.0 -4.0 4.0 6.0
-30.0 -6.0 -14.0 0.0 0.0 6.0
-20.0 -10.0 0.0 0.0 2.0 0.0
-20.0 -6.0 2.0 4.0 -2.0 0.0
-18.0 -10.0 0.0 6.0 2.0 0.0
-14.0 -14.0 -2.0 12.0 6.0 0.0
-4.0 -14.0 -4.0 20.0 6.0 0.0
-2.0 -12.0 -4.0 20.0 4.0 0.0
-2.0 -8.0 -8.0 20.0 4.0 10.0
6.0 -6.0 -8.0 20.0 8.0 10.0
8.0 -6.0 -8.0 20.0 8.0 6.0
8.0 -2.0 -4.0 20.0 4.0 2.0
4.0 -6.0 -4.0 20.0 4.0 2.0
4.0 -6.0 -4.0 20.0 4.0 2.0
6.0 -14.0 -4.0 26.0 8.0 4.0
6.0 -14.0 0.0 26.0 8.0 -2.0
4.0 -14.0 0.0 34.0 8.0 6.0
2.0 -12.0 0.0 30.0 8.0 -2.0
-4.0 -18.0 -2.0 34.0 0.0 -2.0
-4.0 -12.0 -2.0 30.0 0.0 -4.0
8.0 -4.0 -2.0 26.0 2.0 -2.0
8.0 -4.0 -2.0 24.0 2.0 -6.0
8.0 -4.0 -2.0 20.0 2.0 2.0
10.0 6.0 -6.0 18.0 0.0 -4.0
8.0 6.0 -6.0 18.0 2.0 2.0
8.0 -4.0 -6.0 20.0 2.0 4.0
4.0 -8.0 -4.0 22.0 2.0 6.0
4.0 -8.0 -2.0 22.0 8.0 6.0
2.0 -8.0 -2.0 22.0 8.0 10.0
2.0 -8.0 -2.0 22.0 8.0 6.0
2.0 -4.0 -6.0 20.0 8.0 6.0
6.0 -4.0 -8.0 18.0 6.0 6.0
4.0 -2.0 -8.0 14.0 6.0 6.0
6.0 0.0 -6.0 14.0 6.0 6.0
4.0 -2.0 -6.0 22.0 6.0 2.0
8.0 -6.0 -6.0 22.0 4.0 2.0
4.0 -10.0 -6.0 16.0 4.0 2.0
-4.0 -6.0 -8.0 16.0 8.0 4.0
-6.0 -6.0 -4.0 16.0 8.0 4.0
-4.0 -6.0 -10.0 22.0 8.0 6.0
4.0 -6.0 -4.0 22.0 8.0 6.0
6.0 -6.0 -4.0 18.0 8.0 6.0
6.0 -4.0 -4.0 18.0 8.0 6.0
6.0 -4.0 4.0 22.0 4.0 4.0
6.0 4.0 4.0 22.0 4.0 2.0
2.0 -2.0 4.0 22.0 8.0 0.0
4.0 -2.0 4.0 22.0 8.0 0.0
4.0 -4.0 4.0 22.0 8.0 -2.0
4.0 -6.0 6.0 14.0 6.0 4.0
0.0 -4.0 6.0 14.0 8.0 6.0
0.0 -6.0 -6.0 16.0 4.0 6.0
-2.0 -6.0 -6.0 18.0 4.0 6.0
-2.0 -14.0 -16.0 18.0 4.0 6.0
0.0 -14.0 -4.0 16.0 4.0 6.0
4.0 -6.0 0.0 16.0 2.0 6.0
0.0 -6.0 2.0 10.0 0.0 6.0
6.0 2.0 4.0 16.0 0.0 2.0
2.0 -10.0 2.0 18.0 4.0 0.0
12.0 -4.0 6.0 18.0 10.0 -2.0
8.0 -6.0 -2.0 24.0 14.0 -2.0
8.0 -6.0 6.0 24.0 14.0 -2.0
2.0 -6.0 2.0 28.0 14.0 -2.0
2.0 -6.0 2.0 28.0 2.0 0.0
0.0 -2.0 2.0 16.0 8.0 -2.0
2.0 2.0 2.0 16.0 4.0 0.0
2.0 0.0 6.0 20.0 8.0 4.0
8.0 4.0 2.0 20.0 6.0 4.0
8.0 0.0 2.0 20.0 8.0 8.0
6.0 -2.0 2.0 18.0 8.0 2.0
6.0 -4.0 -4.0 18.0 8.0 2.0
8.0 -8.0 2.0 18.0 14.0 2.0
8.0 -4.0 2.0 20.0 8.0 4.0
6.0 -4.0 6.0 20.0 8.0 4.0
6.0 -4.0 6.0 16.0 6.0 4.0
8.0 -4.0 2.0 16.0 6.0 2.0
8.0 -10.0 2.0 16.0 2.0 0.0
8.0 -4.0 4.0 20.0 2.0 0.0
6.0 -8.0 4.0 20.0 6.0 6.0
12.0 -8.0 4.0 16.0 6.0 6.0
6.0 -8.0 2.0 16.0 8.0 6.0
10.0 -10.0 -4.0 16.0 10.0 -2.0
6.0 -12.0 -4.0 16.0 10.0 -2.0
10.0 -12.0 -4.0 20.0 0.0 2.0
4.0 -8.0 -6.0 20.0 0.0 2.0
6.0 -8.0 -6.0 20.0 10.0 2.0
6.0 -8.0 -4.0 20.0 10.0 4.0
6.0 -8.0 -4.0 18.0 6.0 4.0
12.0 -4.0 -4.0 16.0 0.0 2.0
12.0 -4.0 -2.0 12.0 4.0 0.0
8.0 -4.0 0.0 12.0 4.0 0.0
8.0 -4.0 0.0 18.0 6.0 10.0
10.0 -6.0 0.0 24.0 6.0 10.0
10.0 -6.0 6.0 18.0 6.0 2.0
10.0 -8.0 6.0 24.0 6.0 2.0
2.0 -8.0 4.0 18.0 6.0 4.0
2.0 -10.0 0.0 24.0 8.0 4.0
2.0 -4.0 -2.0 18.0 4.0 4.0
4.0 -4.0 -4.0 18.0 8.0 -2.0
0.0 -4.0 -2.0 16.0 2.0 2.0
4.0 -10.0 -4.0 12.0 8.0 2.0
8.0 -10.0 -2.0 12.0 8.0 2.0
8.0 -2.0 -4.0 12.0 10.0 2.0
2.0 -2.0 -4.0 18.0 10.0 2.0
0.0 -8.0 -4.0 12.0 6.0 4.0
0.0 -8.0 8.0 16.0 6.0 12.0
2.0 -8.0 8.0 12.0 6.0 12.0
8.0 -6.0 4.0 14.0 2.0 4.0
8.0 -6.0 2.0 12.0 2.0 4.0
4.0 -6.0 4.0 14.0 8.0 8.0
4.0 -6.0 4.0 12.0 8.0 8.0
2.0 -10.0 4.0 12.0 12.0 6.0
2.0 -18.0 2.0 8.0 2.0 0.0
2.0 -18.0 0.0 12.0 4.0 0.0
4.0 -8.0 2.0 12.0 4.0 4.0
6.0 -8.0 0.0 14.0 8.0 4.0
8.0 -16.0 -2.0 12.0 8.0 4.0
8.0 -16.0 -4.0 12.0 6.0 4.0
8.0 -4.0 -4.0 6.0 6.0 6.0
6.0 -2.0 -2.0 6.0 6.0 6.0
6.0 -2.0 2.0 12.0 8.0 -2.0
4.0 -6.0 2.0 12.0 8.0 -2.0
6.0 -6.0 2.0 12.0 8.0 0.0
4.0 -6.0 2.0 12.0 8.0 0.0
