# Target: wrist_up
# Dominant_Vision: Open Hand
0.0 0.0 0.0 0.0 0.0 -2.0
0.0 2.0 0.0 -2.0 0.0 0.0
0.0 4.0 0.0 -2.0 2.0 2.0
-10.0 2.0 -2.0 0.0 2.0 2.0
-10.0 -2.0 -2.0 0.0 2.0 6.0
-10.0 -6.0 -2.0 0.0 8.0 6.0
2.0 -2.0 -4.0 0.0 4.0 6.0
2.0 4.0 -2.0 -2.0 4.0 -8.0
0.0 4.0 0.0 0.0 4.0 -8.0
0.0 -2.0 0.0 -2.0 4.0 -8.0
-2.0 -2.0 -4.0 2.0 4.0 6.0
-2.0 2.0 -4.0 2.0 4.0 -2.0
-4.0 2.0 -4.0 2.0 0.0 -2.0
-2.0 0.0 -4.0 4.0 2.0 -4.0
6.0 0.0 -4.0 8.0 2.0 -4.0
14.0 0.0 0.0 8.0 2.0 -2.0
14.0 2.0 4.0 2.0 4.0 -2.0
6.0 2.0 6.0 2.0 0.0 -2.0
6.0 2.0 4.0 10.0 2.0 4.0
16.0 2.0 0.0 10.0 2.0 4.0
20.0 2.0 -4.0 10.0 4.0 4.0
22.0 2.0 0.0 16.0 4.0 0.0
32.0 0.0 2.0 16.0 2.0 0.0
32.0 2.0 2.0 8.0 2.0 2.0
22.0 0.0 2.0 2.0 2.0 2.0
12.0 -2.0 2.0 0.0 2.0 4.0
-8.0 -2.0 2.0 0.0 0.0 2.0
-36.0 -2.0 -6.0 0.0 -10.0 -6.0
-60.0 -2.0 -8.0 -12.0 -10.0 -6.0
-100.0 -2.0 -14.0 -14.0 -10.0 -6.0
-100.0 -2.0 -16.0 -18.0 -6.0 -6.0
-100.0 -2.0 -32.0 -32.0 -6.0 -6.0
-100.0 -2.0 -32.0 -50.0 -18.0 -12.0
-100.0 0.0 -38.0 -70.0 -20.0 -12.0
-100.0 0.0 -52.0 -90.0 -24.0 -14.0
-100.0 -2.0 -56.0 -100.0 -24.0 -12.0
-100.0 -4.0 -60.0 -100.0 -28.0 -14.0
-100.0 -4.0 -68.0 -100.0 -30.0 -12.0
-100.0 -4.0 -72.0 -100.0 -32.0 -14.0
-100.0 -4.0 -68.0 -100.0 -32.0 -14.0
-100.0 -10.0 -58.0 -100.0 -32.0 -28.0
-100.0 -18.0 -46.0 -100.0 -18.0 -30.0
-88.0 -20.0 -40.0 -92.0 -18.0 -30.0
-62.0 -30.0 -40.0 -74.0 -16.0 -30.0
-34.0 -36.0 -40.0 -70.0 -12.0 -28.0
-26.0 -36.0 -38.0 -60.0 -16.0 -28.0
-22.0 -40.0 -34.0 -52.0 -18.0 -28.0
-12.0 -40.0 -38.0 -42.0 -18.0 -28.0
-2.0 -46.0 -36.0 -30.0 -4.0 -28.0
36.0 -46.0 -36.0 -30.0 -2.0 -28.0
68.0 -54.0 -32.0 -32.0 -4.0 -28.0
100.0 -54.0 -30.0 -46.0 -4.0 -22.0
100.0 -54.0 -30.0 -46.0 -4.0 -22.0
100.0 -54.0 -28.0 -42.0 -6.0 -30.0
100.0 -54.0 -28.0 -42.0 -8.0 -30.0
100.0 -58.0 -26.0 -44.0 -8.0 -28.0
100.0 -50.0 -26.0 -44.0 -8.0 -28.0
88.0 -60.0 -26.0 -38.0 -8.0 -28.0
78.0 -50.0 -28.0 -38.0 -8.0 -28.0
62.0 -50.0 -32.0 -38.0 -6.0 -28.0
40.0 -50.0 -44.0 -56.0 -6.0 -28.0
20.0 -58.0 -44.0 -56.0 -10.0 -28.0
0.0 -58.0 -44.0 -58.0 -12.0 -28.0
-8.0 -58.0 -44.0 -66.0 -10.0 -30.0
-50.0 -54.0 -44.0 -72.0 -12.0 -32.0
-66.0 -56.0 -48.0 -78.0 -10.0 -32.0
-100.0 -46.0 -56.0 -74.0 -12.0 -20.0
-100.0 -46.0 -60.0 -78.0 -14.0 -20.0
-100.0 -46.0 -60.0 -98.0 -20.0 -24.0
-100.0 -46.0 -60.0 -98.0 -22.0 -28.0
-100.0 -44.0 -60.0 -98.0 -22.0 -24.0
-100.0 -44.0 -60.0 -96.0 -22.0 -24.0
-100.0 -42.0 -60.0 -96.0 -16.0 -20.0
-100.0 -36.0 -60.0 -86.0 -12.0 -24.0
-100.0 -28.0 -54.0 -82.0 -10.0 -26.0
-100.0 -26.0 -54.0 -80.0 -10.0 -26.0
-100.0 -22.0 -48.0 -68.0 -16.0 -16.0
-100.0 -22.0 -48.0 -68.0 -20.0 -16.0
-100.0 -22.0 -48.0 -68.0 -20.0 -16.0
-100.0 -28.0 -48.0 -68.0 -14.0 -16.0
-100.0 -28.0 -52.0 -58.0 -4.0 -14.0
-96.0 -16.0 -46.0 -54.0 -4.0 2.0
-84.0 -14.0 -46.0 -46.0 -4.0 2.0
-78.0 -8.0 -34.0 -42.0 -6.0 -2.0
-72.0 -8.0 -34.0 -40.0 -6.0 -4.0
-66.0 -8.0 -32.0 -42.0 -6.0 -6.0
-62.0 -10.0 -32.0 -44.0 -2.0 -4.0
-62.0 -10.0 -32.0 -48.0 -2.0 -6.0
-62.0 -12.0 -34.0 -44.0 -8.0 -6.0
-58.0 -14.0 -42.0 -44.0 -8.0 -6.0
-56.0 -14.0 -42.0 -42.0 -4.0 -2.0
-52.0 -16.0 -30.0 -38.0 -4.0 -2.0
-50.0 -16.0 -30.0 -38.0 -4.0 -8.0
-48.0 -10.0 -30.0 -40.0 -6.0 -8.0
-44.0 -8.0 -32.0 -44.0 -6.0 -4.0
-40.0 -6.0 -32.0 -42.0 -6.0 -4.0
-40.0 -6.0 -34.0 -42.0 -2.0 -2.0
-44.0 -6.0 -36.0 -40.0 -2.0 -2.0
-48.0 -8.0 -34.0 -40.0 -4.0 -2.0
-50.0 -8.0 -34.0 -38.0 -6.0 -2.0
-50.0 -12.0 -32.0 -34.0 -6.0 -6.0
-56.0 -14.0 -32.0 -38.0 -6.0 -2.0
-54.0 -14.0 -30.0 -38.0 -6.0 -6.0
-56.0 -12.0 -28.0 -38.0 -6.0 -2.0
-60.0 -6.0 -30.0 -38.0 -4.0 -6.0
-60.0 -8.0 -36.0 -38.0 -4.0 -2.0
-60.0 -8.0 -38.0 -40.0 -4.0 -2.0
-60.0 -10.0 -38.0 -42.0 -6.0 -2.0
-60.0 -10.0 -32.0 -40.0 -8.0 -6.0
-58.0 -10.0 -28.0 -48.0 -6.0 -6.0
-48.0 -10.0 -28.0 -38.0 -10.0 -6.0
-48.0 -14.0 -28.0 -34.0 -4.0 -2.0
-52.0 -14.0 -28.0 -34.0 -8.0 -2.0
-52.0 -16.0 -30.0 -34.0 0.0 -2.0
-52.0 -14.0 -32.0 -40.0 -6.0 -2.0
-48.0 -16.0 -32.0 -34.0 -2.0 -4.0
-48.0 -8.0 -32.0 -32.0 -2.0 -2.0
-48.0 -14.0 -32.0 -32.0 -2.0 0.0
-44.0 -10.0 -24.0 -26.0 -2.0 0.0
-40.0 -12.0 -32.0 -28.0 -6.0 0.0
-34.0 -12.0 -30.0 -28.0 -4.0 -4.0
-30.0 -16.0 -32.0 -28.0 -6.0 -4.0
-30.0 -16.0 -32.0 -20.0 -4.0 -4.0
-28.0 -10.0 -32.0 -18.0 0.0 -4.0
-20.0 -8.0 -30.0 -18.0 2.0 0.0
-20.0 -8.0 -28.0 -18.0 0.0 0.0
-20.0 -8.0 -26.0 -18.0 -8.0 -6.0
-18.0 -12.0 -26.0 -18.0 -8.0 -16.0
-18.0 -12.0 -32.0 -18.0 -2.0 -16.0
-26.0 -10.0 -32.0 -26.0 -2.0 -6.0
-26.0 -10.0 -30.0 -28.0 0.0 -6.0
-26.0 -8.0 -28.0 -28.0 -6.0 -2.0
-26.0 -10.0 -28.0 -28.0 0.0 -2.0
-26.0 -8.0 -28.0 -22.0 -2.0 -2.0
-26.0 -16.0 -30.0 -16.0 -2.0 -4.0
-26.0 -18.0 -30.0 -16.0 -4.0 -4.0
-26.0 -18.0 -30.0 -16.0 -4.0 -4.0
-26.0 -14.0 -36.0 -20.0 -4.0 -4.0
-26.0 -14.0 -30.0 -22.0 -4.0 -4.0
-32.0 -16.0 -28.0 -22.0 -4.0 -2.0
-32.0 -16.0 -28.0 -22.0 -4.0 -2.0
-28.0 -2.0 -26.0 -32.0 -4.0 -4.0
-28.0 -2.0 -30.0 -38.0 -4.0 -4.0
-32.0 -8.0 -28.0 -32.0 -4.0 -4.0
-32.0 -10.0 -30.0 -26.0 -2.0 -4.0
-28.0 -12.0 -28.0 -26.0 0.0 -6.0
-26.0 -14.0 -24.0 -24.0 -2.0 -6.0
-26.0 -14.0 -24.0 -30.0 -4.0 -6.0
-26.0 -12.0 -32.0 -30.0 -8.0 -4.0
-30.0 -10.0 -32.0 -30.0 -8.0 -4.0
-30.0 -12.0 -32.0 -34.0 -6.0 -6.0
-28.0 -16.0 -28.0 -32.0 -6.0 -6.0
-28.0 -18.0 -28.0 -32.0 -6.0 -6.0
-34.0 -18.0 -32.0 -30.0 -8.0 -4.0
-34.0 -16.0 -32.0 -30.0 -8.0 -4.0
-30.0 -10.0 -28.0 -30.0 -6.0 -4.0
-30.0 -10.0 -26.0 -30.0 -6.0 -6.0
-30.0 -14.0 -26.0 -28.0 -6.0 -6.0
-28.0 -14.0 -32.0 -22.0 -8.0 -8.0
-28.0 -14.0 -32.0 -22.0 -6.0 -8.0
-28.0 -10.0 -32.0 -30.0 -8.0 -8.0
-28.0 -8.0 -28.0 -30.0 -4.0 -8.0
-26.0 -8.0 -26.0 -32.0 -6.0 -6.0
-26.0 -10.0 -26.0 -24.0 -6.0 -6.0
-26.0 -10.0 -40.0 -24.0 -6.0 -6.0
-34.0 -8.0 -40.0 -24.0 -6.0 -4.0
-36.0 -8.0 -26.0 -24.0 -2.0 -6.0
-36.0 -4.0 -26.0 -24.0 -2.0 -4.0
-36.0 -16.0 -28.0 -24.0 -4.0 -4.0
-30.0 -12.0 -28.0 -26.0 -4.0 -4.0
-30.0 -12.0 -32.0 -30.0 0.0 2.0
-28.0 -6.0 -32.0 -30.0 0.0 2.0
-28.0 -6.0 -34.0 -32.0 0.0 2.0
-26.0 -6.0 -34.0 -32.0 0.0 -2.0
-32.0 -6.0 -32.0 -34.0 -16.0 -2.0
-24.0 -10.0 -28.0 -34.0 -16.0 -6.0
-30.0 -4.0 -28.0 -34.0 -10.0 -2.0
-30.0 -4.0 -28.0 -34.0 -4.0 -6.0
-30.0 -4.0 -24.0 -34.0 -4.0 -2.0
-30.0 -14.0 -26.0 -34.0 -4.0 -6.0
-32.0 -14.0 -26.0 -34.0 -2.0 -8.0
-30.0 -14.0 -32.0 -30.0 -6.0 -8.0
-30.0 -12.0 -32.0 -24.0 -2.0 -8.0
-28.0 -10.0 -30.0 -24.0 -2.0 -4.0
-28.0 -12.0 -30.0 -28.0 -2.0 -4.0
-24.0 -12.0 -28.0 -30.0 -12.0 -4.0
-24.0 -14.0 -30.0 -32.0 -14.0 -8.0
-24.0 -14.0 -30.0 -34.0 -12.0 -8.0
-26.0 -16.0 -30.0 -32.0 0.0 -8.0
-30.0 -12.0 -34.0 -32.0 0.0 -8.0
-30.0 -12.0 -36.0 -32.0 0.0 -6.0
-30.0 -12.0 -34.0 -34.0 -2.0 -6.0
-30.0 -4.0 -32.0 -34.0 -2.0 0.0
-30.0 -4.0 -32.0 -34.0 -4.0 0.0
-36.0 -12.0 -30.0 -32.0 -8.0 -6.0
-28.0 -12.0 -30.0 -42.0 -8.0 -12.0
-26.0 -10.0 -30.0 -36.0 -2.0 -12.0
-26.0 -10.0 -28.0 -36.0 -2.0 -2.0
-26.0 -6.0 -24.0 -28.0 -2.0 -2.0
-26.0 -12.0 -28.0 -26.0 -4.0 -4.0
-26.0 -10.0 -28.0 -26.0 -4.0 -4.0
-32.0 -16.0 -28.0 -32.0 -6.0 -4.0
-32.0 -12.0 -26.0 -32.0 -6.0 0.0
-26.0 -12.0 -26.0 -32.0 -2.0 -2.0
-26.0 -12.0 -30.0 -30.0 -2.0 2.0
-30.0 -28.0 -30.0 -26.0 0.0 0.0
-30.0 -28.0 -30.0 -24.0 0.0 8.0
-26.0 -10.0 -30.0 -26.0 -4.0 0.0
-26.0 -10.0 -34.0 -24.0 -4.0 -6.0
-26.0 -10.0 -34.0 -30.0 -4.0 -6.0
-24.0 -10.0 -28.0 -32.0 -4.0 -2.0
-24.0 -4.0 -28.0 -32.0 -2.0 -2.0
-26.0 -4.0 -26.0 -32.0 -2.0 -2.0
-34.0 -10.0 -28.0 -30.0 -2.0 -2.0
-32.0 -12.0 -26.0 -30.0 -4.0 2.0
-32.0 -14.0 -30.0 -30.0 -6.0 2.0
-26.0 -14.0 -26.0 -30.0 -6.0 -2.0
-26.0 -12.0 -30.0 -34.0 -6.0 -2.0
-20.0 -12.0 -26.0 -22.0 2.0 -2.0
-20.0 -12.0 -32.0 -32.0 2.0 -2.0
-18.0 -12.0 -34.0 -22.0 0.0 -12.0
-20.0 -12.0 -34.0 -22.0 0.0 -2.0
-18.0 -12.0 -34.0 -22.0 0.0 -12.0
-18.0 -12.0 -26.0 -22.0 -2.0 -10.0
-16.0 -8.0 -30.0 -22.0 -4.0 -10.0
-16.0 -14.0 -28.0 -20.0 -10.0 -4.0
-18.0 -14.0 -28.0 -20.0 -4.0 -4.0
-18.0 -16.0 -28.0 -26.0 -12.0 -6.0
-18.0 -18.0 -24.0 -26.0 -12.0 -8.0
