# Target: wrist_up
# Dominant_Vision: Unknown
0.0 0.0 2.0 0.0 0.0 -4.0
0.0 0.0 0.0 0.0 -2.0 -2.0
0.0 4.0 -2.0 -8.0 -10.0 -6.0
4.0 -2.0 -2.0 -8.0 -10.0 -4.0
10.0 -2.0 0.0 -2.0 -6.0 -4.0
12.0 -2.0 0.0 -2.0 -6.0 -4.0
12.0 -2.0 2.0 -6.0 -6.0 -4.0
4.0 -2.0 4.0 -6.0 -8.0 -4.0
4.0 -2.0 2.0 -6.0 -4.0 -2.0
4.0 -4.0 4.0 -8.0 -10.0 -2.0
4.0 0.0 4.0 -8.0 -2.0 -2.0
2.0 0.0 4.0 -8.0 -10.0 0.0
0.0 2.0 4.0 -8.0 -10.0 0.0
0.0 2.0 4.0 -8.0 -10.0 -6.0
2.0 2.0 2.0 -6.0 -8.0 -6.0
2.0 -4.0 2.0 -6.0 -4.0 -2.0
2.0 -4.0 2.0 -10.0 -2.0 -2.0
2.0 -2.0 2.0 -10.0 -2.0 -4.0
6.0 -2.0 2.0 -6.0 -6.0 -4.0
6.0 2.0 8.0 -4.0 -8.0 -4.0
8.0 2.0 2.0 0.0 -8.0 0.0
8.0 -2.0 2.0 -4.0 -4.0 0.0
8.0 -2.0 2.0 0.0 -4.0 -10.0
4.0 -4.0 0.0 -4.0 -4.0 -10.0
4.0 0.0 2.0 -8.0 -2.0 -6.0
4.0 0.0 0.0 -8.0 -2.0 -2.0
4.0 0.0 0.0 -2.0 -6.0 -2.0
4.0 2.0 0.0 -2.0 -10.0 -2.0
12.0 2.0 0.0 -4.0 -10.0 -8.0
12.0 4.0 -6.0 -4.0 -10.0 -8.0
10.0 4.0 -6.0 2.0 -8.0 -8.0
10.0 -6.0 0.0 2.0 -6.0 -6.0
10.0 -6.0 0.0 -10.0 -6.0 -6.0
-28.0 4.0 0.0 -10.0 -8.0 -6.0
-66.0 4.0 -2.0 -6.0 -8.0 -8.0
-92.0 4.0 -4.0 -6.0 -8.0 -10.0
-100.0 -2.0 -6.0 -8.0 -12.0 -10.0
-100.0 -2.0 -6.0 -24.0 -12.0 -6.0
-100.0 0.0 -6.0 -26.0 -12.0 -6.0
-100.0 0.0 -6.0 -42.0 -12.0 -6.0
-100.0 -4.0 -6.0 -48.0 -18.0 -10.0
-100.0 -4.0 -26.0 -62.0 -20.0 -10.0
-100.0 -4.0 -26.0 -76.0 -20.0 -14.0
-22.0 -4.0 -6.0 -76.0 -20.0 -12.0
24.0 -10.0 -2.0 -76.0 -20.0 -14.0
30.0 -10.0 -2.0 -68.0 -16.0 -14.0
44.0 -20.0 2.0 -64.0 -6.0 -14.0
74.0 -12.0 -8.0 -62.0 -6.0 -16.0
88.0 -20.0 8.0 -52.0 -4.0 -24.0
100.0 -12.0 2.0 -52.0 -8.0 -24.0
100.0 -16.0 2.0 -52.0 -4.0 -18.0
100.0 -16.0 2.0 -58.0 -6.0 -18.0
100.0 -20.0 2.0 -58.0 -6.0 -18.0
100.0 -20.0 2.0 -52.0 -6.0 -16.0
100.0 -16.0 4.0 -52.0 -14.0 -16.0
100.0 -16.0 10.0 -56.0 -14.0 -20.0
100.0 -20.0 10.0 -56.0 -8.0 -20.0
100.0 -20.0 12.0 -48.0 -8.0 -20.0
100.0 -24.0 6.0 -48.0 -2.0 -20.0
100.0 -18.0 12.0 -50.0 0.0 -20.0
100.0 -24.0 6.0 -54.0 0.0 -20.0
100.0 -18.0 6.0 -50.0 -4.0 -14.0
100.0 -20.0 6.0 -44.0 -4.0 -14.0
98.0 -20.0 8.0 -44.0 -4.0 -26.0
96.0 -26.0 8.0 -44.0 -4.0 -26.0
96.0 -26.0 8.0 -44.0 2.0 -22.0
92.0 -28.0 14.0 -44.0 -4.0 -18.0
92.0 -28.0 14.0 -44.0 2.0 -18.0
86.0 -22.0 4.0 -44.0 0.0 -20.0
86.0 -22.0 4.0 -44.0 0.0 -20.0
86.0 -20.0 2.0 -46.0 0.0 -18.0
88.0 -24.0 8.0 -46.0 0.0 -18.0
90.0 -22.0 8.0 -46.0 0.0 -14.0
90.0 -24.0 14.0 -44.0 -2.0 -14.0
82.0 -24.0 14.0 -60.0 -2.0 -18.0
82.0 -24.0 10.0 -60.0 0.0 -22.0
82.0 -24.0 4.0 -60.0 2.0 -22.0
76.0 -22.0 10.0 -50.0 2.0 -22.0
84.0 -22.0 12.0 -50.0 2.0 -22.0
88.0 -26.0 12.0 -52.0 -4.0 -22.0
90.0 -26.0 4.0 -52.0 -4.0 -22.0
98.0 -26.0 2.0 -50.0 -8.0 -22.0
100.0 -24.0 4.0 -50.0 -8.0 -22.0
100.0 -20.0 6.0 -58.0 -8.0 -22.0
100.0 -18.0 8.0 -62.0 -10.0 -22.0
96.0 -20.0 6.0 -58.0 -10.0 -22.0
68.0 -18.0 2.0 -62.0 -10.0 -26.0
48.0 -22.0 -8.0 -62.0 -14.0 -26.0
18.0 -16.0 -14.0 -72.0 -14.0 -26.0
8.0 -16.0 -8.0 -76.0 -14.0 -24.0
-8.0 -16.0 -14.0 -72.0 -16.0 -24.0
-60.0 -16.0 -8.0 -66.0 -18.0 -24.0
-78.0 -16.0 -14.0 -66.0 -18.0 -22.0
-100.0 -16.0 -14.0 -66.0 -18.0 -14.0
-100.0 -14.0 -14.0 -66.0 -18.0 -10.0
-100.0 -14.0 -16.0 -62.0 -16.0 -14.0
-100.0 -12.0 -14.0 -60.0 -18.0 -10.0
-96.0 -8.0 -14.0 -56.0 -12.0 -4.0
-92.0 -6.0 -12.0 -54.0 -10.0 -4.0
-88.0 -6.0 -4.0 -52.0 -10.0 -10.0
-76.0 -2.0 2.0 -50.0 -10.0 -12.0
-64.0 2.0 4.0 -42.0 -10.0 -12.0
-54.0 2.0 8.0 -32.0 -8.0 -4.0
-52.0 4.0 12.0 -38.0 -6.0 2.0
-52.0 0.0 12.0 -32.0 -2.0 2.0
-52.0 -2.0 12.0 -26.0 -2.0 2.0
-42.0 -4.0 10.0 -20.0 -8.0 4.0
-26.0 -4.0 4.0 -22.0 -8.0 6.0
-14.0 -4.0 2.0 -22.0 -10.0 6.0
-12.0 4.0 2.0 -22.0 -8.0 -2.0
0.0 6.0 8.0 -30.0 -8.0 -2.0
4.0 6.0 8.0 -30.0 -8.0 -2.0
4.0 10.0 10.0 -26.0 -8.0 2.0
-4.0 14.0 8.0 -26.0 -6.0 -2.0
-4.0 10.0 4.0 -26.0 -4.0 -2.0
2.0 8.0 4.0 -16.0 -4.0 -2.0
2.0 6.0 2.0 -10.0 0.0 2.0
4.0 8.0 0.0 -10.0 0.0 10.0
4.0 8.0 2.0 -10.0 0.0 10.0
0.0 8.0 4.0 -20.0 -6.0 4.0
-4.0 10.0 10.0 -20.0 -6.0 4.0
0.0 10.0 10.0 -14.0 -2.0 6.0
-4.0 10.0 8.0 -14.0 -2.0 6.0
-4.0 8.0 4.0 -20.0 -4.0 2.0
-4.0 8.0 4.0 -20.0 -4.0 2.0
0.0 10.0 6.0 -16.0 -4.0 2.0
0.0 10.0 10.0 -14.0 -4.0 2.0
0.0 10.0 16.0 -14.0 -6.0 2.0
2.0 6.0 10.0 -12.0 -8.0 -2.0
2.0 6.0 4.0 -12.0 -8.0 -2.0
0.0 6.0 4.0 -14.0 -8.0 -2.0
0.0 6.0 2.0 -14.0 -2.0 -4.0
0.0 4.0 2.0 -18.0 0.0 -4.0
0.0 4.0 2.0 -8.0 0.0 -4.0
0.0 -12.0 4.0 -12.0 -2.0 -2.0
0.0 -12.0 6.0 -8.0 -4.0 0.0
4.0 -8.0 6.0 -12.0 -8.0 0.0
-2.0 4.0 6.0 -22.0 -8.0 2.0
-6.0 4.0 6.0 -22.0 -4.0 0.0
-6.0 4.0 6.0 -20.0 -4.0 0.0
-8.0 10.0 4.0 -14.0 -6.0 0.0
-8.0 10.0 4.0 -16.0 -8.0 0.0
-8.0 6.0 2.0 -16.0 -8.0 0.0
-4.0 6.0 2.0 -18.0 -8.0 -2.0
-4.0 8.0 0.0 -18.0 -6.0 -4.0
-4.0 10.0 2.0 -18.0 -6.0 -8.0
-6.0 8.0 2.0 -14.0 -6.0 -4.0
-6.0 6.0 2.0 -14.0 -6.0 -6.0
-6.0 6.0 12.0 -12.0 -2.0 0.0
-6.0 4.0 4.0 -10.0 0.0 0.0
-6.0 8.0 4.0 -10.0 0.0 0.0
-2.0 8.0 4.0 -12.0 0.0 0.0
-2.0 8.0 2.0 -12.0 0.0 0.0
-2.0 8.0 8.0 -12.0 0.0 4.0
-4.0 8.0 8.0 -14.0 0.0 4.0
-4.0 8.0 8.0 -14.0 -8.0 -2.0
-6.0 8.0 10.0 -14.0 -8.0 -2.0
4.0 8.0 4.0 -10.0 -2.0 0.0
0.0 6.0 12.0 -10.0 -2.0 0.0
0.0 6.0 12.0 -10.0 -2.0 0.0
-2.0 6.0 12.0 -10.0 0.0 2.0
-2.0 6.0 10.0 -10.0 0.0 2.0
4.0 6.0 8.0 -10.0 2.0 10.0
4.0 4.0 4.0 -20.0 2.0 -4.0
-2.0 4.0 4.0 -20.0 2.0 0.0
-2.0 4.0 4.0 -20.0 2.0 -2.0
-8.0 4.0 6.0 -12.0 2.0 0.0
4.0 6.0 14.0 -12.0 2.0 2.0
2.0 8.0 6.0 -16.0 2.0 2.0
2.0 10.0 12.0 -16.0 0.0 4.0
-2.0 8.0 4.0 -8.0 0.0 2.0
-4.0 8.0 12.0 -8.0 0.0 4.0
-8.0 8.0 4.0 -8.0 0.0 0.0
-8.0 8.0 2.0 -8.0 -2.0 -4.0
-8.0 4.0 2.0 -10.0 0.0 -4.0
-8.0 4.0 2.0 -10.0 -4.0 -2.0
-10.0 0.0 10.0 -10.0 -4.0 10.0
-10.0 8.0 10.0 -10.0 -4.0 0.0
-2.0 2.0 10.0 -8.0 -4.0 0.0
-2.0 4.0 2.0 -12.0 -2.0 0.0
-4.0 4.0 14.0 -12.0 -6.0 0.0
-4.0 6.0 4.0 -12.0 -2.0 2.0
-4.0 6.0 10.0 -14.0 -4.0 2.0
-10.0 4.0 10.0 -14.0 -4.0 0.0
-10.0 4.0 10.0 -14.0 -4.0 0.0
-6.0 6.0 12.0 -14.0 -4.0 0.0
0.0 6.0 8.0 -14.0 -4.0 0.0
4.0 6.0 8.0 -12.0 -4.0 0.0
4.0 6.0 8.0 -12.0 -4.0 -2.0
0.0 6.0 10.0 -12.0 -4.0 -2.0
-2.0 6.0 10.0 -16.0 0.0 -2.0
-2.0 4.0 10.0 -16.0 0.0 -4.0
-2.0 10.0 8.0 -12.0 4.0 -4.0
-4.0 6.0 4.0 -6.0 -8.0 -2.0
-4.0 8.0 4.0 -12.0 -4.0 -2.0
-4.0 6.0 4.0 -8.0 -8.0 -2.0
-4.0 8.0 14.0 -24.0 -4.0 0.0
-4.0 6.0 14.0 -12.0 0.0 2.0
-4.0 2.0 4.0 -16.0 0.0 2.0
-2.0 2.0 2.0 -12.0 2.0 2.0
-4.0 2.0 2.0 -12.0 -2.0 0.0
-4.0 8.0 2.0 -6.0 -6.0 0.0
-4.0 2.0 12.0 -6.0 -6.0 0.0
-6.0 6.0 12.0 -12.0 -4.0 2.0
-6.0 6.0 6.0 -16.0 -4.0 2.0
-6.0 8.0 6.0 -12.0 -8.0 0.0
0.0 8.0 8.0 -12.0 -8.0 0.0
0.0 10.0 12.0 -12.0 -10.0 0.0
0.0 10.0 12.0 -12.0 -12.0 2.0
-4.0 6.0 2.0 -14.0 -12.0 2.0
-6.0 6.0 2.0 -16.0 -6.0 -2.0
-6.0 6.0 6.0 -16.0 -6.0 -2.0
-6.0 6.0 8.0 -8.0 2.0 -2.0
-2.0 6.0 16.0 -6.0 -6.0 -2.0
-2.0 8.0 16.0 -8.0 -4.0 0.0
-2.0 8.0 16.0 -8.0 -4.0 2.0
-2.0 8.0 16.0 -12.0 -2.0 2.0
-2.0 4.0 16.0 -12.0 0.0 2.0
-2.0 10.0 8.0 -12.0 2.0 -4.0
-2.0 4.0 8.0 -12.0 2.0 2.0
4.0 10.0 6.0 -14.0 2.0 2.0
4.0 10.0 14.0 -14.0 -10.0 2.0
0.0 12.0 8.0 -14.0 -10.0 0.0
0.0 12.0 12.0 -12.0 0.0 -2.0
0.0 12.0 8.0 -14.0 0.0 -2.0
0.0 6.0 4.0 -12.0 -2.0 -2.0
0.0 12.0 4.0 -20.0 -2.0 4.0
0.0 12.0 18.0 -18.0 -2.0 10.0
