# Target: pinch
# Dominant_Vision: Open Hand
0.0 6.0 -4.0 0.0 4.0 -4.0
0.0 0.0 -4.0 0.0 4.0 0.0
0.0 4.0 -6.0 -8.0 6.0 2.0
0.0 2.0 -6.0 -6.0 10.0 2.0
2.0 4.0 -8.0 -6.0 12.0 0.0
2.0 2.0 -8.0 -6.0 10.0 0.0
2.0 4.0 -8.0 0.0 8.0 -2.0
-2.0 4.0 -10.0 0.0 6.0 0.0
-2.0 4.0 -10.0 0.0 4.0 0.0
0.0 4.0 -10.0 0.0 4.0 4.0
0.0 4.0 -10.0 -2.0 4.0 0.0
-4.0 2.0 -10.0 -2.0 2.0 -2.0
-4.0 4.0 0.0 -2.0 -2.0 -10.0
0.0 -4.0 0.0 0.0 -2.0 -10.0
0.0 -2.0 -2.0 -8.0 -2.0 -10.0
0.0 -2.0 -8.0 -8.0 2.0 0.0
0.0 -2.0 -10.0 -8.0 4.0 0.0
0.0 -2.0 -10.0 -6.0 6.0 0.0
0.0 -2.0 -10.0 -2.0 6.0 -2.0
4.0 0.0 -10.0 2.0 6.0 -2.0
4.0 0.0 -10.0 2.0 4.0 0.0
8.0 0.0 -10.0 2.0 4.0 0.0
8.0 4.0 -8.0 4.0 4.0 0.0
10.0 4.0 -8.0 6.0 4.0 2.0
20.0 4.0 -4.0 6.0 2.0 2.0
20.0 0.0 -6.0 14.0 4.0 2.0
32.0 0.0 -6.0 20.0 4.0 0.0
44.0 -4.0 -6.0 32.0 12.0 0.0
56.0 -4.0 -2.0 46.0 14.0 -2.0
70.0 -2.0 -2.0 50.0 20.0 0.0
70.0 2.0 0.0 56.0 20.0 0.0
82.0 2.0 0.0 64.0 22.0 0.0
100.0 2.0 -6.0 74.0 26.0 0.0
100.0 2.0 -8.0 86.0 30.0 2.0
100.0 2.0 -6.0 94.0 36.0 6.0
100.0 2.0 -4.0 98.0 42.0 10.0
100.0 2.0 -4.0 100.0 42.0 10.0
100.0 0.0 6.0 100.0 52.0 10.0
100.0 12.0 6.0 100.0 54.0 0.0
100.0 16.0 12.0 100.0 54.0 6.0
100.0 16.0 12.0 100.0 58.0 6.0
100.0 14.0 12.0 100.0 58.0 8.0
100.0 12.0 10.0 100.0 68.0 10.0
100.0 14.0 10.0 100.0 68.0 10.0
100.0 12.0 10.0 100.0 68.0 14.0
100.0 18.0 6.0 100.0 72.0 8.0
100.0 18.0 6.0 100.0 76.0 10.0
100.0 18.0 4.0 100.0 72.0 8.0
100.0 18.0 8.0 100.0 70.0 6.0
100.0 16.0 10.0 100.0 70.0 4.0
100.0 20.0 12.0 100.0 70.0 2.0
100.0 16.0 10.0 100.0 72.0 2.0
100.0 10.0 14.0 100.0 80.0 -6.0
100.0 8.0 8.0 100.0 80.0 2.0
100.0 8.0 8.0 100.0 88.0 -4.0
100.0 12.0 6.0 100.0 90.0 -4.0
100.0 12.0 6.0 100.0 90.0 -4.0
100.0 18.0 6.0 100.0 94.0 -4.0
100.0 18.0 4.0 100.0 94.0 -4.0
100.0 18.0 4.0 100.0 80.0 0.0
100.0 16.0 4.0 100.0 78.0 -4.0
100.0 16.0 4.0 100.0 56.0 0.0
100.0 18.0 6.0 100.0 56.0 0.0
100.0 20.0 6.0 100.0 54.0 0.0
100.0 20.0 4.0 100.0 42.0 0.0
100.0 20.0 2.0 100.0 40.0 -2.0
100.0 18.0 2.0 100.0 36.0 -2.0
96.0 8.0 2.0 100.0 30.0 -2.0
90.0 8.0 4.0 94.0 28.0 2.0
76.0 10.0 4.0 82.0 18.0 -6.0
72.0 10.0 4.0 74.0 16.0 -2.0
76.0 10.0 4.0 68.0 16.0 -2.0
70.0 8.0 -4.0 60.0 16.0 -2.0
70.0 14.0 -4.0 58.0 14.0 -4.0
54.0 14.0 0.0 52.0 12.0 -4.0
40.0 14.0 0.0 46.0 12.0 -2.0
40.0 8.0 0.0 42.0 12.0 -2.0
38.0 8.0 -6.0 32.0 14.0 -2.0
34.0 8.0 -6.0 32.0 14.0 -2.0
34.0 12.0 0.0 26.0 14.0 -2.0
34.0 6.0 0.0 26.0 14.0 -2.0
30.0 6.0 -2.0 22.0 8.0 2.0
28.0 6.0 -2.0 22.0 8.0 2.0
28.0 6.0 -2.0 20.0 16.0 0.0
26.0 12.0 0.0 14.0 16.0 0.0
22.0 12.0 2.0 12.0 8.0 -6.0
24.0 12.0 0.0 10.0 8.0 -2.0
22.0 10.0 -2.0 10.0 12.0 -6.0
24.0 10.0 -2.0 12.0 12.0 -2.0
22.0 10.0 2.0 12.0 10.0 0.0
24.0 10.0 2.0 12.0 10.0 0.0
22.0 16.0 -2.0 8.0 8.0 2.0
18.0 8.0 -2.0 12.0 12.0 -4.0
18.0 8.0 -2.0 14.0 10.0 -4.0
26.0 8.0 -4.0 14.0 10.0 -4.0
26.0 8.0 -4.0 18.0 10.0 -8.0
20.0 16.0 -4.0 18.0 6.0 -8.0
18.0 20.0 -4.0 18.0 0.0 -6.0
18.0 22.0 -4.0 16.0 0.0 -4.0
16.0 20.0 4.0 16.0 0.0 -4.0
14.0 14.0 4.0 14.0 10.0 -4.0
16.0 12.0 4.0 14.0 10.0 -4.0
20.0 12.0 4.0 8.0 10.0 -6.0
20.0 8.0 4.0 6.0 6.0 -8.0
22.0 16.0 6.0 4.0 6.0 -6.0
22.0 10.0 2.0 0.0 14.0 -8.0
22.0 10.0 2.0 0.0 14.0 -6.0
20.0 10.0 2.0 0.0 6.0 -6.0
10.0 8.0 6.0 6.0 6.0 -6.0
18.0 6.0 6.0 6.0 6.0 -4.0
10.0 6.0 -4.0 6.0 6.0 -4.0
18.0 2.0 -4.0 16.0 10.0 -2.0
18.0 2.0 -2.0 16.0 10.0 4.0
18.0 6.0 -2.0 14.0 8.0 -2.0
18.0 6.0 0.0 10.0 6.0 -8.0
16.0 8.0 0.0 4.0 6.0 -8.0
14.0 6.0 2.0 4.0 6.0 -6.0
14.0 8.0 4.0 8.0 4.0 0.0
14.0 8.0 4.0 8.0 8.0 0.0
18.0 8.0 -6.0 10.0 10.0 0.0
18.0 8.0 -6.0 10.0 10.0 0.0
16.0 8.0 -2.0 6.0 10.0 0.0
16.0 12.0 0.0 4.0 14.0 4.0
10.0 12.0 0.0 6.0 14.0 -4.0
10.0 12.0 2.0 4.0 10.0 -6.0
10.0 10.0 2.0 10.0 8.0 -6.0
10.0 10.0 2.0 14.0 8.0 -2.0
10.0 10.0 0.0 14.0 8.0 -2.0
4.0 10.0 -8.0 12.0 8.0 2.0
4.0 14.0 -6.0 12.0 8.0 0.0
6.0 14.0 -6.0 12.0 8.0 2.0
10.0 12.0 -6.0 10.0 8.0 0.0
12.0 12.0 0.0 12.0 8.0 -4.0
12.0 12.0 -8.0 10.0 12.0 -4.0
10.0 8.0 0.0 10.0 8.0 -6.0
8.0 8.0 0.0 2.0 4.0 -2.0
8.0 8.0 0.0 0.0 4.0 0.0
8.0 8.0 2.0 0.0 4.0 0.0
10.0 6.0 0.0 8.0 8.0 -6.0
4.0 6.0 0.0 8.0 4.0 -6.0
6.0 10.0 -4.0 4.0 10.0 -6.0
4.0 12.0 -4.0 0.0 4.0 -4.0
6.0 10.0 -4.0 4.0 10.0 -4.0
4.0 8.0 -2.0 4.0 10.0 -4.0
4.0 4.0 -4.0 6.0 10.0 2.0
4.0 4.0 -4.0 12.0 6.0 2.0
2.0 4.0 -8.0 12.0 2.0 2.0
2.0 4.0 -8.0 12.0 2.0 0.0
2.0 4.0 -6.0 12.0 4.0 0.0
2.0 -2.0 4.0 6.0 4.0 0.0
4.0 4.0 4.0 6.0 6.0 -2.0
-2.0 4.0 4.0 6.0 2.0 -2.0
2.0 10.0 0.0 4.0 6.0 -2.0
2.0 14.0 0.0 4.0 6.0 -2.0
2.0 12.0 0.0 4.0 12.0 -2.0
0.0 12.0 -4.0 12.0 14.0 -2.0
0.0 12.0 -4.0 12.0 14.0 0.0
4.0 8.0 0.0 12.0 12.0 -2.0
4.0 8.0 0.0 10.0 10.0 -2.0
4.0 4.0 0.0 10.0 10.0 -2.0
-2.0 4.0 -6.0 8.0 10.0 2.0
-2.0 6.0 -6.0 8.0 6.0 2.0
-2.0 6.0 -6.0 8.0 6.0 -2.0
0.0 8.0 -6.0 8.0 8.0 -2.0
8.0 8.0 -6.0 8.0 8.0 -2.0
6.0 8.0 -4.0 8.0 8.0 -2.0
6.0 6.0 -2.0 4.0 12.0 -2.0
6.0 6.0 -2.0 4.0 14.0 0.0
6.0 6.0 -2.0 -2.0 14.0 2.0
4.0 10.0 -6.0 -2.0 14.0 2.0
4.0 10.0 -6.0 -2.0 14.0 -2.0
2.0 12.0 2.0 2.0 14.0 -6.0
8.0 6.0 2.0 2.0 10.0 -2.0
2.0 8.0 -8.0 2.0 8.0 0.0
8.0 6.0 -8.0 8.0 6.0 0.0
4.0 8.0 -6.0 8.0 6.0 2.0
4.0 10.0 0.0 4.0 4.0 -6.0
4.0 10.0 0.0 4.0 4.0 -6.0
2.0 6.0 0.0 4.0 4.0 -6.0
2.0 6.0 0.0 6.0 8.0 -2.0
2.0 6.0 2.0 8.0 8.0 -2.0
-6.0 12.0 2.0 6.0 8.0 -2.0
-6.0 4.0 2.0 12.0 6.0 -8.0
-6.0 12.0 -6.0 0.0 2.0 -8.0
4.0 12.0 -6.0 4.0 6.0 -4.0
4.0 14.0 -6.0 2.0 2.0 -4.0
4.0 14.0 0.0 2.0 6.0 -4.0
4.0 10.0 0.0 2.0 4.0 -6.0
0.0 4.0 -2.0 2.0 6.0 -4.0
2.0 10.0 -4.0 6.0 8.0 0.0
2.0 8.0 -6.0 4.0 8.0 2.0
2.0 8.0 -6.0 4.0 6.0 6.0
-2.0 8.0 -6.0 4.0 6.0 2.0
-2.0 10.0 -8.0 -2.0 8.0 2.0
0.0 14.0 -8.0 6.0 8.0 0.0
0.0 12.0 4.0 -2.0 8.0 0.0
0.0 12.0 4.0 -2.0 8.0 0.0
-4.0 6.0 4.0 -2.0 8.0 -2.0
-4.0 6.0 -4.0 -2.0 8.0 -2.0
-4.0 8.0 -4.0 -6.0 8.0 -2.0
0.0 8.0 -2.0 -6.0 8.0 0.0
4.0 8.0 -2.0 0.0 6.0 4.0
0.0 10.0 -2.0 4.0 6.0 6.0
0.0 10.0 -2.0 6.0 4.0 4.0
0.0 6.0 -2.0 6.0 -2.0 -2.0
6.0 0.0 0.0 4.0 -2.0 -2.0
6.0 -4.0 -2.0 4.0 4.0 -2.0
6.0 -4.0 -6.0 4.0 8.0 0.0
6.0 8.0 -6.0 6.0 10.0 0.0
6.0 14.0 -6.0 6.0 8.0 2.0
6.0 14.0 -6.0 6.0 10.0 2.0
2.0 8.0 -6.0 4.0 8.0 -4.0
2.0 8.0 0.0 4.0 8.0 -4.0
0.0 12.0 0.0 8.0 8.0 -2.0
2.0 12.0 0.0 8.0 8.0 2.0
2.0 8.0 0.0 6.0 6.0 4.0
2.0 8.0 0.0 4.0 0.0 4.0
0.0 14.0 -6.0 6.0 0.0 0.0
0.0 14.0 4.0 6.0 0.0 -2.0
4.0 4.0 -6.0 6.0 4.0 -2.0
6.0 4.0 -6.0 6.0 0.0 -2.0
4.0 4.0 -6.0 4.0 0.0 -2.0
6.0 4.0 -4.0 6.0 0.0 -2.0
4.0 2.0 -4.0 4.0 6.0 0.0
4.0 2.0 -4.0 8.0 8.0 0.0
0.0 4.0 -4.0 10.0 8.0 0.0
4.0 4.0 0.0 10.0 8.0 -2.0
4.0 0.0 0.0 10.0 6.0 -2.0
4.0 0.0 -6.0 6.0 6.0 -2.0
0.0 6.0 -6.0 6.0 6.0 -2.0
