# Target: pinch
# Dominant_Vision: Open Hand
0.0 0.0 0.0 -2.0 -4.0 -4.0
0.0 -2.0 2.0 -2.0 0.0 0.0
0.0 -8.0 2.0 -2.0 0.0 -2.0
0.0 -8.0 0.0 -2.0 0.0 -2.0
0.0 -4.0 0.0 -8.0 0.0 -2.0
0.0 -4.0 0.0 -2.0 0.0 -6.0
2.0 -4.0 0.0 -4.0 4.0 -6.0
0.0 0.0 4.0 -4.0 4.0 -6.0
0.0 -4.0 4.0 -6.0 2.0 -6.0
0.0 -4.0 10.0 -6.0 2.0 -6.0
0.0 -4.0 10.0 -6.0 4.0 -6.0
2.0 -2.0 2.0 -6.0 4.0 -4.0
4.0 -2.0 2.0 -6.0 4.0 -10.0
4.0 -2.0 4.0 -8.0 4.0 -8.0
4.0 -4.0 4.0 0.0 2.0 -8.0
2.0 -4.0 4.0 -8.0 -2.0 -8.0
4.0 -4.0 4.0 0.0 -2.0 -6.0
2.0 -4.0 0.0 -6.0 2.0 2.0
6.0 -4.0 0.0 0.0 2.0 -4.0
4.0 6.0 2.0 2.0 0.0 -4.0
4.0 6.0 6.0 2.0 0.0 -4.0
4.0 -4.0 6.0 2.0 -4.0 -4.0
4.0 -6.0 -2.0 -2.0 -4.0 -4.0
4.0 -6.0 -2.0 2.0 -4.0 -4.0
0.0 2.0 -2.0 -2.0 2.0 -8.0
0.0 2.0 0.0 2.0 4.0 2.0
0.0 2.0 0.0 4.0 2.0 0.0
4.0 -2.0 0.0 6.0 2.0 2.0
4.0 -2.0 0.0 4.0 0.0 0.0
6.0 -2.0 2.0 6.0 0.0 0.0
2.0 -2.0 8.0 6.0 0.0 -2.0
8.0 -2.0 8.0 6.0 2.0 -4.0
10.0 -6.0 2.0 0.0 8.0 -4.0
10.0 -6.0 2.0 0.0 2.0 -4.0
18.0 -2.0 2.0 18.0 -6.0 -4.0
20.0 -2.0 4.0 18.0 -6.0 -6.0
36.0 -6.0 6.0 20.0 10.0 -6.0
40.0 -6.0 6.0 38.0 14.0 -6.0
46.0 -4.0 -2.0 40.0 18.0 -2.0
72.0 -2.0 -2.0 46.0 18.0 -2.0
80.0 -2.0 -2.0 56.0 18.0 -2.0
90.0 -2.0 -2.0 58.0 20.0 -6.0
98.0 -2.0 -4.0 74.0 24.0 -2.0
100.0 0.0 -4.0 80.0 26.0 -2.0
100.0 6.0 2.0 88.0 32.0 2.0
100.0 0.0 2.0 100.0 34.0 2.0
100.0 4.0 2.0 100.0 42.0 2.0
100.0 -2.0 2.0 100.0 42.0 2.0
100.0 2.0 2.0 100.0 42.0 0.0
100.0 -2.0 14.0 100.0 48.0 0.0
100.0 2.0 18.0 100.0 50.0 0.0
100.0 4.0 20.0 100.0 52.0 0.0
100.0 4.0 22.0 100.0 50.0 -2.0
100.0 4.0 20.0 100.0 52.0 0.0
100.0 8.0 16.0 100.0 56.0 -2.0
100.0 8.0 16.0 100.0 56.0 -6.0
100.0 4.0 16.0 100.0 58.0 -6.0
100.0 4.0 12.0 100.0 56.0 0.0
100.0 4.0 12.0 100.0 46.0 0.0
100.0 4.0 12.0 100.0 46.0 -2.0
100.0 2.0 14.0 100.0 44.0 -2.0
100.0 2.0 16.0 100.0 50.0 -2.0
100.0 0.0 16.0 100.0 44.0 2.0
100.0 -4.0 18.0 100.0 46.0 2.0
100.0 -4.0 18.0 100.0 42.0 -2.0
100.0 -2.0 14.0 100.0 46.0 -2.0
100.0 4.0 14.0 100.0 46.0 0.0
100.0 4.0 14.0 100.0 48.0 0.0
100.0 4.0 12.0 100.0 56.0 -6.0
100.0 0.0 12.0 100.0 48.0 -6.0
100.0 0.0 14.0 100.0 46.0 0.0
100.0 0.0 14.0 100.0 42.0 0.0
100.0 0.0 14.0 100.0 38.0 0.0
100.0 -4.0 14.0 100.0 36.0 -2.0
100.0 -2.0 10.0 78.0 30.0 -10.0
86.0 -2.0 12.0 74.0 20.0 -6.0
70.0 0.0 12.0 56.0 16.0 -6.0
60.0 2.0 12.0 56.0 16.0 -6.0
48.0 2.0 14.0 48.0 16.0 -6.0
40.0 0.0 14.0 36.0 16.0 -6.0
30.0 0.0 14.0 36.0 10.0 -14.0
4.0 -4.0 12.0 24.0 8.0 -10.0
4.0 -4.0 8.0 22.0 4.0 -10.0
2.0 -4.0 6.0 16.0 -6.0 -4.0
4.0 2.0 -2.0 2.0 -6.0 -4.0
2.0 2.0 -4.0 2.0 2.0 -8.0
0.0 -2.0 -8.0 2.0 2.0 -8.0
-4.0 -2.0 -8.0 -14.0 0.0 -8.0
-4.0 0.0 6.0 -14.0 -2.0 -8.0
-4.0 0.0 6.0 -14.0 -2.0 -6.0
-4.0 -6.0 2.0 4.0 0.0 -4.0
-14.0 -6.0 2.0 4.0 2.0 -4.0
-14.0 -6.0 2.0 -2.0 2.0 -4.0
-6.0 0.0 -2.0 -6.0 2.0 -8.0
-6.0 0.0 -2.0 -6.0 4.0 -8.0
-6.0 -2.0 -2.0 -14.0 4.0 -8.0
-10.0 -2.0 -2.0 -14.0 -2.0 -8.0
-6.0 -2.0 4.0 -14.0 -4.0 -8.0
-12.0 -10.0 2.0 -14.0 -2.0 -8.0
-6.0 -10.0 2.0 -14.0 -6.0 -6.0
-8.0 -8.0 2.0 -2.0 0.0 2.0
-8.0 -4.0 0.0 8.0 0.0 2.0
-8.0 -2.0 -4.0 8.0 2.0 -6.0
-8.0 2.0 -4.0 -14.0 2.0 -8.0
-8.0 -2.0 -4.0 -14.0 2.0 -6.0
-10.0 -6.0 -4.0 -14.0 0.0 -10.0
-10.0 -6.0 -2.0 2.0 0.0 -6.0
-6.0 -6.0 -2.0 -14.0 2.0 -4.0
0.0 4.0 2.0 -2.0 2.0 -4.0
-6.0 4.0 0.0 -14.0 0.0 -4.0
0.0 4.0 2.0 -2.0 -2.0 -6.0
-10.0 4.0 0.0 -14.0 -4.0 -2.0
-6.0 4.0 2.0 0.0 -4.0 -4.0
-6.0 4.0 2.0 0.0 2.0 -2.0
-6.0 0.0 2.0 0.0 2.0 -4.0
-2.0 -4.0 0.0 0.0 2.0 -4.0
-4.0 -4.0 -2.0 -2.0 -2.0 -4.0
-4.0 0.0 -2.0 -2.0 0.0 -4.0
-4.0 0.0 -2.0 -6.0 -2.0 -4.0
-4.0 0.0 0.0 -6.0 -4.0 -4.0
0.0 -2.0 2.0 -4.0 -4.0 -2.0
0.0 -2.0 2.0 0.0 -4.0 -2.0
-2.0 -2.0 2.0 2.0 -4.0 0.0
-2.0 4.0 2.0 2.0 -4.0 0.0
-8.0 4.0 0.0 4.0 0.0 0.0
-14.0 4.0 4.0 2.0 0.0 -4.0
-14.0 4.0 0.0 -14.0 -6.0 -4.0
-14.0 4.0 4.0 -14.0 -6.0 -4.0
-14.0 6.0 4.0 -14.0 -6.0 -8.0
-4.0 6.0 4.0 -10.0 -2.0 -6.0
-4.0 2.0 6.0 -10.0 -2.0 -6.0
-6.0 0.0 2.0 -2.0 -2.0 -6.0
-8.0 -2.0 2.0 4.0 -2.0 -6.0
-10.0 -8.0 -4.0 -2.0 -2.0 -10.0
-18.0 -4.0 -4.0 0.0 0.0 -8.0
-18.0 -4.0 -2.0 -2.0 0.0 -12.0
-12.0 -2.0 4.0 -2.0 2.0 -8.0
-8.0 2.0 -2.0 -4.0 -2.0 -4.0
-6.0 2.0 4.0 -4.0 4.0 -2.0
-8.0 2.0 0.0 2.0 -4.0 -4.0
-6.0 0.0 4.0 2.0 2.0 -4.0
-6.0 -4.0 0.0 0.0 -2.0 -6.0
-6.0 -6.0 2.0 0.0 -2.0 -6.0
-2.0 -10.0 -2.0 8.0 -4.0 -6.0
-2.0 -10.0 2.0 8.0 -4.0 -6.0
-2.0 -6.0 4.0 -2.0 -8.0 -6.0
-12.0 -4.0 6.0 -2.0 0.0 -6.0
-12.0 -4.0 4.0 -4.0 0.0 -6.0
-14.0 -4.0 4.0 4.0 10.0 -10.0
-8.0 4.0 4.0 -4.0 10.0 -12.0
-8.0 -4.0 4.0 2.0 4.0 -10.0
-8.0 -2.0 2.0 -14.0 4.0 -8.0
-4.0 -12.0 2.0 0.0 2.0 -8.0
-4.0 -8.0 0.0 0.0 2.0 -6.0
-4.0 -8.0 0.0 0.0 2.0 -6.0
-2.0 -4.0 6.0 10.0 2.0 2.0
-2.0 -2.0 6.0 -2.0 4.0 2.0
-2.0 -2.0 2.0 -2.0 -2.0 -8.0
-2.0 2.0 -2.0 -2.0 6.0 -8.0
-2.0 -2.0 -4.0 -2.0 2.0 -6.0
0.0 2.0 -2.0 -2.0 4.0 -4.0
0.0 0.0 -2.0 -14.0 4.0 -4.0
0.0 2.0 -2.0 -14.0 4.0 -4.0
0.0 0.0 -2.0 8.0 -2.0 -6.0
-4.0 4.0 -2.0 8.0 -2.0 -6.0
-4.0 0.0 0.0 0.0 -2.0 -10.0
-4.0 -6.0 2.0 0.0 0.0 -10.0
-4.0 -6.0 2.0 0.0 -2.0 -10.0
-6.0 -4.0 2.0 2.0 0.0 -6.0
-6.0 -4.0 2.0 -2.0 -4.0 -4.0
-4.0 -4.0 -2.0 10.0 -4.0 -4.0
-2.0 -2.0 -2.0 -2.0 -4.0 -4.0
0.0 -2.0 -2.0 -2.0 -2.0 -4.0
0.0 0.0 2.0 -2.0 0.0 -4.0
-8.0 -4.0 0.0 -4.0 0.0 -4.0
-8.0 2.0 6.0 4.0 0.0 -4.0
-8.0 2.0 6.0 -4.0 8.0 -2.0
-6.0 2.0 6.0 0.0 4.0 -2.0
-6.0 2.0 2.0 0.0 4.0 -6.0
-4.0 -6.0 0.0 0.0 2.0 -6.0
-2.0 -6.0 -2.0 -2.0 2.0 -2.0
0.0 -6.0 0.0 -2.0 4.0 -2.0
-2.0 2.0 -8.0 0.0 4.0 -6.0
-4.0 -6.0 0.0 0.0 -2.0 -6.0
-6.0 4.0 0.0 0.0 -2.0 -6.0
-8.0 4.0 0.0 -2.0 -4.0 -8.0
-6.0 4.0 10.0 0.0 -4.0 -2.0
-4.0 6.0 10.0 2.0 2.0 -4.0
-4.0 4.0 10.0 2.0 2.0 -2.0
-6.0 2.0 0.0 0.0 0.0 0.0
-6.0 0.0 -2.0 -4.0 0.0 2.0
-6.0 0.0 -2.0 -4.0 2.0 0.0
-6.0 0.0 -2.0 2.0 2.0 0.0
-6.0 -6.0 0.0 2.0 2.0 0.0
-4.0 -6.0 4.0 2.0 0.0 0.0
-16.0 -6.0 0.0 -14.0 -4.0 -8.0
-14.0 -4.0 4.0 4.0 -4.0 -10.0
-14.0 -4.0 4.0 -2.0 2.0 -10.0
-8.0 -4.0 4.0 4.0 2.0 -4.0
-2.0 -2.0 2.0 0.0 2.0 -4.0
-8.0 -2.0 2.0 0.0 4.0 -4.0
-10.0 2.0 2.0 0.0 4.0 -4.0
-10.0 2.0 -2.0 0.0 0.0 -6.0
-8.0 -10.0 -2.0 -14.0 -8.0 -6.0
-2.0 -10.0 2.0 -14.0 -8.0 -6.0
-2.0 -4.0 2.0 -6.0 -4.0 -6.0
-2.0 -4.0 -2.0 -2.0 -4.0 -6.0
-6.0 -4.0 -2.0 -6.0 0.0 -6.0
-10.0 -8.0 -4.0 -6.0 0.0 -2.0
-10.0 -6.0 0.0 -14.0 0.0 -2.0
-10.0 -6.0 -4.0 -14.0 8.0 -2.0
-10.0 -6.0 -4.0 -14.0 -2.0 -6.0
-10.0 -6.0 -4.0 -6.0 2.0 -12.0
-10.0 -6.0 0.0 -14.0 -4.0 -12.0
-10.0 -12.0 0.0 -4.0 0.0 -12.0
-10.0 -2.0 0.0 -4.0 0.0 -8.0
-2.0 -2.0 -4.0 -4.0 0.0 -12.0
-2.0 -2.0 -4.0 -4.0 0.0 -8.0
-4.0 -4.0 -4.0 -4.0 0.0 -6.0
-4.0 -4.0 4.0 2.0 0.0 -6.0
-4.0 -4.0 4.0 2.0 2.0 -6.0
-4.0 -4.0 4.0 0.0 0.0 -6.0
-6.0 -4.0 2.0 -8.0 6.0 -6.0
-10.0 -6.0 2.0 -8.0 4.0 -6.0
-10.0 -4.0 2.0 -6.0 6.0 -6.0
-12.0 -4.0 2.0 -6.0 4.0 -10.0
-12.0 -4.0 2.0 -14.0 2.0 -8.0
-12.0 -6.0 2.0 -14.0 0.0 -8.0
