# Target: pinch
# Dominant_Vision: Open Hand
2.0 4.0 8.0 0.0 4.0 4.0
6.0 4.0 4.0 0.0 6.0 4.0
6.0 4.0 8.0 -4.0 6.0 4.0
6.0 4.0 8.0 -4.0 8.0 4.0
4.0 4.0 8.0 -4.0 4.0 4.0
8.0 4.0 8.0 0.0 4.0 10.0
-2.0 2.0 8.0 2.0 4.0 -2.0
0.0 2.0 6.0 2.0 6.0 8.0
-2.0 2.0 12.0 -2.0 10.0 2.0
-6.0 0.0 8.0 -10.0 10.0 2.0
-6.0 0.0 14.0 -2.0 2.0 2.0
2.0 0.0 8.0 -6.0 2.0 10.0
2.0 0.0 14.0 2.0 2.0 10.0
0.0 0.0 10.0 -6.0 6.0 6.0
-6.0 2.0 12.0 -4.0 6.0 6.0
-6.0 0.0 12.0 -4.0 6.0 6.0
0.0 -2.0 12.0 2.0 8.0 6.0
0.0 -2.0 18.0 2.0 10.0 6.0
-2.0 4.0 6.0 2.0 8.0 6.0
-2.0 4.0 8.0 4.0 8.0 6.0
-2.0 4.0 8.0 4.0 4.0 14.0
2.0 8.0 10.0 4.0 4.0 2.0
0.0 -6.0 10.0 4.0 4.0 4.0
4.0 10.0 10.0 6.0 4.0 4.0
2.0 14.0 8.0 2.0 4.0 6.0
2.0 14.0 8.0 2.0 6.0 8.0
-2.0 4.0 10.0 2.0 4.0 8.0
-2.0 2.0 16.0 2.0 6.0 8.0
4.0 2.0 16.0 2.0 4.0 8.0
10.0 0.0 12.0 2.0 8.0 8.0
10.0 0.0 12.0 -4.0 10.0 4.0
10.0 0.0 12.0 -4.0 10.0 2.0
8.0 2.0 12.0 -4.0 12.0 2.0
8.0 2.0 12.0 4.0 12.0 2.0
10.0 8.0 12.0 4.0 12.0 6.0
18.0 8.0 14.0 4.0 8.0 6.0
20.0 0.0 14.0 4.0 8.0 4.0
20.0 -4.0 16.0 2.0 8.0 2.0
18.0 0.0 14.0 6.0 4.0 4.0
18.0 2.0 14.0 2.0 4.0 0.0
32.0 6.0 4.0 6.0 4.0 4.0
34.0 2.0 4.0 10.0 10.0 6.0
34.0 2.0 10.0 12.0 4.0 10.0
34.0 2.0 10.0 10.0 10.0 6.0
56.0 2.0 16.0 12.0 8.0 8.0
60.0 2.0 16.0 8.0 8.0 8.0
62.0 10.0 16.0 16.0 8.0 10.0
100.0 10.0 16.0 16.0 12.0 12.0
100.0 10.0 16.0 26.0 12.0 12.0
100.0 10.0 16.0 44.0 16.0 4.0
100.0 10.0 26.0 56.0 26.0 4.0
100.0 10.0 26.0 60.0 32.0 4.0
100.0 8.0 24.0 80.0 32.0 8.0
100.0 8.0 24.0 100.0 32.0 8.0
100.0 8.0 28.0 100.0 34.0 10.0
100.0 8.0 34.0 100.0 34.0 8.0
100.0 6.0 34.0 100.0 34.0 10.0
100.0 6.0 34.0 100.0 34.0 8.0
100.0 6.0 32.0 100.0 34.0 4.0
100.0 6.0 32.0 100.0 34.0 4.0
100.0 8.0 34.0 100.0 32.0 10.0
100.0 8.0 40.0 100.0 30.0 10.0
100.0 8.0 40.0 100.0 28.0 10.0
100.0 8.0 38.0 100.0 26.0 8.0
100.0 6.0 30.0 100.0 26.0 6.0
100.0 6.0 22.0 100.0 26.0 6.0
100.0 4.0 30.0 100.0 24.0 4.0
100.0 4.0 26.0 98.0 30.0 6.0
100.0 10.0 32.0 100.0 26.0 4.0
100.0 10.0 32.0 96.0 26.0 4.0
100.0 10.0 32.0 90.0 26.0 4.0
100.0 6.0 32.0 90.0 24.0 2.0
100.0 6.0 28.0 72.0 18.0 2.0
100.0 8.0 32.0 64.0 14.0 0.0
100.0 14.0 28.0 58.0 12.0 0.0
100.0 8.0 26.0 50.0 12.0 -4.0
100.0 8.0 22.0 48.0 12.0 -4.0
100.0 4.0 22.0 46.0 8.0 0.0
100.0 8.0 16.0 44.0 4.0 0.0
100.0 8.0 16.0 34.0 4.0 0.0
100.0 8.0 10.0 42.0 8.0 4.0
100.0 8.0 18.0 38.0 10.0 4.0
100.0 8.0 20.0 42.0 10.0 2.0
100.0 12.0 22.0 42.0 10.0 0.0
100.0 12.0 20.0 42.0 8.0 2.0
100.0 8.0 20.0 36.0 8.0 4.0
100.0 8.0 18.0 34.0 8.0 4.0
100.0 6.0 18.0 34.0 8.0 2.0
100.0 6.0 14.0 34.0 8.0 2.0
100.0 6.0 14.0 36.0 2.0 2.0
62.0 6.0 16.0 36.0 2.0 2.0
36.0 6.0 18.0 36.0 2.0 2.0
36.0 6.0 18.0 32.0 6.0 2.0
42.0 6.0 18.0 30.0 10.0 4.0
42.0 8.0 18.0 24.0 10.0 6.0
38.0 8.0 18.0 22.0 10.0 6.0
38.0 10.0 18.0 22.0 8.0 2.0
38.0 8.0 16.0 22.0 8.0 -2.0
42.0 10.0 16.0 26.0 4.0 -2.0
38.0 8.0 16.0 22.0 2.0 -2.0
42.0 6.0 18.0 22.0 -4.0 2.0
42.0 6.0 18.0 22.0 -4.0 4.0
42.0 8.0 18.0 22.0 -2.0 4.0
42.0 8.0 16.0 20.0 -2.0 2.0
42.0 4.0 16.0 20.0 -2.0 2.0
38.0 4.0 14.0 20.0 -4.0 4.0
40.0 4.0 14.0 22.0 10.0 4.0
40.0 6.0 18.0 22.0 -2.0 0.0
40.0 6.0 18.0 24.0 -2.0 0.0
40.0 8.0 14.0 16.0 -2.0 0.0
28.0 8.0 6.0 14.0 2.0 6.0
28.0 8.0 6.0 14.0 2.0 6.0
32.0 8.0 16.0 18.0 -2.0 6.0
40.0 8.0 16.0 18.0 -2.0 6.0
40.0 8.0 18.0 14.0 0.0 10.0
38.0 8.0 14.0 14.0 0.0 10.0
38.0 12.0 22.0 20.0 0.0 4.0
38.0 2.0 14.0 20.0 -2.0 2.0
40.0 2.0 20.0 16.0 8.0 2.0
34.0 2.0 14.0 16.0 2.0 2.0
40.0 12.0 12.0 10.0 2.0 2.0
40.0 12.0 8.0 10.0 2.0 8.0
40.0 10.0 8.0 14.0 6.0 8.0
40.0 10.0 8.0 14.0 6.0 2.0
34.0 14.0 10.0 14.0 2.0 2.0
38.0 14.0 10.0 14.0 -2.0 2.0
34.0 8.0 12.0 18.0 -2.0 2.0
34.0 8.0 10.0 18.0 2.0 8.0
34.0 6.0 12.0 20.0 4.0 2.0
34.0 10.0 12.0 20.0 4.0 4.0
34.0 6.0 12.0 18.0 4.0 4.0
40.0 4.0 12.0 18.0 -4.0 4.0
38.0 4.0 12.0 18.0 4.0 6.0
40.0 0.0 14.0 10.0 8.0 6.0
38.0 0.0 14.0 10.0 8.0 6.0
34.0 0.0 12.0 12.0 10.0 6.0
34.0 8.0 12.0 22.0 0.0 2.0
44.0 8.0 12.0 22.0 4.0 -2.0
44.0 8.0 12.0 22.0 4.0 2.0
36.0 8.0 12.0 20.0 4.0 6.0
36.0 8.0 8.0 20.0 4.0 6.0
42.0 10.0 12.0 20.0 4.0 6.0
42.0 10.0 8.0 20.0 0.0 10.0
38.0 16.0 14.0 14.0 2.0 10.0
38.0 16.0 6.0 14.0 2.0 8.0
30.0 8.0 14.0 14.0 2.0 2.0
40.0 8.0 14.0 18.0 2.0 8.0
40.0 8.0 14.0 18.0 2.0 6.0
40.0 8.0 14.0 18.0 2.0 8.0
46.0 8.0 10.0 24.0 4.0 6.0
40.0 4.0 14.0 18.0 6.0 -2.0
42.0 4.0 14.0 18.0 4.0 -4.0
42.0 4.0 16.0 18.0 0.0 -2.0
42.0 10.0 16.0 20.0 -2.0 -4.0
34.0 10.0 10.0 20.0 0.0 -4.0
34.0 -2.0 10.0 16.0 6.0 -4.0
34.0 -2.0 10.0 16.0 6.0 0.0
40.0 0.0 10.0 20.0 4.0 2.0
40.0 4.0 10.0 20.0 4.0 2.0
42.0 8.0 8.0 20.0 2.0 2.0
42.0 8.0 8.0 18.0 2.0 2.0
42.0 8.0 12.0 22.0 2.0 4.0
36.0 8.0 12.0 18.0 4.0 4.0
40.0 8.0 12.0 20.0 4.0 2.0
38.0 6.0 12.0 18.0 4.0 0.0
38.0 6.0 18.0 20.0 -2.0 0.0
38.0 6.0 18.0 18.0 -2.0 0.0
36.0 8.0 18.0 18.0 0.0 8.0
38.0 8.0 10.0 14.0 2.0 8.0
38.0 8.0 18.0 18.0 2.0 8.0
40.0 -4.0 18.0 18.0 2.0 10.0
40.0 -4.0 18.0 18.0 4.0 10.0
38.0 4.0 20.0 14.0 4.0 -2.0
38.0 4.0 12.0 14.0 8.0 -2.0
36.0 4.0 12.0 14.0 8.0 -2.0
42.0 4.0 8.0 16.0 8.0 2.0
36.0 2.0 8.0 14.0 4.0 6.0
38.0 2.0 12.0 18.0 2.0 10.0
32.0 2.0 14.0 14.0 2.0 10.0
36.0 6.0 14.0 16.0 4.0 8.0
36.0 8.0 12.0 16.0 4.0 2.0
44.0 8.0 12.0 16.0 2.0 2.0
44.0 8.0 16.0 16.0 -2.0 8.0
44.0 8.0 18.0 14.0 -2.0 10.0
42.0 8.0 18.0 16.0 0.0 8.0
42.0 10.0 14.0 12.0 4.0 0.0
42.0 8.0 6.0 18.0 4.0 0.0
34.0 8.0 6.0 10.0 4.0 4.0
34.0 8.0 6.0 18.0 4.0 4.0
36.0 12.0 16.0 18.0 4.0 4.0
38.0 12.0 16.0 18.0 6.0 2.0
42.0 8.0 14.0 18.0 0.0 2.0
42.0 8.0 14.0 18.0 0.0 6.0
42.0 8.0 14.0 18.0 0.0 8.0
40.0 6.0 14.0 12.0 0.0 6.0
38.0 6.0 14.0 12.0 4.0 0.0
36.0 6.0 12.0 14.0 4.0 0.0
38.0 8.0 14.0 18.0 6.0 0.0
36.0 8.0 20.0 14.0 6.0 6.0
40.0 6.0 20.0 18.0 6.0 8.0
32.0 4.0 20.0 18.0 2.0 8.0
34.0 6.0 12.0 18.0 2.0 6.0
34.0 4.0 12.0 14.0 4.0 4.0
34.0 6.0 12.0 14.0 4.0 4.0
34.0 8.0 22.0 18.0 4.0 0.0
34.0 8.0 22.0 18.0 4.0 8.0
40.0 8.0 22.0 18.0 4.0 0.0
40.0 8.0 18.0 16.0 6.0 8.0
40.0 8.0 18.0 14.0 6.0 2.0
40.0 8.0 18.0 16.0 8.0 10.0
40.0 12.0 14.0 20.0 6.0 10.0
40.0 8.0 16.0 20.0 8.0 10.0
40.0 8.0 16.0 18.0 2.0 10.0
34.0 6.0 16.0 16.0 2.0 8.0
36.0 6.0 12.0 16.0 2.0 8.0
36.0 6.0 12.0 20.0 2.0 8.0
36.0 6.0 12.0 20.0 4.0 2.0
40.0 4.0 12.0 24.0 4.0 2.0
40.0 6.0 14.0 20.0 4.0 -6.0
32.0 6.0 12.0 20.0 4.0 -6.0
32.0 8.0 12.0 20.0 2.0 2.0
30.0 10.0 12.0 8.0 2.0 2.0
32.0 8.0 12.0 20.0 2.0 4.0
34.0 10.0 10.0 18.0 4.0 4.0
34.0 8.0 10.0 20.0 4.0 4.0
32.0 10.0 14.0 18.0 4.0 4.0
32.0 8.0 14.0 16.0 4.0 4.0
38.0 4.0 16.0 14.0 4.0 0.0
38.0 4.0 12.0 10.0 0.0 0.0
38.0 4.0 16.0 10.0 0.0 4.0
42.0 4.0 12.0 10.0 0.0 4.0
