# Target: pinch
# Dominant_Vision: Open Hand
0.0 12.0 2.0 0.0 0.0 0.0
10.0 4.0 0.0 -8.0 0.0 4.0
10.0 8.0 -2.0 -10.0 0.0 4.0
10.0 4.0 -16.0 -10.0 -2.0 2.0
10.0 8.0 -12.0 -8.0 -4.0 0.0
10.0 10.0 -14.0 -4.0 -4.0 -8.0
16.0 10.0 -12.0 -8.0 -4.0 -8.0
14.0 8.0 -6.0 -4.0 -8.0 -2.0
14.0 2.0 -4.0 -8.0 -8.0 0.0
10.0 2.0 2.0 -4.0 -10.0 0.0
10.0 2.0 2.0 -8.0 -10.0 0.0
6.0 0.0 0.0 -4.0 -10.0 0.0
12.0 0.0 -2.0 -4.0 -2.0 0.0
12.0 2.0 -8.0 -4.0 -2.0 2.0
12.0 10.0 -10.0 -4.0 -6.0 4.0
12.0 10.0 -10.0 -4.0 -6.0 4.0
12.0 6.0 -8.0 -2.0 -6.0 2.0
12.0 6.0 0.0 -2.0 2.0 2.0
16.0 10.0 0.0 -4.0 2.0 2.0
16.0 10.0 0.0 -6.0 0.0 0.0
16.0 6.0 -2.0 -6.0 0.0 0.0
18.0 6.0 -2.0 -6.0 2.0 6.0
18.0 8.0 -2.0 -4.0 2.0 6.0
16.0 8.0 -2.0 -4.0 0.0 6.0
12.0 8.0 -2.0 -6.0 -2.0 2.0
10.0 8.0 -2.0 -8.0 -2.0 4.0
10.0 8.0 -4.0 -6.0 -6.0 4.0
18.0 8.0 -2.0 -6.0 -6.0 8.0
22.0 8.0 -4.0 4.0 0.0 8.0
24.0 10.0 -4.0 10.0 0.0 4.0
40.0 8.0 -6.0 10.0 0.0 4.0
40.0 14.0 -6.0 22.0 0.0 4.0
48.0 8.0 -4.0 26.0 12.0 -4.0
66.0 14.0 -2.0 32.0 16.0 -4.0
78.0 10.0 -2.0 38.0 18.0 4.0
100.0 22.0 -2.0 70.0 30.0 8.0
100.0 10.0 -4.0 74.0 32.0 8.0
100.0 8.0 -4.0 100.0 40.0 4.0
100.0 8.0 2.0 100.0 50.0 4.0
100.0 8.0 6.0 100.0 58.0 6.0
100.0 8.0 6.0 100.0 58.0 18.0
100.0 10.0 8.0 100.0 70.0 18.0
100.0 16.0 8.0 100.0 70.0 18.0
100.0 16.0 18.0 100.0 70.0 18.0
100.0 18.0 10.0 100.0 78.0 12.0
100.0 22.0 10.0 100.0 86.0 14.0
100.0 24.0 10.0 100.0 88.0 14.0
100.0 24.0 10.0 100.0 90.0 14.0
100.0 20.0 14.0 100.0 90.0 12.0
100.0 18.0 18.0 100.0 92.0 6.0
100.0 16.0 24.0 100.0 94.0 6.0
100.0 14.0 24.0 100.0 92.0 6.0
100.0 16.0 24.0 100.0 90.0 8.0
100.0 18.0 24.0 100.0 90.0 16.0
100.0 18.0 24.0 100.0 96.0 16.0
100.0 24.0 30.0 100.0 100.0 16.0
100.0 22.0 30.0 100.0 100.0 14.0
100.0 22.0 30.0 100.0 100.0 14.0
100.0 22.0 30.0 100.0 98.0 12.0
100.0 22.0 28.0 100.0 98.0 10.0
100.0 24.0 28.0 100.0 96.0 10.0
100.0 24.0 28.0 100.0 96.0 16.0
100.0 20.0 28.0 100.0 92.0 16.0
100.0 18.0 28.0 100.0 94.0 12.0
100.0 18.0 28.0 100.0 94.0 12.0
100.0 16.0 28.0 100.0 96.0 14.0
100.0 14.0 28.0 100.0 96.0 14.0
100.0 14.0 28.0 100.0 96.0 14.0
100.0 14.0 30.0 100.0 88.0 14.0
100.0 14.0 32.0 100.0 82.0 14.0
100.0 18.0 32.0 100.0 82.0 14.0
100.0 12.0 24.0 100.0 64.0 14.0
100.0 10.0 12.0 100.0 56.0 10.0
100.0 8.0 12.0 100.0 50.0 10.0
100.0 8.0 12.0 100.0 46.0 10.0
86.0 14.0 14.0 100.0 36.0 2.0
76.0 14.0 14.0 100.0 32.0 2.0
56.0 14.0 8.0 100.0 32.0 2.0
48.0 14.0 6.0 88.0 28.0 6.0
46.0 12.0 4.0 86.0 26.0 6.0
38.0 12.0 4.0 72.0 22.0 2.0
36.0 12.0 4.0 66.0 22.0 2.0
34.0 12.0 4.0 54.0 20.0 6.0
30.0 14.0 0.0 50.0 16.0 6.0
32.0 14.0 -2.0 46.0 12.0 4.0
30.0 14.0 -2.0 42.0 6.0 2.0
28.0 8.0 -4.0 32.0 6.0 2.0
24.0 8.0 -4.0 28.0 10.0 2.0
24.0 12.0 4.0 28.0 10.0 0.0
24.0 12.0 4.0 28.0 10.0 8.0
24.0 12.0 -2.0 28.0 4.0 0.0
24.0 6.0 -10.0 18.0 4.0 2.0
24.0 6.0 -10.0 8.0 6.0 2.0
24.0 6.0 -10.0 8.0 6.0 2.0
24.0 6.0 -6.0 10.0 0.0 2.0
14.0 6.0 -2.0 14.0 0.0 2.0
14.0 6.0 0.0 14.0 6.0 4.0
14.0 4.0 -2.0 16.0 6.0 4.0
20.0 4.0 -2.0 18.0 2.0 4.0
14.0 10.0 -2.0 16.0 2.0 0.0
20.0 10.0 -2.0 12.0 0.0 0.0
22.0 10.0 -2.0 12.0 4.0 4.0
26.0 10.0 -8.0 22.0 4.0 6.0
26.0 14.0 -8.0 22.0 4.0 8.0
28.0 14.0 -4.0 18.0 4.0 8.0
22.0 14.0 -4.0 6.0 4.0 4.0
22.0 14.0 -2.0 6.0 4.0 4.0
22.0 6.0 -2.0 6.0 4.0 4.0
22.0 14.0 -2.0 12.0 6.0 6.0
24.0 12.0 -2.0 16.0 4.0 6.0
14.0 12.0 -2.0 12.0 6.0 6.0
20.0 10.0 -2.0 12.0 2.0 6.0
18.0 2.0 0.0 10.0 2.0 6.0
20.0 2.0 -2.0 12.0 2.0 6.0
22.0 8.0 0.0 14.0 2.0 6.0
22.0 12.0 0.0 14.0 2.0 6.0
22.0 12.0 2.0 10.0 2.0 6.0
22.0 18.0 4.0 10.0 2.0 6.0
20.0 18.0 4.0 12.0 6.0 10.0
20.0 14.0 -8.0 16.0 2.0 10.0
22.0 14.0 -8.0 16.0 6.0 8.0
26.0 4.0 0.0 16.0 6.0 4.0
28.0 4.0 0.0 18.0 8.0 8.0
28.0 8.0 0.0 14.0 8.0 8.0
28.0 16.0 -6.0 12.0 8.0 10.0
28.0 16.0 -6.0 12.0 8.0 10.0
28.0 14.0 -8.0 18.0 8.0 6.0
28.0 6.0 -4.0 22.0 4.0 6.0
28.0 14.0 -6.0 18.0 4.0 10.0
22.0 12.0 -6.0 22.0 4.0 10.0
22.0 12.0 -6.0 14.0 0.0 4.0
22.0 12.0 -10.0 14.0 0.0 4.0
24.0 8.0 -2.0 14.0 4.0 4.0
22.0 14.0 -8.0 14.0 4.0 4.0
22.0 8.0 -2.0 18.0 6.0 -4.0
18.0 8.0 4.0 18.0 4.0 -4.0
22.0 8.0 4.0 18.0 4.0 0.0
22.0 8.0 -16.0 10.0 4.0 0.0
22.0 8.0 -16.0 10.0 4.0 0.0
22.0 12.0 -6.0 12.0 4.0 2.0
22.0 16.0 -6.0 12.0 8.0 8.0
22.0 18.0 -4.0 12.0 8.0 8.0
22.0 16.0 -4.0 18.0 6.0 4.0
24.0 14.0 -2.0 18.0 4.0 4.0
26.0 10.0 -8.0 18.0 2.0 4.0
26.0 10.0 -8.0 12.0 4.0 4.0
26.0 6.0 -8.0 12.0 2.0 4.0
24.0 4.0 -4.0 4.0 2.0 6.0
20.0 4.0 0.0 4.0 2.0 4.0
20.0 10.0 -4.0 8.0 4.0 4.0
20.0 18.0 -4.0 16.0 4.0 4.0
22.0 18.0 -12.0 16.0 6.0 4.0
22.0 18.0 -6.0 18.0 6.0 12.0
22.0 6.0 -6.0 18.0 6.0 12.0
22.0 6.0 -6.0 18.0 4.0 6.0
22.0 6.0 0.0 4.0 -2.0 4.0
22.0 10.0 0.0 4.0 4.0 2.0
22.0 10.0 0.0 10.0 -2.0 2.0
24.0 12.0 -8.0 10.0 0.0 6.0
24.0 12.0 -8.0 10.0 0.0 6.0
24.0 12.0 -2.0 4.0 2.0 6.0
24.0 2.0 -2.0 6.0 2.0 6.0
24.0 2.0 -8.0 6.0 2.0 6.0
24.0 2.0 -8.0 10.0 2.0 8.0
18.0 14.0 -8.0 12.0 0.0 10.0
18.0 18.0 -2.0 22.0 0.0 10.0
20.0 18.0 2.0 22.0 4.0 8.0
20.0 16.0 0.0 10.0 6.0 8.0
20.0 16.0 0.0 10.0 4.0 4.0
20.0 16.0 -4.0 12.0 4.0 12.0
22.0 12.0 -4.0 16.0 2.0 -4.0
22.0 12.0 2.0 12.0 2.0 4.0
14.0 12.0 2.0 16.0 2.0 -2.0
14.0 4.0 2.0 10.0 2.0 2.0
22.0 10.0 -8.0 10.0 2.0 2.0
24.0 8.0 -8.0 10.0 10.0 8.0
26.0 10.0 -6.0 16.0 8.0 12.0
24.0 12.0 -6.0 16.0 8.0 8.0
24.0 12.0 -4.0 14.0 0.0 4.0
24.0 8.0 -4.0 12.0 -2.0 2.0
24.0 4.0 -4.0 14.0 0.0 4.0
24.0 4.0 -6.0 18.0 2.0 4.0
24.0 4.0 -6.0 18.0 2.0 6.0
20.0 2.0 -6.0 18.0 2.0 4.0
20.0 2.0 -6.0 18.0 0.0 6.0
20.0 6.0 -4.0 20.0 2.0 6.0
20.0 8.0 -6.0 20.0 2.0 8.0
22.0 12.0 -4.0 20.0 2.0 8.0
22.0 18.0 -4.0 16.0 2.0 4.0
20.0 18.0 -4.0 18.0 6.0 2.0
20.0 16.0 -6.0 16.0 2.0 2.0
22.0 14.0 -6.0 18.0 2.0 2.0
24.0 14.0 -6.0 14.0 2.0 2.0
24.0 12.0 -4.0 20.0 2.0 2.0
24.0 12.0 -4.0 14.0 4.0 2.0
26.0 12.0 -4.0 8.0 4.0 2.0
26.0 10.0 -6.0 4.0 2.0 0.0
26.0 8.0 -6.0 4.0 2.0 0.0
20.0 6.0 -4.0 4.0 6.0 4.0
20.0 6.0 -2.0 10.0 6.0 4.0
22.0 10.0 0.0 10.0 0.0 4.0
22.0 10.0 0.0 10.0 0.0 2.0
22.0 14.0 -6.0 14.0 0.0 12.0
22.0 10.0 -6.0 14.0 0.0 0.0
24.0 2.0 -10.0 14.0 0.0 -2.0
18.0 2.0 -6.0 14.0 2.0 -2.0
16.0 4.0 -2.0 10.0 2.0 6.0
16.0 14.0 -2.0 8.0 2.0 6.0
22.0 14.0 -2.0 8.0 8.0 6.0
24.0 8.0 2.0 10.0 8.0 2.0
24.0 8.0 4.0 10.0 8.0 6.0
24.0 8.0 2.0 10.0 0.0 2.0
24.0 12.0 -6.0 8.0 4.0 2.0
26.0 12.0 -6.0 14.0 2.0 0.0
20.0 18.0 -6.0 8.0 4.0 0.0
28.0 18.0 0.0 2.0 6.0 2.0
26.0 14.0 0.0 2.0 6.0 2.0
26.0 10.0 -2.0 0.0 2.0 8.0
24.0 10.0 -2.0 8.0 0.0 8.0
24.0 20.0 -6.0 10.0 0.0 8.0
26.0 20.0 0.0 12.0 0.0 6.0
26.0 20.0 0.0 10.0 0.0 6.0
20.0 16.0 0.0 10.0 4.0 6.0
20.0 16.0 0.0 8.0 4.0 6.0
22.0 16.0 0.0 6.0 4.0 6.0
22.0 16.0 -4.0 6.0 2.0 8.0
22.0 14.0 -4.0 6.0 0.0 8.0
16.0 16.0 -4.0 6.0 0.0 10.0
16.0 16.0 -4.0 10.0 0.0 10.0
18.0 16.0 -4.0 8.0 -2.0 10.0
20.0 10.0 -4.0 10.0 0.0 4.0
20.0 10.0 4.0 8.0 0.0 4.0
20.0 10.0 4.0 8.0 2.0 0.0
20.0 10.0 6.0 4.0 6.0 0.0
16.0 12.0 6.0 2.0 6.0 4.0
18.0 12.0 -4.0 4.0 0.0 4.0
18.0 12.0 -4.0 6.0 0.0 0.0
18.0 10.0 -4.0 6.0 0.0 0.0
18.0 10.0 -4.0 6.0 2.0 2.0
