# Target: pinch
# Dominant_Vision: Open Hand
-4.0 16.0 0.0 0.0 0.0 6.0
-4.0 16.0 0.0 0.0 0.0 10.0
-4.0 24.0 -4.0 0.0 0.0 10.0
-4.0 26.0 -10.0 0.0 0.0 10.0
0.0 26.0 -10.0 0.0 -2.0 10.0
6.0 26.0 -6.0 0.0 -2.0 10.0
2.0 24.0 0.0 4.0 -2.0 10.0
2.0 24.0 0.0 4.0 -4.0 6.0
2.0 24.0 0.0 4.0 -4.0 6.0
0.0 24.0 0.0 6.0 -8.0 6.0
0.0 28.0 0.0 6.0 -8.0 6.0
-8.0 28.0 2.0 -4.0 -4.0 8.0
-8.0 28.0 2.0 -4.0 -4.0 8.0
2.0 20.0 2.0 6.0 -4.0 12.0
2.0 20.0 2.0 6.0 -2.0 12.0
2.0 20.0 -6.0 8.0 -2.0 6.0
10.0 28.0 -6.0 4.0 -2.0 2.0
10.0 22.0 0.0 2.0 -2.0 2.0
12.0 28.0 0.0 2.0 -2.0 8.0
8.0 26.0 0.0 2.0 2.0 8.0
8.0 26.0 -6.0 -6.0 -2.0 10.0
4.0 24.0 4.0 -6.0 -2.0 8.0
4.0 24.0 -4.0 2.0 -2.0 8.0
18.0 24.0 4.0 2.0 -2.0 4.0
22.0 28.0 4.0 4.0 -6.0 4.0
26.0 28.0 4.0 4.0 -8.0 6.0
30.0 28.0 0.0 6.0 -6.0 6.0
34.0 22.0 0.0 4.0 0.0 6.0
34.0 28.0 0.0 10.0 2.0 6.0
36.0 34.0 4.0 -6.0 2.0 14.0
38.0 34.0 -2.0 10.0 2.0 14.0
50.0 34.0 -2.0 12.0 0.0 2.0
68.0 32.0 -2.0 16.0 0.0 2.0
76.0 34.0 -2.0 16.0 0.0 0.0
100.0 40.0 -2.0 16.0 2.0 6.0
100.0 40.0 -4.0 24.0 2.0 -2.0
100.0 40.0 -2.0 28.0 2.0 4.0
100.0 40.0 6.0 46.0 6.0 4.0
100.0 40.0 6.0 52.0 6.0 4.0
100.0 36.0 6.0 74.0 6.0 6.0
100.0 36.0 6.0 80.0 10.0 8.0
100.0 36.0 6.0 100.0 10.0 8.0
100.0 34.0 6.0 100.0 16.0 14.0
100.0 34.0 10.0 100.0 24.0 14.0
100.0 26.0 14.0 100.0 26.0 12.0
100.0 22.0 18.0 100.0 26.0 8.0
100.0 22.0 24.0 100.0 26.0 12.0
100.0 22.0 24.0 100.0 32.0 14.0
100.0 28.0 24.0 100.0 32.0 14.0
100.0 36.0 20.0 100.0 32.0 12.0
100.0 28.0 20.0 100.0 36.0 8.0
100.0 30.0 20.0 100.0 36.0 8.0
100.0 26.0 26.0 100.0 34.0 8.0
100.0 28.0 26.0 100.0 34.0 8.0
100.0 28.0 26.0 100.0 34.0 14.0
100.0 30.0 26.0 100.0 32.0 8.0
100.0 30.0 30.0 100.0 32.0 14.0
100.0 30.0 30.0 100.0 34.0 8.0
100.0 24.0 20.0 100.0 34.0 10.0
100.0 24.0 20.0 100.0 38.0 4.0
100.0 24.0 30.0 100.0 42.0 10.0
100.0 28.0 30.0 100.0 42.0 4.0
100.0 24.0 30.0 100.0 38.0 0.0
100.0 26.0 30.0 100.0 34.0 0.0
100.0 26.0 30.0 100.0 34.0 12.0
100.0 38.0 28.0 100.0 32.0 12.0
100.0 38.0 24.0 100.0 32.0 10.0
100.0 38.0 24.0 100.0 28.0 4.0
100.0 38.0 20.0 100.0 26.0 2.0
100.0 34.0 20.0 100.0 22.0 4.0
100.0 34.0 16.0 100.0 22.0 -2.0
100.0 34.0 14.0 100.0 14.0 4.0
100.0 30.0 10.0 100.0 10.0 4.0
100.0 30.0 6.0 100.0 10.0 4.0
100.0 34.0 2.0 100.0 8.0 6.0
100.0 34.0 2.0 100.0 6.0 4.0
100.0 32.0 2.0 100.0 0.0 2.0
100.0 28.0 2.0 100.0 0.0 2.0
100.0 28.0 8.0 96.0 0.0 0.0
100.0 30.0 8.0 92.0 0.0 2.0
100.0 30.0 8.0 80.0 -4.0 2.0
100.0 30.0 4.0 72.0 -6.0 2.0
100.0 28.0 0.0 64.0 -6.0 0.0
100.0 30.0 -2.0 62.0 -4.0 0.0
100.0 32.0 -4.0 54.0 -2.0 4.0
100.0 32.0 -4.0 46.0 -4.0 4.0
100.0 32.0 2.0 54.0 -6.0 4.0
100.0 32.0 2.0 52.0 -6.0 4.0
100.0 32.0 2.0 52.0 -6.0 6.0
100.0 34.0 4.0 46.0 0.0 6.0
100.0 34.0 4.0 44.0 0.0 4.0
82.0 34.0 4.0 46.0 0.0 4.0
82.0 34.0 4.0 40.0 2.0 6.0
78.0 28.0 -2.0 34.0 2.0 6.0
78.0 32.0 -2.0 32.0 -4.0 6.0
76.0 28.0 -2.0 32.0 -8.0 8.0
74.0 32.0 0.0 32.0 -4.0 8.0
74.0 32.0 4.0 32.0 -4.0 4.0
72.0 32.0 4.0 30.0 4.0 4.0
78.0 32.0 2.0 26.0 4.0 4.0
72.0 32.0 -2.0 26.0 0.0 6.0
78.0 30.0 -2.0 28.0 -4.0 6.0
66.0 28.0 -2.0 28.0 -4.0 4.0
58.0 30.0 -2.0 28.0 -6.0 4.0
48.0 32.0 -4.0 26.0 -6.0 10.0
52.0 32.0 -4.0 26.0 -6.0 14.0
44.0 34.0 -4.0 24.0 0.0 10.0
52.0 32.0 -4.0 20.0 0.0 6.0
50.0 32.0 -8.0 20.0 -2.0 4.0
54.0 32.0 -8.0 20.0 -2.0 4.0
50.0 36.0 2.0 20.0 -2.0 4.0
50.0 36.0 4.0 20.0 -2.0 4.0
48.0 34.0 4.0 24.0 -2.0 4.0
48.0 34.0 4.0 18.0 -2.0 4.0
48.0 38.0 -4.0 26.0 -2.0 4.0
48.0 38.0 -4.0 26.0 -4.0 4.0
52.0 36.0 -2.0 26.0 -4.0 4.0
52.0 34.0 -2.0 24.0 0.0 2.0
54.0 32.0 -2.0 22.0 4.0 2.0
50.0 32.0 -2.0 24.0 4.0 4.0
48.0 32.0 -2.0 24.0 -6.0 6.0
48.0 32.0 0.0 26.0 -6.0 8.0
46.0 36.0 0.0 24.0 -4.0 8.0
50.0 30.0 0.0 20.0 4.0 4.0
46.0 30.0 -4.0 20.0 -4.0 4.0
50.0 30.0 -4.0 22.0 -4.0 6.0
46.0 36.0 0.0 26.0 -4.0 10.0
50.0 36.0 0.0 26.0 -2.0 10.0
50.0 36.0 0.0 18.0 -2.0 6.0
50.0 36.0 -6.0 10.0 -4.0 6.0
52.0 32.0 -10.0 10.0 -4.0 6.0
52.0 32.0 -6.0 32.0 -4.0 4.0
52.0 32.0 -4.0 32.0 0.0 8.0
46.0 34.0 2.0 26.0 -2.0 8.0
46.0 34.0 2.0 26.0 0.0 8.0
48.0 34.0 0.0 28.0 -2.0 6.0
50.0 34.0 -2.0 28.0 -2.0 6.0
48.0 34.0 -2.0 24.0 -2.0 8.0
48.0 34.0 -2.0 16.0 -2.0 8.0
14.0 34.0 0.0 16.0 4.0 2.0
10.0 34.0 0.0 20.0 -6.0 2.0
12.0 28.0 -6.0 20.0 4.0 6.0
8.0 28.0 -6.0 26.0 4.0 6.0
8.0 32.0 0.0 22.0 4.0 4.0
8.0 32.0 0.0 22.0 -8.0 4.0
10.0 32.0 -8.0 22.0 -12.0 10.0
10.0 32.0 -10.0 20.0 -12.0 10.0
10.0 32.0 -8.0 20.0 -6.0 10.0
4.0 32.0 0.0 26.0 -6.0 4.0
4.0 26.0 0.0 26.0 -6.0 4.0
4.0 34.0 -2.0 32.0 -6.0 4.0
4.0 36.0 -2.0 26.0 -6.0 4.0
8.0 36.0 -2.0 30.0 -6.0 4.0
8.0 32.0 -2.0 26.0 0.0 4.0
8.0 32.0 -2.0 30.0 -4.0 4.0
10.0 36.0 -6.0 26.0 -4.0 10.0
8.0 36.0 -6.0 24.0 -4.0 2.0
10.0 38.0 -6.0 20.0 -4.0 10.0
8.0 32.0 2.0 20.0 -2.0 12.0
8.0 30.0 2.0 22.0 -2.0 12.0
2.0 28.0 2.0 22.0 -8.0 8.0
2.0 28.0 -8.0 24.0 -8.0 6.0
8.0 28.0 -8.0 16.0 -6.0 6.0
10.0 28.0 -2.0 18.0 -6.0 6.0
10.0 38.0 -2.0 18.0 -6.0 4.0
4.0 36.0 -2.0 18.0 0.0 12.0
4.0 36.0 -4.0 18.0 0.0 4.0
4.0 30.0 0.0 22.0 0.0 8.0
10.0 30.0 -4.0 22.0 0.0 4.0
10.0 28.0 -6.0 24.0 -2.0 4.0
10.0 28.0 -6.0 20.0 -4.0 4.0
2.0 28.0 -4.0 18.0 -4.0 4.0
0.0 28.0 -4.0 18.0 -6.0 2.0
0.0 34.0 -4.0 16.0 -6.0 2.0
4.0 34.0 -6.0 18.0 -8.0 8.0
6.0 36.0 -2.0 16.0 -8.0 8.0
6.0 36.0 -6.0 16.0 -6.0 6.0
4.0 36.0 -2.0 16.0 -6.0 4.0
0.0 36.0 0.0 22.0 -4.0 6.0
4.0 32.0 0.0 22.0 -6.0 2.0
0.0 32.0 0.0 22.0 -6.0 12.0
4.0 32.0 -2.0 20.0 -12.0 2.0
4.0 32.0 -2.0 20.0 -12.0 2.0
4.0 34.0 -4.0 18.0 -4.0 2.0
10.0 32.0 -4.0 18.0 -2.0 4.0
10.0 34.0 -4.0 14.0 -2.0 4.0
6.0 34.0 -6.0 22.0 -2.0 4.0
4.0 34.0 -6.0 18.0 -6.0 4.0
4.0 36.0 4.0 18.0 -6.0 6.0
4.0 32.0 4.0 18.0 -6.0 8.0
4.0 40.0 0.0 20.0 -4.0 8.0
6.0 32.0 0.0 20.0 -4.0 8.0
4.0 28.0 0.0 16.0 -4.0 8.0
6.0 28.0 -2.0 16.0 -4.0 10.0
4.0 30.0 -2.0 14.0 -4.0 10.0
2.0 30.0 -2.0 12.0 -2.0 8.0
0.0 38.0 -2.0 12.0 -2.0 4.0
0.0 30.0 -2.0 14.0 -8.0 8.0
-2.0 30.0 0.0 14.0 -8.0 8.0
2.0 30.0 0.0 14.0 -2.0 12.0
2.0 30.0 0.0 14.0 -2.0 12.0
2.0 32.0 0.0 16.0 -4.0 2.0
2.0 36.0 0.0 16.0 -8.0 2.0
-2.0 36.0 0.0 16.0 -10.0 2.0
2.0 30.0 -4.0 14.0 -8.0 6.0
6.0 30.0 -4.0 14.0 -4.0 6.0
6.0 30.0 -2.0 14.0 -2.0 6.0
0.0 40.0 -2.0 16.0 -2.0 0.0
-2.0 36.0 -4.0 16.0 -4.0 0.0
-2.0 40.0 -4.0 22.0 -4.0 -2.0
6.0 36.0 -4.0 14.0 -10.0 6.0
6.0 32.0 -4.0 18.0 -10.0 6.0
2.0 32.0 -4.0 8.0 -8.0 6.0
2.0 30.0 0.0 16.0 -8.0 6.0
6.0 36.0 0.0 14.0 -8.0 12.0
6.0 30.0 2.0 14.0 -2.0 12.0
4.0 28.0 0.0 14.0 0.0 10.0
4.0 28.0 2.0 10.0 -2.0 4.0
-4.0 28.0 -4.0 14.0 -4.0 4.0
4.0 30.0 -4.0 10.0 -4.0 4.0
2.0 32.0 -8.0 10.0 -4.0 8.0
2.0 30.0 -6.0 10.0 -12.0 4.0
0.0 32.0 -6.0 10.0 -12.0 2.0
0.0 24.0 -2.0 16.0 -8.0 2.0
6.0 32.0 -2.0 16.0 -6.0 2.0
6.0 38.0 -2.0 14.0 -6.0 2.0
6.0 38.0 -2.0 14.0 -6.0 4.0
4.0 32.0 -2.0 14.0 -4.0 4.0
2.0 28.0 -2.0 12.0 -4.0 2.0
2.0 28.0 -2.0 10.0 -4.0 2.0
2.0 30.0 0.0 10.0 -4.0 4.0
2.0 30.0 0.0 18.0 -4.0 10.0
2.0 30.0 -4.0 18.0 -2.0 12.0
