# Target: pinch
# Dominant_Vision: Open Hand
0.0 0.0 -8.0 0.0 0.0 0.0
0.0 0.0 0.0 -4.0 -2.0 0.0
6.0 -4.0 0.0 -4.0 -4.0 2.0
6.0 -4.0 4.0 0.0 -2.0 -4.0
2.0 -4.0 2.0 0.0 4.0 0.0
2.0 -4.0 2.0 2.0 6.0 0.0
4.0 0.0 2.0 0.0 4.0 0.0
4.0 -2.0 -4.0 0.0 -2.0 -2.0
4.0 2.0 2.0 0.0 -2.0 -2.0
2.0 0.0 -4.0 -6.0 2.0 -2.0
0.0 2.0 -4.0 -8.0 2.0 -6.0
0.0 0.0 -4.0 -8.0 2.0 -6.0
0.0 2.0 -4.0 -8.0 0.0 -6.0
10.0 4.0 -2.0 -8.0 0.0 -6.0
10.0 4.0 -4.0 -4.0 0.0 -2.0
10.0 4.0 6.0 -2.0 2.0 -4.0
8.0 4.0 -4.0 0.0 2.0 -4.0
12.0 4.0 -4.0 0.0 6.0 -4.0
12.0 2.0 -4.0 0.0 0.0 -4.0
14.0 2.0 2.0 -6.0 2.0 -2.0
14.0 2.0 2.0 -6.0 2.0 -2.0
16.0 2.0 0.0 -2.0 2.0 -4.0
16.0 10.0 0.0 0.0 2.0 -4.0
20.0 -2.0 0.0 4.0 2.0 -2.0
34.0 6.0 4.0 10.0 6.0 -2.0
58.0 6.0 8.0 14.0 6.0 4.0
78.0 6.0 4.0 14.0 4.0 -4.0
78.0 10.0 6.0 14.0 4.0 0.0
82.0 0.0 -4.0 18.0 6.0 -2.0
94.0 -2.0 6.0 24.0 8.0 -2.0
100.0 -2.0 14.0 38.0 12.0 -4.0
100.0 4.0 14.0 56.0 14.0 -4.0
100.0 4.0 10.0 60.0 12.0 -4.0
100.0 10.0 10.0 68.0 16.0 0.0
100.0 2.0 14.0 68.0 12.0 -4.0
100.0 2.0 14.0 72.0 8.0 0.0
100.0 2.0 14.0 84.0 8.0 -6.0
100.0 2.0 14.0 84.0 12.0 -4.0
100.0 10.0 6.0 80.0 16.0 -4.0
100.0 10.0 8.0 80.0 12.0 -4.0
100.0 8.0 8.0 84.0 18.0 -4.0
100.0 8.0 14.0 96.0 18.0 -4.0
100.0 10.0 14.0 100.0 24.0 -4.0
100.0 10.0 14.0 100.0 24.0 -4.0
100.0 14.0 14.0 100.0 24.0 -4.0
100.0 6.0 20.0 100.0 20.0 -4.0
100.0 4.0 12.0 86.0 16.0 -6.0
100.0 4.0 12.0 72.0 16.0 -6.0
100.0 10.0 10.0 62.0 16.0 -2.0
100.0 12.0 8.0 50.0 14.0 -2.0
80.0 10.0 6.0 42.0 14.0 -6.0
74.0 4.0 6.0 36.0 10.0 -6.0
42.0 4.0 10.0 36.0 8.0 -8.0
30.0 6.0 10.0 42.0 8.0 -10.0
20.0 6.0 2.0 42.0 2.0 -10.0
20.0 4.0 2.0 30.0 2.0 -6.0
20.0 -2.0 0.0 30.0 6.0 -6.0
20.0 2.0 2.0 28.0 10.0 -4.0
16.0 2.0 2.0 28.0 10.0 -4.0
16.0 10.0 10.0 16.0 4.0 -4.0
16.0 10.0 10.0 16.0 4.0 -8.0
12.0 -10.0 8.0 16.0 4.0 -8.0
12.0 -10.0 4.0 24.0 -2.0 -6.0
10.0 -4.0 4.0 18.0 -2.0 -6.0
10.0 8.0 4.0 20.0 0.0 -6.0
4.0 6.0 2.0 18.0 6.0 -6.0
2.0 6.0 2.0 18.0 6.0 -8.0
2.0 6.0 0.0 16.0 4.0 -10.0
0.0 2.0 0.0 12.0 4.0 -8.0
2.0 6.0 0.0 16.0 2.0 -8.0
0.0 6.0 2.0 12.0 2.0 0.0
0.0 6.0 0.0 16.0 2.0 -4.0
-2.0 6.0 0.0 16.0 2.0 0.0
0.0 8.0 -4.0 16.0 0.0 2.0
-2.0 6.0 -4.0 18.0 0.0 2.0
8.0 8.0 -4.0 16.0 0.0 -2.0
-6.0 6.0 0.0 16.0 4.0 -2.0
2.0 6.0 0.0 14.0 4.0 -2.0
2.0 6.0 0.0 14.0 4.0 -4.0
2.0 4.0 0.0 14.0 4.0 -4.0
2.0 2.0 -2.0 12.0 0.0 -4.0
0.0 2.0 -2.0 12.0 4.0 -4.0
0.0 6.0 -2.0 8.0 8.0 -4.0
0.0 10.0 2.0 8.0 8.0 -8.0
0.0 6.0 4.0 6.0 2.0 -8.0
-2.0 10.0 2.0 6.0 2.0 -8.0
-2.0 6.0 -2.0 6.0 4.0 -8.0
-2.0 12.0 -2.0 16.0 4.0 -4.0
-2.0 6.0 0.0 16.0 4.0 -4.0
-6.0 0.0 0.0 10.0 10.0 -4.0
2.0 0.0 0.0 10.0 6.0 -2.0
2.0 2.0 4.0 10.0 6.0 -10.0
2.0 2.0 4.0 10.0 2.0 -4.0
2.0 2.0 2.0 8.0 2.0 -6.0
-2.0 2.0 -2.0 4.0 2.0 -6.0
-2.0 2.0 -4.0 2.0 0.0 -6.0
-2.0 6.0 -4.0 2.0 -4.0 -8.0
0.0 10.0 -2.0 2.0 -4.0 -8.0
0.0 10.0 -2.0 -4.0 -2.0 -8.0
0.0 4.0 -2.0 -4.0 0.0 -10.0
0.0 0.0 2.0 -6.0 0.0 -6.0
2.0 4.0 4.0 -6.0 2.0 -6.0
2.0 0.0 2.0 -8.0 0.0 0.0
-2.0 0.0 0.0 -4.0 2.0 0.0
-4.0 0.0 0.0 0.0 2.0 -8.0
-2.0 0.0 0.0 0.0 2.0 -10.0
-2.0 2.0 -2.0 0.0 0.0 -10.0
-2.0 2.0 0.0 -2.0 -4.0 0.0
-4.0 2.0 2.0 0.0 -4.0 0.0
-4.0 2.0 4.0 -2.0 -4.0 0.0
-2.0 0.0 4.0 -6.0 0.0 -4.0
-2.0 0.0 0.0 -6.0 0.0 0.0
-4.0 4.0 0.0 6.0 0.0 -4.0
-4.0 4.0 0.0 6.0 -4.0 -4.0
-6.0 0.0 -2.0 0.0 -2.0 -6.0
-6.0 0.0 -2.0 -4.0 -2.0 -8.0
-2.0 0.0 -2.0 -2.0 -2.0 -8.0
0.0 2.0 2.0 -2.0 -2.0 -6.0
-2.0 2.0 -4.0 -2.0 -2.0 -6.0
-8.0 6.0 2.0 -4.0 2.0 2.0
-8.0 6.0 4.0 -4.0 2.0 2.0
-2.0 6.0 4.0 -4.0 2.0 -2.0
-2.0 6.0 2.0 0.0 2.0 -4.0
2.0 6.0 0.0 0.0 -2.0 -6.0
4.0 6.0 2.0 0.0 2.0 -6.0
2.0 6.0 0.0 0.0 2.0 -6.0
-4.0 6.0 6.0 -2.0 2.0 -12.0
-4.0 2.0 0.0 -2.0 2.0 -12.0
0.0 2.0 -2.0 0.0 4.0 -4.0
2.0 6.0 -6.0 0.0 -4.0 -4.0
0.0 6.0 -2.0 0.0 4.0 -12.0
0.0 6.0 -2.0 6.0 6.0 -12.0
0.0 2.0 4.0 6.0 6.0 -8.0
0.0 2.0 4.0 -2.0 2.0 -8.0
-6.0 0.0 -2.0 -4.0 2.0 -8.0
-6.0 0.0 -2.0 -12.0 2.0 -8.0
-6.0 4.0 -2.0 -12.0 -2.0 -6.0
-6.0 6.0 0.0 -8.0 -2.0 -4.0
-6.0 8.0 0.0 -6.0 4.0 -6.0
-4.0 6.0 0.0 -2.0 4.0 -4.0
-4.0 4.0 0.0 -2.0 4.0 -8.0
-4.0 2.0 -2.0 -2.0 4.0 -4.0
-6.0 2.0 -2.0 -2.0 4.0 -8.0
-4.0 2.0 -6.0 -2.0 6.0 -4.0
-6.0 0.0 0.0 -4.0 6.0 -4.0
-4.0 0.0 0.0 -8.0 6.0 -4.0
-8.0 2.0 0.0 -8.0 4.0 -4.0
-4.0 2.0 0.0 -8.0 -4.0 -4.0
-10.0 2.0 -2.0 -4.0 -4.0 -4.0
-10.0 -2.0 2.0 -2.0 2.0 -4.0
-10.0 -2.0 2.0 -2.0 2.0 -4.0
-10.0 2.0 2.0 -4.0 0.0 -4.0
-6.0 2.0 0.0 -6.0 0.0 2.0
-6.0 2.0 -2.0 -6.0 0.0 -2.0
-6.0 6.0 -4.0 -8.0 0.0 2.0
-6.0 -2.0 -4.0 -6.0 0.0 0.0
-6.0 6.0 0.0 -14.0 2.0 4.0
-6.0 -2.0 2.0 -6.0 2.0 0.0
-10.0 4.0 0.0 -6.0 2.0 2.0
-10.0 -2.0 -2.0 -6.0 -2.0 0.0
-4.0 4.0 -2.0 -8.0 -2.0 0.0
0.0 4.0 4.0 -8.0 -2.0 0.0
0.0 6.0 4.0 -8.0 0.0 0.0
-2.0 6.0 4.0 -4.0 2.0 0.0
-2.0 6.0 -6.0 -4.0 6.0 0.0
-4.0 4.0 2.0 -8.0 6.0 0.0
-2.0 6.0 -4.0 -8.0 6.0 -4.0
-2.0 4.0 -4.0 -6.0 6.0 -4.0
0.0 0.0 -4.0 -2.0 4.0 -6.0
0.0 0.0 -2.0 -6.0 4.0 -6.0
0.0 2.0 0.0 0.0 -2.0 -8.0
2.0 4.0 0.0 -4.0 -2.0 -6.0
4.0 4.0 0.0 -4.0 2.0 -8.0
4.0 4.0 0.0 -4.0 4.0 -14.0
2.0 0.0 4.0 -2.0 4.0 -14.0
2.0 0.0 0.0 -2.0 4.0 -8.0
2.0 0.0 0.0 0.0 4.0 -8.0
8.0 2.0 0.0 -4.0 0.0 -8.0
8.0 0.0 0.0 -2.0 0.0 -8.0
8.0 4.0 0.0 -4.0 0.0 -8.0
4.0 0.0 0.0 -2.0 2.0 -8.0
4.0 0.0 0.0 -4.0 4.0 -8.0
4.0 0.0 -4.0 -4.0 4.0 -8.0
4.0 -4.0 -4.0 -6.0 4.0 -12.0
0.0 2.0 -2.0 -6.0 2.0 -12.0
-2.0 -4.0 -2.0 -6.0 0.0 -4.0
-2.0 2.0 4.0 0.0 0.0 -4.0
-2.0 4.0 4.0 -4.0 0.0 -4.0
-2.0 8.0 2.0 -4.0 2.0 -4.0
2.0 8.0 0.0 -6.0 2.0 -4.0
0.0 2.0 0.0 -6.0 2.0 -6.0
0.0 -2.0 0.0 -10.0 0.0 -4.0
0.0 -2.0 -2.0 -8.0 2.0 -4.0
-2.0 -2.0 0.0 -8.0 6.0 -4.0
0.0 0.0 -2.0 -8.0 6.0 -6.0
0.0 2.0 0.0 -8.0 2.0 -6.0
0.0 0.0 -2.0 -8.0 0.0 -4.0
0.0 -2.0 -2.0 -6.0 -2.0 -4.0
8.0 -2.0 -2.0 -6.0 -2.0 0.0
-4.0 0.0 2.0 -6.0 -2.0 -8.0
0.0 2.0 2.0 -6.0 4.0 -8.0
-4.0 2.0 2.0 -2.0 4.0 -8.0
0.0 2.0 4.0 -2.0 2.0 -8.0
-4.0 0.0 4.0 -2.0 2.0 -8.0
6.0 0.0 4.0 -2.0 4.0 -8.0
2.0 -2.0 2.0 -2.0 4.0 -10.0
2.0 -4.0 2.0 -6.0 4.0 -10.0
0.0 -4.0 2.0 -6.0 4.0 -10.0
-6.0 0.0 0.0 -6.0 4.0 -4.0
-6.0 2.0 4.0 -4.0 2.0 -4.0
0.0 2.0 6.0 -6.0 2.0 -4.0
0.0 2.0 6.0 -2.0 2.0 2.0
0.0 -6.0 0.0 0.0 4.0 2.0
0.0 4.0 -2.0 0.0 4.0 -2.0
2.0 4.0 -4.0 -8.0 4.0 -4.0
4.0 8.0 -4.0 -8.0 2.0 -4.0
4.0 8.0 0.0 -4.0 0.0 -4.0
4.0 6.0 0.0 -4.0 2.0 0.0
-2.0 6.0 0.0 -4.0 0.0 0.0
4.0 6.0 -4.0 -8.0 0.0 2.0
4.0 6.0 -4.0 -8.0 0.0 0.0
4.0 6.0 -2.0 -4.0 2.0 0.0
2.0 8.0 6.0 -4.0 2.0 -4.0
-4.0 8.0 2.0 -4.0 2.0 -4.0
0.0 0.0 2.0 0.0 4.0 -6.0
-2.0 0.0 2.0 0.0 4.0 -6.0
-2.0 4.0 -4.0 -14.0 2.0 -6.0
-2.0 4.0 -4.0 -14.0 -2.0 -6.0
-4.0 2.0 -6.0 -4.0 2.0 -6.0
-2.0 -6.0 -4.0 -2.0 -2.0 -6.0
-2.0 -6.0 -2.0 0.0 -4.0 -4.0
