# Target: pinch
# Dominant_Vision: Open Hand
0.0 4.0 0.0 6.0 -10.0 -2.0
0.0 6.0 2.0 8.0 -10.0 0.0
0.0 6.0 2.0 8.0 -10.0 0.0
0.0 4.0 2.0 8.0 -16.0 0.0
-4.0 0.0 2.0 -2.0 -16.0 2.0
-6.0 -8.0 2.0 4.0 -16.0 4.0
-4.0 -8.0 2.0 -6.0 -10.0 4.0
-2.0 2.0 4.0 4.0 -10.0 0.0
-2.0 2.0 2.0 -4.0 -16.0 -4.0
-2.0 2.0 2.0 4.0 -16.0 -4.0
2.0 0.0 -4.0 2.0 -12.0 -4.0
2.0 2.0 -4.0 2.0 -12.0 6.0
-2.0 2.0 2.0 2.0 -12.0 6.0
-2.0 2.0 2.0 2.0 -12.0 6.0
-2.0 4.0 2.0 2.0 -12.0 0.0
-4.0 -2.0 2.0 2.0 -14.0 0.0
-6.0 2.0 2.0 6.0 -8.0 0.0
-6.0 -2.0 2.0 8.0 -12.0 -6.0
-2.0 -4.0 -2.0 6.0 -10.0 -6.0
4.0 -4.0 -2.0 4.0 -12.0 -4.0
4.0 -8.0 -2.0 4.0 -12.0 -2.0
4.0 -2.0 2.0 0.0 -14.0 0.0
2.0 -2.0 2.0 4.0 -14.0 2.0
0.0 -2.0 -4.0 8.0 -14.0 0.0
-6.0 -2.0 -4.0 8.0 -16.0 0.0
0.0 -8.0 4.0 8.0 -16.0 0.0
-6.0 -8.0 6.0 6.0 -14.0 0.0
0.0 -8.0 4.0 6.0 -14.0 0.0
0.0 -6.0 2.0 4.0 -14.0 0.0
2.0 2.0 2.0 4.0 -14.0 2.0
4.0 2.0 8.0 4.0 -12.0 2.0
4.0 6.0 8.0 6.0 -10.0 4.0
4.0 8.0 4.0 4.0 -12.0 -2.0
8.0 6.0 0.0 6.0 -10.0 0.0
10.0 -2.0 0.0 8.0 -10.0 0.0
14.0 -2.0 0.0 16.0 -10.0 0.0
30.0 0.0 8.0 26.0 -10.0 0.0
42.0 4.0 8.0 26.0 -10.0 0.0
74.0 4.0 8.0 36.0 -8.0 8.0
100.0 4.0 2.0 48.0 -2.0 8.0
100.0 12.0 14.0 62.0 0.0 0.0
100.0 12.0 6.0 70.0 0.0 0.0
100.0 8.0 20.0 90.0 0.0 4.0
100.0 8.0 18.0 100.0 0.0 10.0
100.0 4.0 18.0 100.0 0.0 10.0
100.0 4.0 10.0 100.0 6.0 8.0
100.0 0.0 10.0 100.0 6.0 6.0
100.0 0.0 20.0 100.0 8.0 6.0
100.0 4.0 20.0 100.0 8.0 6.0
100.0 6.0 20.0 100.0 10.0 4.0
100.0 6.0 20.0 100.0 10.0 6.0
100.0 6.0 20.0 100.0 10.0 8.0
100.0 6.0 12.0 100.0 8.0 8.0
100.0 2.0 12.0 100.0 8.0 0.0
100.0 2.0 12.0 100.0 8.0 0.0
100.0 0.0 22.0 100.0 20.0 0.0
100.0 14.0 32.0 100.0 24.0 -2.0
100.0 16.0 34.0 100.0 24.0 -2.0
100.0 20.0 34.0 100.0 24.0 4.0
100.0 24.0 24.0 100.0 16.0 4.0
100.0 24.0 24.0 100.0 14.0 2.0
100.0 18.0 24.0 100.0 10.0 2.0
100.0 8.0 24.0 100.0 2.0 -4.0
100.0 6.0 12.0 100.0 6.0 -4.0
72.0 6.0 2.0 96.0 -8.0 -4.0
52.0 2.0 2.0 68.0 -8.0 0.0
32.0 4.0 2.0 68.0 -8.0 2.0
24.0 2.0 4.0 68.0 -6.0 2.0
14.0 4.0 6.0 68.0 -6.0 2.0
14.0 4.0 4.0 58.0 -4.0 0.0
8.0 4.0 2.0 54.0 -14.0 0.0
4.0 10.0 0.0 50.0 -14.0 0.0
-2.0 6.0 2.0 40.0 -14.0 2.0
-2.0 8.0 8.0 38.0 -12.0 -2.0
-4.0 8.0 8.0 38.0 -12.0 -2.0
-10.0 8.0 4.0 40.0 -12.0 -2.0
-16.0 8.0 4.0 40.0 -12.0 -2.0
-20.0 6.0 4.0 40.0 -10.0 0.0
-24.0 2.0 4.0 40.0 -10.0 0.0
-26.0 0.0 4.0 40.0 -10.0 0.0
-30.0 0.0 0.0 40.0 -8.0 0.0
-30.0 -2.0 4.0 36.0 -8.0 -4.0
-32.0 4.0 4.0 36.0 -16.0 -2.0
-34.0 -4.0 6.0 36.0 -18.0 -2.0
-34.0 0.0 8.0 30.0 -18.0 0.0
-24.0 0.0 6.0 28.0 -18.0 4.0
-24.0 0.0 2.0 28.0 -16.0 6.0
-32.0 -6.0 2.0 28.0 -16.0 6.0
-32.0 -6.0 4.0 36.0 -10.0 6.0
-32.0 6.0 4.0 36.0 -6.0 6.0
-28.0 6.0 2.0 40.0 -10.0 4.0
-24.0 6.0 -6.0 30.0 -12.0 4.0
-24.0 6.0 -2.0 34.0 -12.0 2.0
-28.0 8.0 -2.0 30.0 -12.0 2.0
-30.0 8.0 -2.0 26.0 -14.0 -2.0
-30.0 6.0 2.0 22.0 -14.0 -2.0
-30.0 4.0 4.0 22.0 -14.0 8.0
-30.0 4.0 4.0 22.0 -14.0 8.0
-32.0 4.0 0.0 34.0 -12.0 8.0
-34.0 4.0 0.0 20.0 -12.0 2.0
-32.0 4.0 2.0 20.0 -12.0 0.0
-30.0 6.0 2.0 20.0 -14.0 0.0
-30.0 6.0 2.0 22.0 -14.0 0.0
-32.0 6.0 0.0 24.0 -14.0 -4.0
-38.0 4.0 0.0 28.0 -8.0 0.0
-32.0 0.0 0.0 26.0 -8.0 0.0
-32.0 0.0 0.0 26.0 -8.0 0.0
-32.0 8.0 4.0 26.0 -10.0 8.0
-32.0 8.0 4.0 30.0 -10.0 4.0
-44.0 6.0 4.0 30.0 -10.0 4.0
-38.0 4.0 8.0 28.0 -10.0 4.0
-38.0 0.0 8.0 26.0 -10.0 4.0
-36.0 2.0 8.0 28.0 -14.0 4.0
-28.0 2.0 10.0 22.0 -10.0 6.0
-30.0 4.0 10.0 28.0 -12.0 6.0
-30.0 4.0 0.0 22.0 -12.0 4.0
-32.0 4.0 -2.0 22.0 -14.0 2.0
-32.0 0.0 -2.0 22.0 -14.0 2.0
-38.0 0.0 4.0 30.0 -12.0 2.0
-38.0 0.0 4.0 30.0 -12.0 2.0
-32.0 2.0 4.0 30.0 -8.0 -2.0
-32.0 6.0 0.0 28.0 -8.0 -6.0
-34.0 4.0 -4.0 28.0 -8.0 -6.0
-34.0 4.0 -4.0 26.0 -12.0 0.0
-30.0 4.0 4.0 28.0 -12.0 0.0
-30.0 4.0 4.0 26.0 -12.0 -4.0
-30.0 6.0 4.0 26.0 -12.0 -4.0
-30.0 6.0 -2.0 22.0 -6.0 8.0
-30.0 0.0 -2.0 22.0 -12.0 8.0
-28.0 0.0 -4.0 20.0 -10.0 4.0
-30.0 0.0 2.0 20.0 -10.0 4.0
-30.0 4.0 4.0 24.0 -8.0 2.0
-38.0 4.0 4.0 26.0 -8.0 8.0
-38.0 4.0 8.0 26.0 -20.0 2.0
-36.0 4.0 8.0 26.0 -20.0 4.0
-34.0 0.0 8.0 20.0 -16.0 0.0
-32.0 0.0 4.0 18.0 -16.0 2.0
-32.0 -2.0 0.0 18.0 -14.0 2.0
-38.0 -2.0 0.0 22.0 -14.0 2.0
-38.0 -2.0 2.0 22.0 -14.0 2.0
-34.0 -2.0 4.0 26.0 -12.0 2.0
-28.0 -2.0 4.0 26.0 -12.0 -2.0
-30.0 4.0 8.0 26.0 -12.0 -8.0
-28.0 4.0 4.0 18.0 -14.0 -8.0
-28.0 2.0 6.0 18.0 -14.0 -8.0
-28.0 2.0 6.0 24.0 -14.0 -6.0
-32.0 2.0 6.0 24.0 -14.0 -6.0
-32.0 2.0 8.0 24.0 -12.0 -6.0
-26.0 2.0 8.0 24.0 -10.0 2.0
-26.0 0.0 2.0 24.0 -12.0 2.0
-30.0 4.0 0.0 24.0 -12.0 -2.0
-30.0 0.0 0.0 22.0 -12.0 -2.0
-40.0 -4.0 2.0 22.0 -8.0 -2.0
-32.0 -4.0 4.0 26.0 -8.0 -2.0
-34.0 0.0 4.0 26.0 -8.0 -2.0
-34.0 0.0 10.0 26.0 -10.0 0.0
-34.0 -6.0 2.0 26.0 -10.0 0.0
-34.0 -6.0 2.0 22.0 -12.0 -4.0
-34.0 -2.0 -2.0 20.0 -12.0 -4.0
-32.0 0.0 -2.0 20.0 -12.0 0.0
-32.0 4.0 8.0 20.0 -12.0 2.0
-32.0 4.0 8.0 26.0 -8.0 4.0
-32.0 4.0 8.0 26.0 -8.0 2.0
-34.0 4.0 2.0 20.0 -10.0 4.0
-34.0 0.0 0.0 18.0 -12.0 -2.0
-34.0 -2.0 0.0 18.0 -12.0 2.0
-32.0 -2.0 -4.0 24.0 -12.0 2.0
-34.0 -2.0 2.0 28.0 -8.0 2.0
-32.0 -2.0 6.0 30.0 -8.0 0.0
-34.0 -2.0 8.0 28.0 -10.0 -2.0
-32.0 6.0 8.0 26.0 -12.0 -4.0
-26.0 6.0 4.0 26.0 -12.0 -2.0
-26.0 4.0 0.0 28.0 -10.0 4.0
-30.0 -6.0 0.0 28.0 -10.0 6.0
-30.0 -8.0 6.0 24.0 -10.0 6.0
-30.0 -8.0 6.0 22.0 -8.0 4.0
-34.0 -4.0 4.0 24.0 -8.0 -2.0
-34.0 4.0 0.0 22.0 -10.0 4.0
-38.0 4.0 4.0 22.0 -16.0 -2.0
-40.0 0.0 2.0 22.0 -12.0 -4.0
-40.0 0.0 2.0 22.0 -16.0 -4.0
-38.0 2.0 2.0 22.0 -16.0 2.0
-30.0 6.0 0.0 22.0 -16.0 2.0
-30.0 6.0 10.0 12.0 -6.0 2.0
-32.0 0.0 4.0 14.0 -6.0 2.0
-38.0 -6.0 6.0 14.0 -12.0 0.0
-38.0 -6.0 6.0 22.0 -16.0 0.0
-38.0 -6.0 8.0 24.0 -12.0 0.0
-30.0 -14.0 8.0 24.0 -20.0 0.0
-22.0 2.0 12.0 22.0 -20.0 4.0
-30.0 -4.0 0.0 22.0 -20.0 4.0
-30.0 2.0 0.0 26.0 -12.0 6.0
-30.0 -4.0 0.0 26.0 -4.0 4.0
-30.0 4.0 4.0 20.0 -4.0 4.0
-34.0 4.0 6.0 16.0 -10.0 -2.0
-34.0 4.0 6.0 16.0 -10.0 -2.0
-24.0 4.0 6.0 22.0 -10.0 6.0
-24.0 -4.0 4.0 22.0 -10.0 6.0
-24.0 -4.0 2.0 24.0 -10.0 6.0
-26.0 -4.0 2.0 20.0 -6.0 2.0
-26.0 4.0 14.0 24.0 -6.0 -6.0
-28.0 4.0 14.0 28.0 -6.0 -6.0
-28.0 4.0 12.0 28.0 -6.0 4.0
-32.0 4.0 10.0 28.0 -6.0 6.0
-32.0 2.0 6.0 20.0 -10.0 6.0
-32.0 4.0 4.0 28.0 -10.0 6.0
-28.0 0.0 0.0 20.0 -8.0 6.0
-26.0 0.0 4.0 24.0 -4.0 2.0
-26.0 0.0 0.0 20.0 -8.0 -2.0
-26.0 0.0 8.0 24.0 -10.0 -2.0
-30.0 0.0 6.0 16.0 -16.0 -4.0
-30.0 2.0 6.0 16.0 -16.0 -6.0
-32.0 4.0 4.0 16.0 -12.0 -6.0
-32.0 6.0 4.0 26.0 -12.0 -2.0
-32.0 6.0 4.0 26.0 -12.0 4.0
-32.0 2.0 6.0 24.0 -8.0 6.0
-32.0 0.0 6.0 16.0 -8.0 6.0
-36.0 0.0 -4.0 16.0 -8.0 4.0
-38.0 4.0 -4.0 16.0 -10.0 0.0
-36.0 4.0 -4.0 16.0 -8.0 0.0
-34.0 4.0 0.0 14.0 -8.0 0.0
-32.0 4.0 0.0 8.0 -8.0 0.0
-30.0 4.0 0.0 8.0 -16.0 -2.0
-28.0 4.0 6.0 18.0 -16.0 -2.0
-28.0 0.0 6.0 20.0 -10.0 -2.0
-28.0 0.0 6.0 24.0 -10.0 -2.0
-30.0 -2.0 2.0 20.0 -12.0 -2.0
-28.0 -4.0 2.0 24.0 -12.0 -2.0
-34.0 -4.0 0.0 24.0 -12.0 4.0
