# Target: pinch
# Dominant_Vision: Open Hand
4.0 0.0 -8.0 2.0 6.0 0.0
4.0 0.0 -12.0 0.0 6.0 0.0
8.0 -8.0 -12.0 -12.0 8.0 0.0
14.0 -8.0 -2.0 -12.0 10.0 -2.0
8.0 -6.0 -2.0 -14.0 8.0 4.0
8.0 -6.0 0.0 -4.0 8.0 4.0
8.0 -6.0 0.0 -4.0 8.0 14.0
12.0 -6.0 2.0 -4.0 8.0 14.0
12.0 -8.0 2.0 -6.0 0.0 6.0
14.0 -2.0 0.0 -6.0 0.0 4.0
14.0 -8.0 0.0 4.0 6.0 4.0
14.0 -8.0 0.0 4.0 8.0 4.0
16.0 -8.0 -6.0 -4.0 8.0 2.0
18.0 -6.0 -6.0 -4.0 8.0 4.0
18.0 -6.0 -6.0 -2.0 6.0 8.0
18.0 -6.0 -8.0 -2.0 8.0 8.0
18.0 -6.0 -8.0 -6.0 8.0 8.0
24.0 2.0 4.0 -6.0 10.0 8.0
24.0 2.0 8.0 -2.0 10.0 4.0
24.0 -4.0 8.0 -2.0 10.0 4.0
26.0 -4.0 4.0 0.0 6.0 4.0
32.0 -4.0 0.0 2.0 16.0 4.0
36.0 -10.0 0.0 2.0 8.0 10.0
56.0 -10.0 4.0 8.0 12.0 10.0
84.0 -6.0 4.0 4.0 12.0 6.0
90.0 -6.0 4.0 12.0 12.0 4.0
100.0 -2.0 10.0 6.0 8.0 4.0
100.0 -2.0 10.0 18.0 8.0 0.0
100.0 -2.0 12.0 18.0 20.0 6.0
100.0 -2.0 10.0 38.0 20.0 2.0
100.0 -2.0 8.0 54.0 20.0 2.0
100.0 -2.0 8.0 76.0 20.0 2.0
100.0 -2.0 8.0 86.0 30.0 8.0
100.0 -2.0 14.0 88.0 32.0 8.0
100.0 0.0 18.0 92.0 30.0 8.0
100.0 0.0 18.0 92.0 26.0 8.0
100.0 -2.0 14.0 98.0 26.0 8.0
100.0 -2.0 14.0 100.0 26.0 8.0
100.0 -6.0 14.0 100.0 36.0 6.0
100.0 -6.0 22.0 100.0 34.0 6.0
100.0 -2.0 22.0 100.0 34.0 6.0
100.0 -2.0 24.0 100.0 34.0 6.0
100.0 -2.0 24.0 100.0 34.0 6.0
100.0 -2.0 24.0 100.0 32.0 4.0
100.0 6.0 24.0 100.0 32.0 6.0
100.0 6.0 24.0 100.0 32.0 8.0
100.0 6.0 12.0 100.0 32.0 8.0
100.0 0.0 12.0 98.0 26.0 2.0
100.0 0.0 12.0 72.0 16.0 2.0
100.0 -2.0 12.0 68.0 16.0 8.0
100.0 -4.0 10.0 50.0 16.0 8.0
100.0 -6.0 10.0 48.0 14.0 6.0
100.0 -8.0 10.0 46.0 14.0 6.0
100.0 -10.0 2.0 42.0 14.0 2.0
100.0 -8.0 2.0 38.0 14.0 2.0
96.0 -10.0 2.0 28.0 16.0 0.0
94.0 -6.0 2.0 28.0 16.0 0.0
80.0 -10.0 -2.0 28.0 14.0 0.0
76.0 -6.0 -4.0 12.0 8.0 0.0
76.0 -6.0 -4.0 8.0 8.0 4.0
76.0 -6.0 0.0 6.0 0.0 8.0
74.0 -6.0 4.0 2.0 8.0 8.0
70.0 -2.0 4.0 2.0 8.0 -2.0
44.0 -4.0 -8.0 0.0 8.0 -6.0
16.0 -4.0 -8.0 2.0 4.0 -2.0
16.0 -4.0 -8.0 6.0 4.0 2.0
16.0 -8.0 2.0 8.0 8.0 2.0
16.0 -8.0 -8.0 6.0 8.0 4.0
14.0 -8.0 2.0 0.0 4.0 4.0
14.0 -8.0 -2.0 0.0 2.0 2.0
14.0 -4.0 0.0 -2.0 4.0 2.0
14.0 -4.0 -2.0 -4.0 4.0 0.0
16.0 -4.0 -2.0 -4.0 4.0 -2.0
16.0 -12.0 -2.0 -12.0 8.0 0.0
16.0 -10.0 -6.0 -10.0 8.0 -4.0
16.0 -10.0 -4.0 -10.0 8.0 6.0
18.0 0.0 -4.0 -10.0 2.0 6.0
18.0 0.0 -4.0 -10.0 2.0 6.0
18.0 -4.0 -6.0 -10.0 4.0 0.0
12.0 -4.0 -6.0 -8.0 8.0 0.0
10.0 -2.0 -6.0 -6.0 8.0 4.0
8.0 0.0 0.0 -6.0 8.0 4.0
4.0 0.0 0.0 -6.0 10.0 4.0
4.0 -2.0 0.0 -6.0 2.0 0.0
4.0 -2.0 -2.0 -12.0 10.0 4.0
6.0 -4.0 -2.0 -12.0 10.0 4.0
8.0 -4.0 0.0 -16.0 10.0 8.0
8.0 -6.0 10.0 -20.0 2.0 4.0
16.0 -4.0 6.0 -20.0 2.0 2.0
8.0 -6.0 6.0 -16.0 8.0 2.0
16.0 -4.0 2.0 -8.0 8.0 2.0
8.0 -10.0 2.0 -8.0 6.0 2.0
18.0 -4.0 4.0 -10.0 6.0 2.0
8.0 -10.0 4.0 -10.0 6.0 0.0
12.0 -10.0 -4.0 -10.0 6.0 10.0
12.0 -12.0 -4.0 -6.0 0.0 -2.0
12.0 -10.0 -2.0 -8.0 6.0 6.0
8.0 -12.0 -2.0 -8.0 4.0 0.0
8.0 -10.0 -2.0 -14.0 6.0 0.0
8.0 -10.0 -8.0 -16.0 6.0 0.0
8.0 -8.0 -2.0 -16.0 8.0 6.0
10.0 -4.0 -2.0 -18.0 10.0 6.0
14.0 -2.0 -2.0 -18.0 10.0 4.0
10.0 -2.0 0.0 -18.0 8.0 4.0
10.0 -6.0 -6.0 -18.0 8.0 4.0
10.0 -8.0 0.0 -22.0 8.0 0.0
14.0 -6.0 0.0 -18.0 8.0 0.0
14.0 -10.0 0.0 -24.0 8.0 2.0
10.0 -10.0 0.0 -10.0 8.0 2.0
8.0 -10.0 -4.0 -12.0 6.0 2.0
10.0 -10.0 -4.0 -10.0 6.0 6.0
14.0 -10.0 -2.0 -10.0 4.0 6.0
16.0 -10.0 -2.0 -10.0 4.0 6.0
14.0 -6.0 0.0 -10.0 4.0 4.0
10.0 -6.0 -10.0 -12.0 4.0 0.0
6.0 -4.0 -4.0 -12.0 4.0 -2.0
10.0 -8.0 -4.0 -14.0 4.0 -2.0
12.0 -8.0 -4.0 -14.0 8.0 2.0
18.0 -8.0 -6.0 -14.0 8.0 2.0
12.0 -8.0 -6.0 -12.0 8.0 2.0
18.0 -8.0 -6.0 -12.0 8.0 2.0
12.0 -8.0 -8.0 -12.0 6.0 0.0
14.0 -4.0 -8.0 -12.0 6.0 0.0
14.0 -4.0 -8.0 -10.0 6.0 0.0
14.0 -8.0 0.0 -10.0 6.0 4.0
12.0 -8.0 2.0 -10.0 6.0 2.0
8.0 -6.0 2.0 -10.0 6.0 4.0
8.0 -6.0 2.0 -12.0 8.0 2.0
6.0 -8.0 2.0 -16.0 8.0 4.0
6.0 -8.0 -8.0 -12.0 12.0 0.0
12.0 -6.0 -6.0 -12.0 8.0 -2.0
12.0 -4.0 -8.0 -12.0 10.0 -2.0
12.0 -4.0 -12.0 -12.0 10.0 -2.0
10.0 -4.0 -12.0 -12.0 10.0 0.0
12.0 -10.0 -6.0 -10.0 8.0 0.0
14.0 -10.0 -2.0 -10.0 6.0 6.0
14.0 -10.0 0.0 -18.0 8.0 6.0
6.0 -12.0 -2.0 -18.0 10.0 4.0
2.0 -12.0 -4.0 -10.0 10.0 4.0
4.0 -6.0 -6.0 -8.0 10.0 4.0
4.0 -2.0 -4.0 -10.0 4.0 -2.0
10.0 -6.0 -4.0 -12.0 4.0 -4.0
10.0 -8.0 -2.0 -12.0 6.0 -2.0
10.0 -8.0 -2.0 -14.0 14.0 -2.0
16.0 -6.0 8.0 -14.0 14.0 8.0
16.0 -6.0 8.0 -22.0 14.0 4.0
14.0 -6.0 -2.0 -16.0 10.0 4.0
14.0 -6.0 -6.0 -16.0 6.0 4.0
14.0 -6.0 -6.0 -12.0 6.0 4.0
14.0 -10.0 -2.0 -10.0 4.0 6.0
14.0 -10.0 4.0 -6.0 4.0 4.0
8.0 -4.0 -2.0 -6.0 4.0 2.0
8.0 -4.0 -4.0 -12.0 4.0 2.0
12.0 -4.0 -4.0 -12.0 6.0 2.0
14.0 -6.0 -6.0 -12.0 8.0 2.0
12.0 -10.0 -4.0 -12.0 8.0 2.0
10.0 -10.0 -4.0 -22.0 10.0 0.0
10.0 -10.0 -4.0 -16.0 10.0 2.0
10.0 -10.0 0.0 -22.0 8.0 2.0
10.0 -8.0 -6.0 -16.0 2.0 4.0
8.0 -4.0 -6.0 -18.0 2.0 2.0
8.0 -8.0 -6.0 -12.0 4.0 0.0
16.0 -10.0 0.0 -14.0 4.0 0.0
16.0 -14.0 0.0 -12.0 4.0 4.0
16.0 -10.0 0.0 -12.0 4.0 8.0
14.0 -4.0 4.0 -12.0 8.0 4.0
14.0 -2.0 -6.0 -10.0 -4.0 8.0
16.0 2.0 -6.0 -10.0 6.0 8.0
16.0 2.0 -12.0 -8.0 4.0 8.0
12.0 0.0 -6.0 -8.0 4.0 6.0
12.0 -2.0 -2.0 -12.0 4.0 6.0
14.0 -8.0 2.0 -12.0 4.0 6.0
14.0 -8.0 2.0 -10.0 4.0 -2.0
12.0 -2.0 -8.0 -10.0 4.0 -2.0
12.0 -2.0 -8.0 -10.0 6.0 0.0
8.0 -6.0 -4.0 -10.0 6.0 2.0
12.0 -6.0 -2.0 -18.0 6.0 6.0
12.0 -6.0 -2.0 -18.0 -2.0 6.0
12.0 -8.0 -6.0 -16.0 -2.0 -2.0
12.0 -12.0 -6.0 -8.0 4.0 -2.0
4.0 -8.0 -6.0 -8.0 6.0 -2.0
4.0 -12.0 -6.0 -6.0 6.0 -2.0
16.0 -6.0 -6.0 -12.0 8.0 -4.0
16.0 -6.0 -4.0 -12.0 8.0 -4.0
16.0 -6.0 4.0 -12.0 8.0 0.0
16.0 -8.0 4.0 -12.0 6.0 0.0
16.0 -8.0 4.0 -24.0 6.0 6.0
20.0 -8.0 -6.0 -24.0 10.0 6.0
20.0 -8.0 -6.0 -14.0 10.0 0.0
20.0 -12.0 0.0 -12.0 10.0 0.0
18.0 -12.0 0.0 -14.0 8.0 0.0
10.0 -12.0 -2.0 -14.0 10.0 0.0
8.0 -2.0 -2.0 -14.0 12.0 -2.0
8.0 -2.0 -2.0 -14.0 12.0 -2.0
8.0 -2.0 -4.0 -12.0 6.0 2.0
10.0 -6.0 -4.0 -16.0 2.0 4.0
14.0 -6.0 -4.0 -16.0 2.0 4.0
14.0 -14.0 -10.0 -22.0 2.0 2.0
14.0 -2.0 -6.0 -16.0 4.0 -4.0
16.0 -10.0 -10.0 -20.0 6.0 -6.0
12.0 -2.0 -6.0 -14.0 6.0 -6.0
18.0 -10.0 0.0 -20.0 8.0 -4.0
8.0 -4.0 0.0 -14.0 8.0 2.0
12.0 -4.0 0.0 -14.0 10.0 2.0
12.0 -4.0 -2.0 -14.0 10.0 0.0
16.0 -4.0 -2.0 -14.0 4.0 0.0
16.0 -4.0 -4.0 -14.0 2.0 6.0
6.0 -16.0 -12.0 -14.0 -2.0 6.0
6.0 -12.0 -12.0 -12.0 2.0 4.0
10.0 -12.0 -4.0 -12.0 6.0 4.0
14.0 -12.0 -2.0 -16.0 8.0 4.0
14.0 -10.0 -4.0 -16.0 8.0 4.0
12.0 -10.0 0.0 -12.0 8.0 0.0
12.0 -10.0 -6.0 -12.0 -2.0 4.0
12.0 -6.0 -2.0 -12.0 -2.0 4.0
12.0 -8.0 -2.0 -12.0 8.0 4.0
14.0 -8.0 -2.0 -12.0 8.0 2.0
18.0 -8.0 -4.0 -12.0 8.0 0.0
18.0 -14.0 -12.0 -8.0 8.0 0.0
18.0 -14.0 -12.0 -14.0 6.0 4.0
18.0 -14.0 -2.0 -12.0 4.0 6.0
6.0 -12.0 0.0 -12.0 4.0 6.0
6.0 -4.0 0.0 -12.0 4.0 6.0
8.0 -8.0 2.0 -10.0 2.0 4.0
10.0 -8.0 0.0 -8.0 2.0 4.0
22.0 -8.0 0.0 -8.0 0.0 2.0
22.0 -8.0 0.0 -12.0 0.0 2.0
