# Target: pinch
# Dominant_Vision: Open Hand
-4.0 0.0 0.0 -6.0 -4.0 0.0
0.0 0.0 4.0 -6.0 -4.0 0.0
6.0 0.0 4.0 -6.0 -10.0 -6.0
6.0 0.0 4.0 -6.0 -8.0 -6.0
0.0 0.0 -2.0 -6.0 -8.0 -6.0
0.0 4.0 0.0 -6.0 -4.0 -4.0
0.0 4.0 -2.0 -6.0 -2.0 0.0
4.0 10.0 -2.0 -8.0 -4.0 -2.0
4.0 10.0 -2.0 -8.0 -8.0 -2.0
4.0 4.0 -4.0 -4.0 -8.0 -2.0
-2.0 4.0 -2.0 -4.0 -6.0 0.0
2.0 10.0 -2.0 -4.0 -4.0 0.0
0.0 10.0 2.0 -4.0 0.0 2.0
2.0 8.0 8.0 -4.0 0.0 -2.0
4.0 2.0 8.0 -4.0 -6.0 2.0
4.0 6.0 8.0 -6.0 -6.0 0.0
8.0 2.0 4.0 -2.0 -10.0 0.0
8.0 0.0 -2.0 -10.0 -2.0 -4.0
8.0 0.0 4.0 -2.0 -14.0 -4.0
8.0 10.0 8.0 -6.0 -10.0 -4.0
10.0 10.0 8.0 -6.0 -10.0 -4.0
10.0 8.0 4.0 -6.0 -2.0 -6.0
8.0 8.0 4.0 -6.0 -2.0 -2.0
4.0 6.0 4.0 0.0 2.0 -4.0
4.0 4.0 4.0 -8.0 -2.0 -2.0
4.0 4.0 2.0 -4.0 -2.0 -2.0
8.0 4.0 2.0 -4.0 -4.0 -2.0
8.0 4.0 2.0 -4.0 -4.0 0.0
2.0 2.0 4.0 -10.0 -4.0 0.0
2.0 2.0 8.0 -10.0 -4.0 0.0
4.0 2.0 4.0 -10.0 -6.0 -6.0
12.0 6.0 8.0 -10.0 -10.0 -6.0
12.0 0.0 0.0 -10.0 -10.0 -6.0
10.0 6.0 8.0 -4.0 4.0 0.0
10.0 0.0 2.0 -4.0 4.0 -4.0
16.0 14.0 2.0 8.0 -2.0 0.0
16.0 14.0 2.0 8.0 -2.0 -4.0
24.0 14.0 4.0 12.0 0.0 -2.0
24.0 14.0 4.0 22.0 0.0 -2.0
62.0 10.0 4.0 22.0 -4.0 -2.0
74.0 10.0 4.0 22.0 -4.0 0.0
100.0 10.0 6.0 20.0 -2.0 0.0
100.0 10.0 6.0 20.0 0.0 -2.0
100.0 4.0 14.0 48.0 6.0 -2.0
100.0 4.0 14.0 68.0 16.0 4.0
100.0 6.0 12.0 98.0 22.0 4.0
100.0 8.0 12.0 100.0 22.0 -4.0
100.0 8.0 20.0 100.0 28.0 -4.0
100.0 12.0 28.0 100.0 28.0 -6.0
100.0 4.0 28.0 100.0 28.0 0.0
100.0 12.0 20.0 100.0 26.0 4.0
100.0 12.0 14.0 100.0 26.0 4.0
100.0 12.0 14.0 100.0 26.0 4.0
100.0 12.0 16.0 100.0 22.0 2.0
100.0 10.0 22.0 100.0 22.0 2.0
100.0 10.0 30.0 100.0 20.0 -2.0
100.0 10.0 28.0 100.0 26.0 2.0
100.0 10.0 28.0 100.0 26.0 -2.0
100.0 14.0 22.0 100.0 30.0 2.0
100.0 14.0 22.0 100.0 26.0 0.0
100.0 16.0 24.0 100.0 28.0 0.0
100.0 16.0 24.0 100.0 24.0 -4.0
100.0 12.0 24.0 100.0 16.0 -4.0
100.0 10.0 24.0 100.0 16.0 2.0
100.0 4.0 26.0 96.0 14.0 2.0
100.0 10.0 26.0 84.0 6.0 -2.0
100.0 10.0 26.0 78.0 6.0 -2.0
100.0 10.0 26.0 78.0 2.0 -2.0
100.0 8.0 22.0 74.0 2.0 -4.0
100.0 2.0 22.0 72.0 0.0 0.0
100.0 8.0 14.0 60.0 0.0 -8.0
100.0 8.0 18.0 56.0 0.0 -4.0
100.0 8.0 16.0 38.0 -2.0 -4.0
100.0 4.0 16.0 28.0 -8.0 -4.0
100.0 2.0 14.0 24.0 -8.0 2.0
70.0 0.0 10.0 24.0 -8.0 -6.0
56.0 0.0 8.0 22.0 -8.0 2.0
56.0 4.0 6.0 14.0 -4.0 0.0
56.0 4.0 6.0 10.0 -4.0 0.0
54.0 2.0 6.0 14.0 -4.0 -2.0
54.0 2.0 4.0 6.0 -4.0 -4.0
12.0 -2.0 -2.0 10.0 -4.0 -4.0
12.0 -2.0 -2.0 6.0 -4.0 -6.0
12.0 -2.0 6.0 10.0 -4.0 -6.0
10.0 8.0 6.0 6.0 -4.0 -6.0
10.0 8.0 4.0 8.0 -4.0 -6.0
10.0 2.0 2.0 6.0 -8.0 -4.0
10.0 2.0 0.0 0.0 -8.0 -4.0
12.0 2.0 0.0 0.0 -10.0 -2.0
12.0 6.0 4.0 4.0 -10.0 -4.0
12.0 -2.0 4.0 6.0 -10.0 -2.0
12.0 -6.0 4.0 6.0 -4.0 -4.0
6.0 -10.0 4.0 4.0 -4.0 -4.0
6.0 -10.0 -4.0 4.0 -8.0 -4.0
-12.0 8.0 -4.0 4.0 -12.0 -4.0
-12.0 8.0 -4.0 4.0 -12.0 -4.0
-8.0 6.0 -4.0 -2.0 -4.0 -4.0
-8.0 6.0 -4.0 -8.0 -4.0 -4.0
-8.0 8.0 0.0 -8.0 -8.0 -4.0
-8.0 8.0 0.0 4.0 -8.0 -4.0
-8.0 8.0 6.0 4.0 -8.0 -4.0
-8.0 2.0 6.0 -4.0 -8.0 -4.0
-10.0 2.0 -6.0 -4.0 -12.0 -8.0
-10.0 2.0 -6.0 0.0 -12.0 -8.0
-10.0 2.0 -4.0 0.0 -12.0 -6.0
-10.0 0.0 -2.0 0.0 -2.0 -4.0
-12.0 0.0 -2.0 0.0 -2.0 -4.0
-12.0 -2.0 4.0 -4.0 -8.0 -2.0
-16.0 0.0 4.0 2.0 -10.0 -4.0
-16.0 0.0 6.0 -4.0 -8.0 -6.0
-16.0 2.0 2.0 2.0 -4.0 -6.0
-12.0 6.0 2.0 -6.0 -4.0 -2.0
-12.0 6.0 0.0 2.0 -4.0 -2.0
-12.0 6.0 0.0 2.0 -4.0 -4.0
-12.0 2.0 -4.0 2.0 -4.0 -4.0
-14.0 0.0 -4.0 0.0 -6.0 -2.0
-16.0 0.0 0.0 0.0 -6.0 2.0
-16.0 4.0 0.0 0.0 -6.0 2.0
-16.0 8.0 -4.0 0.0 -8.0 4.0
-16.0 4.0 -4.0 2.0 -8.0 4.0
-16.0 8.0 2.0 0.0 -6.0 0.0
-16.0 2.0 6.0 4.0 -6.0 -2.0
-16.0 -2.0 8.0 0.0 -8.0 -2.0
-16.0 -2.0 8.0 -2.0 -8.0 0.0
-10.0 -2.0 8.0 -4.0 -6.0 0.0
-8.0 2.0 6.0 -2.0 -6.0 -4.0
-10.0 4.0 4.0 0.0 -6.0 -10.0
-10.0 4.0 2.0 0.0 -6.0 -4.0
-16.0 4.0 2.0 0.0 -6.0 -6.0
-10.0 2.0 2.0 2.0 -16.0 -6.0
-10.0 2.0 -2.0 2.0 -10.0 -6.0
-8.0 4.0 0.0 2.0 -10.0 -4.0
-8.0 8.0 0.0 0.0 -10.0 -4.0
-14.0 8.0 0.0 -4.0 -14.0 -4.0
-14.0 8.0 -2.0 -8.0 -14.0 -6.0
-14.0 0.0 -4.0 -4.0 -8.0 -4.0
-10.0 0.0 -4.0 -2.0 -8.0 -10.0
-10.0 0.0 4.0 0.0 -8.0 -10.0
-12.0 0.0 6.0 0.0 -16.0 -10.0
-12.0 0.0 4.0 0.0 -16.0 -8.0
-20.0 0.0 4.0 2.0 -10.0 -2.0
-20.0 0.0 4.0 0.0 -10.0 -2.0
-20.0 4.0 6.0 2.0 -10.0 -2.0
-20.0 4.0 6.0 -2.0 -8.0 -2.0
-12.0 4.0 -2.0 -2.0 -10.0 -2.0
-12.0 4.0 -6.0 -2.0 -8.0 0.0
-12.0 6.0 -2.0 -6.0 -10.0 0.0
-12.0 2.0 -2.0 -6.0 -10.0 -6.0
-16.0 0.0 4.0 -8.0 -12.0 -6.0
-12.0 0.0 -2.0 -6.0 -10.0 -6.0
-12.0 -8.0 4.0 -6.0 -8.0 -6.0
-10.0 6.0 4.0 -2.0 -6.0 -4.0
-10.0 6.0 4.0 -2.0 -6.0 -4.0
-10.0 6.0 -4.0 -4.0 -6.0 -6.0
-12.0 6.0 -4.0 -4.0 -6.0 -6.0
-14.0 6.0 2.0 -4.0 -2.0 -6.0
-14.0 6.0 2.0 -6.0 -2.0 -2.0
-20.0 6.0 2.0 -2.0 -10.0 -2.0
-14.0 6.0 2.0 -2.0 -10.0 0.0
-14.0 6.0 2.0 -2.0 -10.0 -4.0
-14.0 6.0 4.0 -2.0 -10.0 -4.0
-14.0 2.0 4.0 0.0 -10.0 -12.0
-14.0 4.0 6.0 0.0 -8.0 -12.0
-14.0 2.0 4.0 0.0 -6.0 -8.0
-16.0 4.0 4.0 0.0 -4.0 -2.0
-14.0 8.0 0.0 -12.0 -4.0 -2.0
-14.0 8.0 -4.0 -12.0 -12.0 -4.0
-10.0 8.0 -4.0 -4.0 -12.0 -6.0
-10.0 6.0 -4.0 -2.0 -12.0 -6.0
-12.0 6.0 -2.0 0.0 -10.0 -4.0
-12.0 4.0 -2.0 -2.0 -12.0 -2.0
-12.0 2.0 2.0 -2.0 -12.0 -2.0
-10.0 2.0 2.0 -2.0 -12.0 -4.0
-10.0 6.0 2.0 -2.0 -10.0 -4.0
-10.0 6.0 4.0 -2.0 -10.0 -4.0
-14.0 4.0 4.0 -8.0 -10.0 -4.0
-14.0 4.0 -6.0 -8.0 -10.0 -4.0
-14.0 4.0 -6.0 -8.0 -6.0 -4.0
-12.0 2.0 0.0 -8.0 -6.0 -2.0
-12.0 0.0 0.0 0.0 -6.0 -6.0
-12.0 2.0 0.0 0.0 -6.0 -2.0
-12.0 4.0 -6.0 -2.0 -6.0 -6.0
-14.0 8.0 -2.0 -2.0 -6.0 -4.0
-12.0 4.0 -2.0 -4.0 -8.0 -8.0
-10.0 -6.0 -2.0 -8.0 -10.0 -4.0
-10.0 -6.0 2.0 -10.0 -10.0 -2.0
-10.0 4.0 2.0 -10.0 -10.0 0.0
-16.0 6.0 2.0 0.0 -10.0 -2.0
-12.0 4.0 -2.0 0.0 -10.0 -4.0
-12.0 4.0 -2.0 0.0 -10.0 -4.0
-12.0 0.0 -2.0 2.0 -10.0 -6.0
-12.0 0.0 -2.0 2.0 -10.0 -2.0
-16.0 -2.0 2.0 0.0 -12.0 -6.0
-16.0 -2.0 2.0 0.0 -14.0 2.0
-10.0 0.0 0.0 0.0 -14.0 -6.0
-10.0 8.0 0.0 0.0 -14.0 -2.0
-8.0 8.0 2.0 0.0 -14.0 -2.0
-8.0 6.0 2.0 -12.0 -14.0 -2.0
-14.0 6.0 2.0 0.0 -6.0 -4.0
-14.0 0.0 6.0 2.0 -6.0 -4.0
-10.0 0.0 6.0 2.0 -6.0 -4.0
-8.0 -2.0 2.0 -2.0 -8.0 -2.0
-10.0 -2.0 -2.0 -2.0 -8.0 -2.0
-8.0 -2.0 -2.0 -2.0 -8.0 -4.0
-8.0 0.0 6.0 -2.0 -6.0 -4.0
-8.0 0.0 6.0 2.0 -6.0 -4.0
-12.0 -2.0 4.0 2.0 -10.0 -6.0
-12.0 -2.0 0.0 -4.0 -10.0 -6.0
-16.0 4.0 0.0 -4.0 -10.0 0.0
-16.0 4.0 0.0 -2.0 -10.0 0.0
-16.0 2.0 -2.0 -2.0 -10.0 -6.0
-14.0 -2.0 -2.0 6.0 -10.0 -6.0
-14.0 2.0 -4.0 6.0 -10.0 -6.0
-16.0 0.0 -4.0 6.0 -8.0 -4.0
-16.0 0.0 -4.0 0.0 -8.0 -4.0
-10.0 0.0 -2.0 0.0 -6.0 -2.0
-10.0 10.0 -2.0 6.0 -8.0 -2.0
-10.0 10.0 4.0 8.0 -4.0 -2.0
-10.0 6.0 4.0 8.0 -6.0 -2.0
-14.0 6.0 4.0 -2.0 -6.0 -2.0
-14.0 4.0 2.0 -2.0 -6.0 -4.0
-14.0 4.0 2.0 0.0 -8.0 -4.0
-14.0 2.0 6.0 0.0 -8.0 -2.0
-14.0 2.0 6.0 0.0 -12.0 -2.0
-16.0 6.0 6.0 -2.0 -12.0 -4.0
-18.0 6.0 0.0 -4.0 -8.0 -4.0
-16.0 8.0 0.0 -4.0 -8.0 2.0
-14.0 8.0 2.0 0.0 -12.0 2.0
-14.0 6.0 2.0 2.0 -12.0 2.0
