# Target: pinch
# Dominant_Vision: Open Hand
0.0 0.0 0.0 0.0 0.0 -2.0
-4.0 2.0 0.0 0.0 -2.0 0.0
-4.0 2.0 -2.0 4.0 -2.0 -6.0
-6.0 2.0 -2.0 4.0 8.0 -2.0
0.0 -2.0 -2.0 4.0 8.0 -4.0
0.0 6.0 0.0 4.0 6.0 -4.0
0.0 8.0 2.0 4.0 2.0 -4.0
2.0 8.0 2.0 4.0 2.0 -4.0
2.0 4.0 4.0 4.0 2.0 -8.0
2.0 0.0 6.0 6.0 -2.0 2.0
0.0 4.0 6.0 8.0 2.0 -2.0
-2.0 6.0 2.0 18.0 2.0 -2.0
0.0 10.0 2.0 18.0 2.0 -4.0
0.0 8.0 2.0 14.0 6.0 -4.0
2.0 8.0 2.0 14.0 4.0 -4.0
0.0 8.0 -2.0 14.0 4.0 2.0
2.0 2.0 -2.0 12.0 0.0 2.0
2.0 8.0 0.0 10.0 0.0 -2.0
2.0 -2.0 0.0 10.0 8.0 -2.0
4.0 8.0 2.0 16.0 8.0 -4.0
4.0 6.0 2.0 16.0 0.0 -4.0
-4.0 6.0 0.0 14.0 0.0 -4.0
-4.0 6.0 0.0 10.0 0.0 2.0
-2.0 -16.0 0.0 14.0 0.0 4.0
0.0 0.0 -4.0 14.0 0.0 6.0
12.0 0.0 -4.0 14.0 4.0 4.0
12.0 2.0 4.0 14.0 4.0 0.0
12.0 8.0 4.0 14.0 4.0 -4.0
24.0 8.0 4.0 20.0 2.0 -4.0
28.0 6.0 0.0 24.0 4.0 -4.0
38.0 6.0 0.0 28.0 8.0 -4.0
58.0 10.0 0.0 38.0 10.0 -2.0
66.0 10.0 6.0 40.0 20.0 0.0
92.0 10.0 4.0 60.0 20.0 -2.0
96.0 10.0 4.0 68.0 26.0 0.0
100.0 8.0 4.0 68.0 26.0 0.0
100.0 8.0 4.0 76.0 30.0 0.0
100.0 8.0 4.0 88.0 30.0 4.0
100.0 12.0 4.0 100.0 42.0 2.0
100.0 14.0 4.0 100.0 42.0 4.0
100.0 14.0 4.0 100.0 42.0 4.0
100.0 14.0 12.0 100.0 46.0 4.0
100.0 14.0 18.0 100.0 46.0 10.0
100.0 12.0 18.0 100.0 54.0 10.0
100.0 10.0 18.0 100.0 56.0 10.0
100.0 12.0 16.0 100.0 58.0 6.0
100.0 10.0 16.0 100.0 62.0 6.0
100.0 6.0 16.0 100.0 72.0 6.0
100.0 6.0 28.0 100.0 72.0 6.0
100.0 12.0 28.0 100.0 74.0 6.0
100.0 12.0 22.0 100.0 74.0 0.0
100.0 12.0 22.0 100.0 74.0 8.0
100.0 12.0 18.0 100.0 70.0 8.0
100.0 12.0 22.0 100.0 70.0 10.0
100.0 14.0 10.0 100.0 66.0 8.0
100.0 10.0 12.0 100.0 66.0 10.0
100.0 12.0 12.0 100.0 66.0 4.0
100.0 12.0 14.0 100.0 66.0 10.0
100.0 12.0 14.0 100.0 62.0 12.0
100.0 14.0 18.0 100.0 64.0 12.0
100.0 10.0 18.0 100.0 60.0 4.0
100.0 12.0 18.0 100.0 64.0 4.0
100.0 8.0 18.0 100.0 70.0 -4.0
100.0 10.0 22.0 100.0 70.0 2.0
100.0 10.0 22.0 100.0 72.0 -4.0
100.0 10.0 24.0 100.0 64.0 2.0
100.0 16.0 14.0 100.0 66.0 -4.0
100.0 14.0 14.0 100.0 64.0 4.0
100.0 14.0 14.0 100.0 52.0 0.0
100.0 12.0 14.0 100.0 44.0 0.0
100.0 8.0 18.0 100.0 42.0 -2.0
100.0 12.0 10.0 100.0 32.0 -4.0
88.0 12.0 10.0 90.0 26.0 -4.0
66.0 12.0 8.0 90.0 26.0 0.0
64.0 2.0 10.0 90.0 26.0 0.0
48.0 2.0 10.0 84.0 22.0 -2.0
44.0 0.0 10.0 66.0 20.0 -2.0
32.0 6.0 10.0 62.0 20.0 -2.0
26.0 0.0 10.0 54.0 20.0 0.0
26.0 6.0 6.0 54.0 14.0 -2.0
20.0 10.0 6.0 48.0 12.0 4.0
10.0 10.0 4.0 32.0 8.0 -2.0
4.0 12.0 10.0 32.0 4.0 -2.0
2.0 12.0 4.0 32.0 4.0 -2.0
0.0 12.0 4.0 32.0 4.0 -4.0
0.0 6.0 4.0 32.0 4.0 -4.0
-10.0 4.0 6.0 30.0 4.0 -8.0
-10.0 0.0 6.0 24.0 4.0 -8.0
-10.0 0.0 2.0 24.0 4.0 -8.0
-10.0 2.0 0.0 20.0 4.0 -2.0
-12.0 12.0 0.0 14.0 4.0 -2.0
-12.0 4.0 0.0 16.0 2.0 -2.0
-8.0 8.0 -4.0 14.0 2.0 -2.0
-8.0 8.0 6.0 16.0 4.0 -2.0
-10.0 8.0 0.0 16.0 4.0 -2.0
-10.0 10.0 6.0 16.0 4.0 -2.0
-10.0 8.0 0.0 12.0 4.0 0.0
-12.0 8.0 6.0 12.0 4.0 2.0
-12.0 4.0 0.0 12.0 4.0 2.0
-10.0 4.0 6.0 18.0 4.0 2.0
-10.0 8.0 2.0 16.0 2.0 2.0
-10.0 8.0 6.0 18.0 -2.0 2.0
-12.0 4.0 6.0 16.0 -4.0 0.0
-10.0 4.0 6.0 16.0 -2.0 0.0
-16.0 8.0 0.0 16.0 4.0 0.0
-10.0 8.0 0.0 14.0 4.0 0.0
-12.0 8.0 -4.0 14.0 -2.0 0.0
-10.0 6.0 0.0 16.0 -2.0 -8.0
-8.0 6.0 2.0 16.0 4.0 0.0
-8.0 6.0 4.0 16.0 4.0 2.0
-4.0 6.0 2.0 16.0 2.0 2.0
-4.0 4.0 2.0 0.0 0.0 2.0
-4.0 -4.0 2.0 0.0 0.0 0.0
-6.0 -4.0 4.0 16.0 2.0 -4.0
-6.0 -2.0 6.0 16.0 2.0 -4.0
-6.0 6.0 8.0 16.0 2.0 -4.0
-12.0 8.0 8.0 16.0 2.0 -4.0
-12.0 10.0 0.0 16.0 2.0 -4.0
-8.0 10.0 -4.0 16.0 4.0 2.0
-4.0 10.0 -4.0 12.0 2.0 2.0
-4.0 6.0 8.0 20.0 0.0 2.0
-8.0 6.0 8.0 12.0 0.0 -6.0
-8.0 8.0 8.0 14.0 2.0 -6.0
-8.0 8.0 4.0 14.0 2.0 -2.0
-2.0 2.0 4.0 14.0 2.0 -2.0
-4.0 2.0 2.0 16.0 0.0 -4.0
-4.0 6.0 0.0 12.0 2.0 -4.0
-6.0 8.0 2.0 12.0 2.0 0.0
-6.0 10.0 2.0 12.0 2.0 0.0
-12.0 12.0 2.0 12.0 2.0 -4.0
-14.0 12.0 0.0 12.0 2.0 -4.0
-14.0 6.0 0.0 12.0 2.0 -4.0
0.0 4.0 2.0 12.0 2.0 2.0
0.0 2.0 8.0 12.0 2.0 2.0
-4.0 2.0 8.0 10.0 4.0 -2.0
-6.0 10.0 2.0 10.0 -2.0 -6.0
-4.0 10.0 0.0 10.0 0.0 -6.0
-6.0 8.0 -6.0 16.0 0.0 -6.0
-6.0 8.0 -6.0 10.0 0.0 0.0
-8.0 8.0 -2.0 16.0 0.0 2.0
-8.0 8.0 6.0 16.0 12.0 2.0
-6.0 8.0 6.0 16.0 12.0 -2.0
-6.0 6.0 6.0 16.0 2.0 -2.0
-2.0 2.0 6.0 14.0 0.0 2.0
-8.0 2.0 -2.0 8.0 -2.0 2.0
-12.0 2.0 -2.0 2.0 -4.0 -4.0
-12.0 6.0 -2.0 2.0 -4.0 -4.0
-6.0 2.0 4.0 2.0 2.0 -2.0
-4.0 6.0 4.0 14.0 2.0 2.0
-4.0 6.0 4.0 14.0 2.0 2.0
-8.0 6.0 0.0 14.0 2.0 2.0
-10.0 12.0 -2.0 2.0 4.0 2.0
-8.0 8.0 -2.0 6.0 4.0 2.0
-8.0 10.0 4.0 2.0 4.0 0.0
-6.0 8.0 4.0 6.0 4.0 -2.0
-6.0 8.0 0.0 14.0 2.0 -2.0
-4.0 6.0 0.0 14.0 0.0 2.0
0.0 4.0 0.0 10.0 -4.0 2.0
0.0 4.0 0.0 10.0 -4.0 -2.0
-4.0 4.0 0.0 10.0 -6.0 -2.0
-8.0 2.0 6.0 16.0 -4.0 -2.0
-4.0 6.0 6.0 8.0 8.0 -4.0
-2.0 6.0 6.0 16.0 10.0 -4.0
-2.0 8.0 2.0 10.0 10.0 0.0
-2.0 6.0 2.0 12.0 8.0 4.0
-2.0 6.0 2.0 12.0 8.0 4.0
-2.0 6.0 6.0 12.0 8.0 4.0
-2.0 6.0 6.0 12.0 8.0 2.0
-4.0 10.0 6.0 12.0 8.0 0.0
-4.0 2.0 6.0 12.0 2.0 0.0
-4.0 0.0 6.0 14.0 0.0 -2.0
-2.0 0.0 6.0 12.0 0.0 0.0
-4.0 0.0 8.0 18.0 -4.0 4.0
-4.0 14.0 8.0 10.0 0.0 4.0
-4.0 14.0 8.0 10.0 0.0 -4.0
-8.0 10.0 0.0 -2.0 0.0 -4.0
-4.0 6.0 -4.0 -2.0 2.0 -4.0
-2.0 4.0 -4.0 -4.0 2.0 -4.0
-2.0 4.0 4.0 4.0 8.0 -4.0
-2.0 12.0 6.0 8.0 8.0 -4.0
-4.0 12.0 6.0 8.0 4.0 4.0
-8.0 10.0 6.0 8.0 0.0 4.0
-8.0 10.0 10.0 8.0 -2.0 4.0
-8.0 10.0 4.0 0.0 -2.0 2.0
-8.0 2.0 8.0 8.0 4.0 2.0
-6.0 2.0 0.0 14.0 4.0 2.0
-2.0 4.0 0.0 14.0 -4.0 2.0
-2.0 4.0 0.0 12.0 -4.0 -8.0
-2.0 4.0 2.0 6.0 0.0 -4.0
-8.0 8.0 6.0 6.0 0.0 -6.0
-4.0 8.0 6.0 14.0 0.0 -4.0
-8.0 6.0 2.0 14.0 0.0 2.0
-4.0 6.0 0.0 16.0 2.0 2.0
-2.0 6.0 0.0 12.0 0.0 0.0
-2.0 6.0 4.0 12.0 6.0 0.0
-2.0 6.0 8.0 6.0 2.0 0.0
-4.0 6.0 4.0 6.0 12.0 4.0
-6.0 6.0 -6.0 8.0 2.0 -2.0
-4.0 6.0 -6.0 10.0 4.0 -2.0
-2.0 6.0 8.0 10.0 -6.0 -2.0
-2.0 4.0 8.0 0.0 -4.0 4.0
-8.0 10.0 6.0 0.0 -4.0 4.0
-8.0 4.0 6.0 0.0 0.0 2.0
-6.0 4.0 6.0 0.0 2.0 0.0
-6.0 2.0 0.0 0.0 2.0 0.0
-10.0 2.0 0.0 18.0 2.0 -2.0
-10.0 0.0 10.0 18.0 2.0 -2.0
-10.0 8.0 10.0 8.0 -2.0 -2.0
-2.0 10.0 4.0 8.0 2.0 -4.0
-10.0 10.0 2.0 6.0 2.0 -4.0
-2.0 6.0 2.0 6.0 4.0 -4.0
-4.0 0.0 0.0 6.0 4.0 4.0
-2.0 0.0 -2.0 14.0 4.0 -4.0
-4.0 0.0 -2.0 14.0 0.0 4.0
-12.0 0.0 -2.0 14.0 2.0 0.0
-12.0 8.0 4.0 6.0 -4.0 0.0
2.0 12.0 4.0 8.0 0.0 -6.0
4.0 12.0 6.0 8.0 0.0 -6.0
4.0 14.0 6.0 8.0 0.0 -4.0
4.0 14.0 2.0 10.0 2.0 0.0
2.0 4.0 0.0 8.0 2.0 -4.0
0.0 4.0 0.0 10.0 2.0 2.0
2.0 4.0 -2.0 10.0 4.0 0.0
0.0 8.0 -2.0 10.0 6.0 0.0
-4.0 8.0 -2.0 10.0 6.0 -2.0
-4.0 8.0 6.0 6.0 6.0 -4.0
-4.0 8.0 8.0 14.0 8.0 -6.0
0.0 16.0 6.0 8.0 2.0 -4.0
0.0 16.0 10.0 8.0 4.0 -8.0
-4.0 12.0 4.0 8.0 0.0 0.0
-4.0 2.0 8.0 12.0 0.0 -8.0
-4.0 2.0 6.0 12.0 0.0 0.0
-2.0 10.0 6.0 8.0 4.0 0.0
