# Target: fist
# Dominant_Vision: Open Hand
0.0 4.0 0.0 10.0 0.0 4.0
2.0 4.0 0.0 10.0 0.0 4.0
4.0 6.0 8.0 10.0 4.0 4.0
2.0 6.0 8.0 2.0 4.0 4.0
4.0 4.0 4.0 0.0 -10.0 2.0
4.0 4.0 2.0 0.0 -10.0 2.0
4.0 10.0 2.0 0.0 -2.0 0.0
4.0 10.0 2.0 4.0 -2.0 0.0
4.0 4.0 0.0 4.0 -2.0 0.0
0.0 4.0 0.0 4.0 0.0 2.0
0.0 4.0 0.0 4.0 0.0 4.0
0.0 12.0 0.0 4.0 2.0 2.0
0.0 12.0 0.0 -6.0 2.0 4.0
0.0 16.0 4.0 -6.0 4.0 2.0
0.0 8.0 6.0 -6.0 2.0 2.0
0.0 4.0 6.0 -4.0 2.0 -4.0
0.0 4.0 6.0 -2.0 -6.0 -4.0
0.0 6.0 6.0 2.0 -10.0 4.0
4.0 6.0 4.0 -2.0 -10.0 6.0
-2.0 8.0 -2.0 -2.0 -8.0 4.0
-2.0 8.0 -2.0 -6.0 -6.0 4.0
-2.0 8.0 0.0 -6.0 -2.0 2.0
2.0 8.0 2.0 -6.0 -2.0 2.0
4.0 8.0 6.0 -2.0 -6.0 2.0
4.0 10.0 6.0 -2.0 -6.0 2.0
0.0 8.0 4.0 -2.0 -6.0 0.0
0.0 10.0 4.0 4.0 4.0 0.0
2.0 8.0 4.0 4.0 6.0 0.0
6.0 2.0 6.0 -2.0 6.0 0.0
6.0 2.0 6.0 -6.0 6.0 -2.0
6.0 2.0 6.0 -6.0 6.0 -2.0
2.0 8.0 6.0 4.0 4.0 -2.0
2.0 10.0 6.0 4.0 4.0 -2.0
2.0 10.0 6.0 12.0 0.0 4.0
2.0 8.0 6.0 4.0 0.0 4.0
0.0 6.0 8.0 12.0 0.0 0.0
4.0 4.0 8.0 4.0 0.0 -4.0
6.0 4.0 8.0 2.0 -2.0 -4.0
6.0 4.0 8.0 -2.0 6.0 0.0
0.0 4.0 4.0 -2.0 2.0 2.0
0.0 12.0 4.0 6.0 8.0 2.0
0.0 4.0 4.0 6.0 2.0 2.0
4.0 10.0 -2.0 8.0 -2.0 2.0
2.0 6.0 -2.0 16.0 -2.0 -4.0
4.0 6.0 0.0 16.0 0.0 -4.0
8.0 4.0 8.0 18.0 4.0 2.0
8.0 4.0 8.0 20.0 4.0 4.0
8.0 10.0 2.0 22.0 6.0 4.0
2.0 10.0 2.0 24.0 4.0 -2.0
2.0 10.0 6.0 28.0 4.0 -2.0
4.0 10.0 10.0 28.0 4.0 -2.0
8.0 8.0 6.0 30.0 10.0 4.0
18.0 8.0 10.0 52.0 12.0 0.0
18.0 8.0 6.0 58.0 24.0 2.0
32.0 10.0 12.0 100.0 44.0 2.0
46.0 12.0 12.0 100.0 54.0 2.0
100.0 10.0 18.0 100.0 100.0 4.0
100.0 12.0 20.0 100.0 100.0 4.0
100.0 10.0 32.0 100.0 100.0 6.0
100.0 16.0 32.0 100.0 100.0 10.0
100.0 16.0 32.0 100.0 100.0 10.0
100.0 16.0 36.0 100.0 100.0 10.0
100.0 14.0 44.0 100.0 100.0 14.0
100.0 14.0 68.0 100.0 100.0 14.0
100.0 22.0 80.0 100.0 100.0 14.0
100.0 26.0 100.0 100.0 100.0 14.0
100.0 26.0 100.0 100.0 100.0 10.0
100.0 34.0 100.0 100.0 100.0 10.0
100.0 34.0 100.0 100.0 100.0 12.0
100.0 36.0 100.0 100.0 100.0 14.0
100.0 50.0 100.0 100.0 100.0 14.0
100.0 52.0 100.0 100.0 100.0 14.0
100.0 54.0 100.0 100.0 100.0 10.0
100.0 52.0 100.0 100.0 100.0 10.0
100.0 50.0 100.0 100.0 100.0 10.0
100.0 44.0 100.0 100.0 100.0 10.0
100.0 44.0 100.0 100.0 100.0 12.0
100.0 40.0 100.0 100.0 100.0 16.0
100.0 40.0 100.0 100.0 100.0 22.0
100.0 40.0 100.0 100.0 100.0 22.0
100.0 32.0 100.0 100.0 100.0 18.0
100.0 40.0 100.0 100.0 100.0 16.0
100.0 36.0 100.0 100.0 100.0 16.0
100.0 46.0 100.0 100.0 100.0 16.0
100.0 36.0 100.0 100.0 100.0 16.0
100.0 42.0 100.0 100.0 100.0 16.0
100.0 38.0 100.0 100.0 100.0 20.0
100.0 38.0 100.0 100.0 100.0 22.0
100.0 36.0 100.0 100.0 100.0 24.0
100.0 36.0 100.0 100.0 100.0 22.0
100.0 40.0 100.0 100.0 100.0 20.0
100.0 42.0 100.0 100.0 100.0 20.0
100.0 44.0 100.0 100.0 100.0 18.0
100.0 44.0 100.0 100.0 100.0 20.0
100.0 40.0 100.0 100.0 100.0 24.0
100.0 40.0 100.0 100.0 100.0 24.0
100.0 40.0 100.0 100.0 100.0 20.0
100.0 36.0 100.0 100.0 100.0 18.0
100.0 34.0 100.0 100.0 100.0 14.0
100.0 28.0 100.0 100.0 100.0 12.0
100.0 28.0 100.0 100.0 100.0 6.0
100.0 26.0 100.0 100.0 100.0 6.0
100.0 26.0 100.0 100.0 100.0 4.0
100.0 36.0 100.0 100.0 100.0 4.0
100.0 40.0 100.0 100.0 100.0 0.0
100.0 36.0 100.0 100.0 100.0 0.0
100.0 24.0 100.0 100.0 100.0 0.0
100.0 24.0 100.0 100.0 100.0 -2.0
100.0 22.0 100.0 100.0 100.0 -2.0
100.0 20.0 100.0 100.0 100.0 -2.0
100.0 20.0 100.0 100.0 100.0 -2.0
100.0 18.0 100.0 100.0 100.0 -8.0
100.0 24.0 100.0 100.0 100.0 -14.0
100.0 16.0 100.0 100.0 100.0 -18.0
100.0 12.0 100.0 100.0 100.0 -18.0
100.0 8.0 100.0 100.0 100.0 -10.0
100.0 6.0 100.0 100.0 100.0 -10.0
100.0 6.0 94.0 100.0 100.0 -12.0
100.0 6.0 84.0 100.0 100.0 -12.0
100.0 6.0 72.0 100.0 100.0 -8.0
100.0 2.0 36.0 100.0 100.0 -8.0
100.0 2.0 34.0 100.0 100.0 -10.0
100.0 2.0 32.0 100.0 100.0 -10.0
100.0 2.0 32.0 100.0 100.0 -10.0
100.0 -4.0 26.0 100.0 100.0 -14.0
100.0 -6.0 16.0 100.0 100.0 -10.0
100.0 -6.0 12.0 100.0 100.0 -14.0
100.0 -4.0 14.0 100.0 100.0 -12.0
100.0 2.0 14.0 100.0 100.0 -12.0
100.0 6.0 14.0 100.0 100.0 -12.0
100.0 4.0 12.0 100.0 100.0 -12.0
100.0 6.0 12.0 100.0 100.0 -10.0
100.0 4.0 16.0 100.0 100.0 -10.0
100.0 4.0 18.0 100.0 100.0 -12.0
100.0 0.0 18.0 100.0 100.0 -12.0
100.0 0.0 18.0 100.0 100.0 -10.0
100.0 -2.0 14.0 100.0 100.0 -10.0
100.0 -2.0 12.0 100.0 100.0 -6.0
100.0 -2.0 12.0 100.0 94.0 -6.0
100.0 -2.0 6.0 100.0 94.0 -12.0
100.0 2.0 6.0 100.0 92.0 -12.0
100.0 4.0 12.0 100.0 92.0 -12.0
100.0 4.0 16.0 100.0 92.0 -8.0
100.0 2.0 18.0 100.0 88.0 -8.0
100.0 0.0 18.0 100.0 80.0 -6.0
100.0 0.0 16.0 100.0 78.0 -6.0
100.0 0.0 16.0 100.0 76.0 -6.0
100.0 0.0 6.0 100.0 76.0 -6.0
100.0 -12.0 6.0 100.0 76.0 -16.0
100.0 -12.0 16.0 100.0 76.0 -16.0
100.0 -6.0 16.0 100.0 70.0 -10.0
100.0 4.0 22.0 100.0 70.0 -10.0
100.0 4.0 22.0 100.0 68.0 -10.0
100.0 2.0 14.0 100.0 68.0 -10.0
100.0 0.0 10.0 100.0 68.0 -10.0
100.0 2.0 10.0 100.0 68.0 -10.0
100.0 0.0 10.0 100.0 68.0 -10.0
100.0 -2.0 8.0 100.0 68.0 -4.0
100.0 -2.0 8.0 100.0 64.0 -4.0
100.0 -12.0 10.0 100.0 58.0 -4.0
100.0 -8.0 10.0 100.0 60.0 -4.0
100.0 -8.0 12.0 100.0 60.0 -4.0
100.0 -8.0 14.0 100.0 60.0 0.0
100.0 -2.0 12.0 100.0 60.0 0.0
100.0 -2.0 10.0 100.0 60.0 -8.0
100.0 0.0 8.0 100.0 62.0 -16.0
100.0 0.0 8.0 100.0 62.0 -10.0
100.0 4.0 8.0 100.0 66.0 -10.0
100.0 4.0 12.0 100.0 66.0 -10.0
100.0 4.0 12.0 100.0 66.0 -6.0
100.0 -10.0 12.0 100.0 58.0 -6.0
100.0 2.0 18.0 100.0 58.0 -6.0
100.0 0.0 18.0 100.0 60.0 -6.0
100.0 0.0 8.0 100.0 60.0 -10.0
100.0 -8.0 6.0 100.0 60.0 -10.0
100.0 -8.0 4.0 100.0 54.0 -8.0
100.0 -2.0 4.0 100.0 60.0 -6.0
100.0 2.0 6.0 100.0 54.0 -8.0
100.0 2.0 6.0 100.0 60.0 -14.0
100.0 -2.0 12.0 100.0 56.0 -14.0
100.0 -4.0 6.0 100.0 60.0 -2.0
100.0 -4.0 6.0 96.0 58.0 -2.0
100.0 -4.0 6.0 100.0 58.0 -2.0
100.0 -4.0 6.0 100.0 54.0 -16.0
100.0 -2.0 10.0 100.0 54.0 -16.0
100.0 0.0 12.0 96.0 50.0 -10.0
100.0 2.0 12.0 96.0 56.0 -6.0
100.0 2.0 10.0 96.0 52.0 -6.0
100.0 2.0 4.0 96.0 52.0 -8.0
100.0 -2.0 2.0 94.0 52.0 -8.0
100.0 -2.0 4.0 88.0 52.0 -2.0
100.0 -2.0 16.0 88.0 56.0 0.0
100.0 0.0 16.0 100.0 52.0 -2.0
100.0 0.0 20.0 100.0 56.0 0.0
100.0 -6.0 10.0 92.0 52.0 -6.0
100.0 -10.0 10.0 92.0 58.0 -2.0
100.0 -10.0 10.0 92.0 52.0 -2.0
100.0 -2.0 10.0 94.0 58.0 -2.0
100.0 2.0 0.0 94.0 52.0 -2.0
100.0 4.0 4.0 94.0 52.0 0.0
100.0 2.0 4.0 94.0 52.0 0.0
100.0 -2.0 4.0 94.0 54.0 -2.0
100.0 -2.0 8.0 90.0 54.0 -2.0
100.0 4.0 8.0 90.0 56.0 2.0
100.0 4.0 8.0 90.0 56.0 2.0
100.0 2.0 4.0 90.0 56.0 -2.0
100.0 2.0 8.0 86.0 54.0 -2.0
100.0 6.0 4.0 86.0 50.0 0.0
100.0 6.0 4.0 86.0 50.0 0.0
100.0 6.0 2.0 86.0 52.0 -2.0
100.0 -2.0 2.0 86.0 52.0 -2.0
100.0 -2.0 4.0 78.0 52.0 -10.0
100.0 -4.0 8.0 78.0 56.0 -4.0
98.0 -4.0 6.0 82.0 56.0 -12.0
96.0 -4.0 12.0 90.0 56.0 -4.0
96.0 -4.0 6.0 82.0 54.0 -6.0
100.0 0.0 8.0 84.0 50.0 -4.0
100.0 2.0 8.0 84.0 50.0 -4.0
100.0 2.0 12.0 84.0 50.0 -2.0
100.0 2.0 12.0 80.0 52.0 -2.0
100.0 2.0 12.0 74.0 52.0 -2.0
100.0 2.0 10.0 74.0 54.0 -4.0
100.0 0.0 4.0 72.0 54.0 -2.0
100.0 0.0 4.0 72.0 48.0 -6.0
100.0 4.0 8.0 76.0 48.0 -6.0
100.0 4.0 14.0 76.0 50.0 -6.0
100.0 4.0 14.0 76.0 54.0 -6.0
100.0 -2.0 8.0 70.0 54.0 -6.0
100.0 4.0 8.0 76.0 52.0 -6.0
100.0 4.0 14.0 76.0 52.0 -6.0
