# Target: fist
# Dominant_Vision: Open Hand
0.0 -8.0 0.0 0.0 0.0 6.0
0.0 0.0 0.0 -4.0 0.0 2.0
0.0 -4.0 4.0 -6.0 6.0 8.0
6.0 -2.0 6.0 -6.0 -4.0 6.0
6.0 -4.0 6.0 -10.0 0.0 6.0
6.0 -2.0 6.0 -6.0 -4.0 4.0
2.0 -4.0 6.0 -6.0 0.0 4.0
0.0 -4.0 4.0 -6.0 0.0 2.0
2.0 -6.0 4.0 -6.0 2.0 2.0
4.0 -10.0 4.0 -4.0 4.0 2.0
4.0 -6.0 6.0 -2.0 4.0 0.0
2.0 -8.0 0.0 -2.0 -2.0 6.0
2.0 -6.0 0.0 -6.0 -2.0 6.0
2.0 -8.0 0.0 -6.0 -2.0 6.0
6.0 -12.0 0.0 -2.0 0.0 6.0
6.0 -12.0 -2.0 -2.0 -4.0 4.0
8.0 -8.0 -2.0 -4.0 0.0 0.0
8.0 -8.0 -2.0 -4.0 -2.0 0.0
2.0 -12.0 2.0 -2.0 -2.0 2.0
2.0 -12.0 2.0 -2.0 -2.0 2.0
2.0 -12.0 4.0 -2.0 2.0 2.0
2.0 -10.0 2.0 -10.0 2.0 4.0
2.0 -12.0 0.0 0.0 4.0 8.0
6.0 -10.0 0.0 4.0 2.0 8.0
6.0 -8.0 6.0 4.0 0.0 8.0
4.0 -4.0 6.0 0.0 0.0 4.0
4.0 -6.0 -2.0 0.0 2.0 -2.0
4.0 -6.0 -2.0 0.0 2.0 -4.0
4.0 -10.0 0.0 -2.0 0.0 -2.0
4.0 -10.0 2.0 -2.0 -2.0 6.0
6.0 -10.0 6.0 -2.0 0.0 6.0
8.0 -2.0 6.0 0.0 6.0 6.0
8.0 0.0 6.0 12.0 8.0 2.0
12.0 0.0 0.0 0.0 8.0 2.0
12.0 -6.0 0.0 12.0 6.0 2.0
16.0 -12.0 0.0 14.0 6.0 6.0
50.0 -6.0 2.0 26.0 8.0 6.0
58.0 -6.0 8.0 26.0 12.0 8.0
68.0 -2.0 8.0 32.0 12.0 8.0
84.0 -2.0 8.0 32.0 12.0 8.0
84.0 -2.0 8.0 36.0 18.0 0.0
88.0 2.0 8.0 36.0 24.0 0.0
100.0 0.0 8.0 46.0 28.0 6.0
100.0 2.0 6.0 92.0 44.0 14.0
100.0 10.0 6.0 100.0 46.0 14.0
100.0 10.0 22.0 100.0 46.0 14.0
100.0 14.0 28.0 100.0 66.0 8.0
100.0 14.0 32.0 100.0 82.0 16.0
100.0 10.0 40.0 100.0 82.0 20.0
100.0 10.0 46.0 100.0 96.0 20.0
100.0 20.0 52.0 100.0 100.0 16.0
100.0 22.0 60.0 100.0 100.0 16.0
100.0 22.0 72.0 100.0 100.0 16.0
100.0 30.0 88.0 100.0 100.0 18.0
100.0 30.0 100.0 100.0 100.0 18.0
100.0 34.0 100.0 100.0 100.0 18.0
100.0 34.0 100.0 100.0 100.0 20.0
100.0 34.0 100.0 100.0 100.0 20.0
100.0 28.0 100.0 100.0 100.0 22.0
100.0 30.0 100.0 100.0 100.0 18.0
100.0 30.0 100.0 100.0 100.0 22.0
100.0 32.0 100.0 100.0 100.0 26.0
100.0 32.0 100.0 100.0 100.0 26.0
100.0 32.0 100.0 100.0 100.0 28.0
100.0 30.0 100.0 100.0 100.0 26.0
100.0 32.0 100.0 100.0 100.0 26.0
100.0 30.0 100.0 100.0 100.0 26.0
100.0 30.0 100.0 100.0 100.0 32.0
100.0 30.0 100.0 100.0 100.0 32.0
100.0 30.0 100.0 100.0 100.0 24.0
100.0 32.0 100.0 100.0 100.0 22.0
100.0 30.0 100.0 100.0 100.0 22.0
100.0 38.0 100.0 100.0 100.0 22.0
100.0 38.0 100.0 100.0 100.0 20.0
100.0 38.0 100.0 100.0 100.0 20.0
100.0 36.0 100.0 100.0 100.0 20.0
100.0 32.0 100.0 100.0 100.0 20.0
100.0 28.0 100.0 100.0 100.0 18.0
100.0 28.0 100.0 100.0 100.0 16.0
100.0 22.0 100.0 100.0 100.0 18.0
100.0 22.0 100.0 100.0 100.0 20.0
100.0 18.0 100.0 100.0 100.0 20.0
100.0 16.0 100.0 100.0 100.0 12.0
100.0 16.0 100.0 100.0 100.0 12.0
100.0 16.0 100.0 100.0 100.0 10.0
100.0 16.0 100.0 100.0 100.0 8.0
100.0 16.0 100.0 100.0 100.0 -4.0
100.0 4.0 76.0 100.0 100.0 4.0
100.0 0.0 70.0 100.0 100.0 2.0
100.0 0.0 50.0 100.0 94.0 2.0
100.0 0.0 48.0 100.0 76.0 -2.0
100.0 -8.0 46.0 100.0 54.0 -2.0
100.0 2.0 38.0 100.0 46.0 -2.0
100.0 -6.0 30.0 100.0 44.0 -2.0
92.0 -6.0 30.0 100.0 24.0 -2.0
82.0 -6.0 24.0 100.0 22.0 -2.0
80.0 0.0 22.0 100.0 22.0 0.0
82.0 0.0 24.0 94.0 24.0 -2.0
80.0 -4.0 18.0 92.0 24.0 0.0
82.0 -4.0 16.0 92.0 24.0 0.0
80.0 -6.0 12.0 92.0 24.0 2.0
64.0 -4.0 10.0 94.0 18.0 10.0
62.0 -4.0 10.0 94.0 18.0 10.0
48.0 -4.0 18.0 88.0 14.0 6.0
44.0 -8.0 18.0 86.0 14.0 0.0
44.0 -16.0 14.0 80.0 16.0 0.0
42.0 -8.0 12.0 62.0 20.0 0.0
38.0 -10.0 12.0 62.0 16.0 0.0
32.0 -10.0 12.0 70.0 12.0 0.0
32.0 -10.0 14.0 70.0 12.0 2.0
30.0 -4.0 8.0 52.0 4.0 2.0
34.0 -4.0 12.0 50.0 4.0 2.0
34.0 -4.0 12.0 50.0 4.0 -2.0
36.0 -4.0 12.0 62.0 8.0 4.0
40.0 -4.0 10.0 66.0 10.0 2.0
40.0 -4.0 10.0 62.0 10.0 4.0
40.0 -6.0 6.0 60.0 10.0 2.0
32.0 -6.0 6.0 60.0 12.0 2.0
32.0 -6.0 6.0 60.0 12.0 0.0
40.0 -10.0 8.0 60.0 14.0 2.0
40.0 -10.0 2.0 64.0 12.0 2.0
36.0 -16.0 12.0 60.0 12.0 2.0
36.0 -10.0 12.0 64.0 12.0 10.0
34.0 -10.0 14.0 58.0 12.0 4.0
38.0 -2.0 14.0 58.0 10.0 4.0
40.0 -2.0 8.0 52.0 10.0 4.0
40.0 -6.0 8.0 52.0 4.0 2.0
30.0 -8.0 10.0 56.0 10.0 6.0
28.0 -12.0 12.0 58.0 8.0 4.0
28.0 -14.0 12.0 58.0 8.0 8.0
26.0 -14.0 10.0 58.0 8.0 4.0
34.0 -12.0 10.0 56.0 6.0 0.0
34.0 -12.0 10.0 48.0 6.0 0.0
34.0 -12.0 10.0 48.0 6.0 0.0
34.0 -14.0 10.0 60.0 4.0 4.0
32.0 -12.0 10.0 60.0 8.0 4.0
34.0 -8.0 16.0 60.0 8.0 4.0
36.0 -2.0 12.0 62.0 8.0 4.0
42.0 -2.0 12.0 62.0 8.0 4.0
36.0 -2.0 12.0 58.0 8.0 4.0
32.0 -8.0 6.0 58.0 6.0 4.0
28.0 -2.0 6.0 58.0 6.0 2.0
28.0 -4.0 6.0 58.0 6.0 2.0
26.0 -4.0 12.0 58.0 6.0 2.0
26.0 -4.0 12.0 52.0 6.0 2.0
26.0 -10.0 14.0 52.0 10.0 6.0
32.0 -10.0 10.0 60.0 10.0 0.0
36.0 -12.0 10.0 64.0 6.0 0.0
32.0 -12.0 10.0 62.0 4.0 0.0
36.0 -12.0 8.0 62.0 4.0 0.0
34.0 -8.0 4.0 50.0 10.0 2.0
36.0 -8.0 6.0 48.0 10.0 0.0
34.0 -8.0 6.0 48.0 10.0 2.0
34.0 -8.0 6.0 48.0 6.0 4.0
32.0 -8.0 6.0 48.0 6.0 6.0
30.0 -8.0 8.0 48.0 6.0 4.0
30.0 -8.0 8.0 46.0 6.0 6.0
32.0 -4.0 6.0 50.0 8.0 2.0
32.0 -4.0 6.0 44.0 8.0 4.0
32.0 -4.0 10.0 44.0 8.0 -2.0
32.0 -10.0 10.0 36.0 12.0 4.0
32.0 -6.0 4.0 36.0 10.0 4.0
28.0 -6.0 4.0 46.0 12.0 4.0
24.0 -4.0 4.0 46.0 10.0 4.0
24.0 -4.0 4.0 36.0 6.0 0.0
30.0 -4.0 6.0 36.0 6.0 0.0
30.0 -6.0 8.0 36.0 4.0 4.0
32.0 -10.0 8.0 36.0 6.0 6.0
24.0 -10.0 6.0 36.0 8.0 6.0
28.0 -10.0 4.0 36.0 8.0 6.0
24.0 -2.0 6.0 36.0 8.0 2.0
28.0 -4.0 4.0 36.0 8.0 0.0
28.0 -4.0 8.0 36.0 10.0 0.0
28.0 -6.0 8.0 34.0 6.0 4.0
28.0 -6.0 12.0 32.0 8.0 4.0
28.0 -8.0 14.0 32.0 -2.0 2.0
28.0 -8.0 12.0 36.0 4.0 2.0
28.0 -10.0 2.0 36.0 4.0 2.0
28.0 -10.0 2.0 36.0 4.0 6.0
26.0 -18.0 8.0 36.0 6.0 6.0
28.0 -18.0 8.0 36.0 0.0 6.0
28.0 -18.0 4.0 36.0 6.0 6.0
32.0 -10.0 4.0 36.0 6.0 6.0
32.0 -10.0 2.0 36.0 8.0 4.0
30.0 -6.0 2.0 36.0 6.0 4.0
30.0 -4.0 -6.0 36.0 8.0 4.0
30.0 -4.0 -2.0 36.0 6.0 4.0
26.0 -4.0 -2.0 46.0 8.0 4.0
26.0 -4.0 0.0 46.0 8.0 4.0
28.0 -2.0 6.0 44.0 10.0 4.0
30.0 -2.0 10.0 36.0 10.0 6.0
28.0 -6.0 10.0 36.0 10.0 4.0
32.0 -8.0 10.0 36.0 2.0 8.0
28.0 -10.0 4.0 36.0 0.0 2.0
28.0 -12.0 0.0 36.0 0.0 2.0
26.0 -12.0 0.0 36.0 8.0 2.0
26.0 0.0 4.0 36.0 8.0 6.0
26.0 0.0 12.0 34.0 0.0 6.0
26.0 -10.0 4.0 34.0 -2.0 4.0
32.0 -10.0 4.0 34.0 -2.0 4.0
34.0 -10.0 4.0 36.0 6.0 4.0
34.0 -4.0 12.0 36.0 6.0 4.0
28.0 -2.0 12.0 36.0 6.0 0.0
28.0 -2.0 8.0 36.0 6.0 0.0
30.0 -2.0 4.0 36.0 6.0 6.0
30.0 -6.0 4.0 42.0 6.0 6.0
30.0 -4.0 4.0 36.0 6.0 0.0
26.0 -6.0 2.0 34.0 2.0 0.0
30.0 -12.0 2.0 32.0 2.0 2.0
30.0 -12.0 4.0 32.0 2.0 2.0
32.0 -12.0 4.0 36.0 4.0 8.0
32.0 -4.0 10.0 36.0 4.0 2.0
32.0 -6.0 10.0 42.0 2.0 2.0
32.0 -4.0 6.0 36.0 2.0 2.0
30.0 -2.0 4.0 44.0 -2.0 6.0
22.0 -2.0 4.0 34.0 6.0 6.0
22.0 -10.0 6.0 44.0 -2.0 6.0
28.0 -10.0 8.0 36.0 6.0 4.0
28.0 -6.0 12.0 36.0 0.0 2.0
28.0 -6.0 8.0 36.0 0.0 4.0
30.0 -6.0 0.0 32.0 0.0 4.0
30.0 -10.0 0.0 32.0 0.0 4.0
28.0 -10.0 12.0 32.0 0.0 0.0
28.0 -10.0 12.0 30.0 0.0 0.0
28.0 -10.0 12.0 30.0 0.0 2.0
28.0 -10.0 8.0 28.0 0.0 4.0
28.0 -10.0 8.0 32.0 0.0 2.0
20.0 -6.0 8.0 34.0 2.0 10.0
20.0 -4.0 8.0 36.0 2.0 4.0
30.0 -4.0 6.0 34.0 2.0 6.0
30.0 -2.0 10.0 36.0 2.0 6.0
28.0 -2.0 10.0 34.0 2.0 6.0
28.0 -6.0 12.0 36.0 2.0 2.0
28.0 -8.0 12.0 34.0 10.0 2.0
28.0 -8.0 8.0 30.0 2.0 2.0
28.0 -6.0 8.0 30.0 4.0 0.0
32.0 -2.0 8.0 28.0 4.0 -2.0
32.0 -6.0 8.0 28.0 4.0 0.0
26.0 -8.0 2.0 28.0 4.0 -4.0
24.0 -8.0 2.0 28.0 4.0 -2.0
26.0 -4.0 2.0 26.0 4.0 -4.0
24.0 -4.0 2.0 28.0 0.0 -2.0
24.0 -12.0 8.0 28.0 0.0 0.0
24.0 -12.0 8.0 28.0 0.0 0.0
24.0 -12.0 10.0 22.0 4.0 0.0
26.0 -12.0 10.0 22.0 6.0 2.0
28.0 -12.0 -2.0 26.0 6.0 2.0
28.0 -14.0 -2.0 28.0 6.0 4.0
26.0 -14.0 8.0 28.0 6.0 0.0
26.0 -8.0 8.0 28.0 6.0 0.0
26.0 -6.0 8.0 28.0 2.0 -4.0
28.0 -6.0 2.0 26.0 2.0 -4.0
