# Target: fist
# Dominant_Vision: Open Hand
-6.0 0.0 -2.0 0.0 0.0 2.0
-6.0 12.0 0.0 2.0 -2.0 2.0
-8.0 12.0 -8.0 4.0 -4.0 2.0
-8.0 10.0 -6.0 4.0 -4.0 4.0
-8.0 0.0 -10.0 4.0 -4.0 4.0
-8.0 6.0 -10.0 4.0 2.0 4.0
-2.0 2.0 -10.0 2.0 -4.0 0.0
-4.0 6.0 -8.0 2.0 -2.0 0.0
2.0 10.0 -8.0 2.0 -2.0 4.0
-4.0 10.0 -10.0 2.0 0.0 4.0
-6.0 4.0 -10.0 -12.0 2.0 4.0
-8.0 4.0 -10.0 -12.0 6.0 4.0
-6.0 4.0 -6.0 0.0 6.0 4.0
-2.0 4.0 -6.0 0.0 -4.0 4.0
-2.0 2.0 -8.0 0.0 -4.0 2.0
-10.0 2.0 -12.0 -2.0 -2.0 4.0
-10.0 4.0 -12.0 -4.0 -2.0 6.0
-10.0 4.0 -8.0 -6.0 -2.0 6.0
-8.0 4.0 -8.0 -4.0 -2.0 6.0
-2.0 4.0 -8.0 -2.0 0.0 2.0
-2.0 4.0 -12.0 0.0 -4.0 2.0
-2.0 6.0 -12.0 0.0 4.0 2.0
-6.0 6.0 -6.0 4.0 -4.0 4.0
-8.0 2.0 -6.0 -2.0 0.0 -2.0
-6.0 2.0 -4.0 0.0 -2.0 4.0
-8.0 8.0 -6.0 -2.0 0.0 2.0
-4.0 8.0 -2.0 -6.0 2.0 2.0
-6.0 6.0 -8.0 -6.0 2.0 2.0
0.0 6.0 -2.0 4.0 2.0 2.0
2.0 6.0 0.0 4.0 4.0 4.0
8.0 4.0 0.0 4.0 4.0 2.0
8.0 4.0 -8.0 4.0 4.0 6.0
4.0 10.0 -8.0 4.0 2.0 2.0
2.0 12.0 -6.0 6.0 2.0 6.0
4.0 14.0 -4.0 10.0 2.0 6.0
8.0 12.0 -2.0 6.0 2.0 6.0
14.0 4.0 -2.0 10.0 0.0 0.0
8.0 4.0 -6.0 10.0 0.0 -4.0
12.0 10.0 -6.0 20.0 0.0 -4.0
12.0 10.0 -6.0 20.0 6.0 -4.0
34.0 10.0 -10.0 24.0 12.0 4.0
54.0 12.0 -10.0 24.0 16.0 6.0
70.0 12.0 -8.0 38.0 18.0 8.0
80.0 12.0 2.0 42.0 20.0 8.0
86.0 20.0 6.0 50.0 26.0 4.0
98.0 20.0 6.0 78.0 30.0 4.0
98.0 20.0 12.0 84.0 36.0 6.0
100.0 16.0 8.0 100.0 42.0 8.0
100.0 20.0 12.0 100.0 50.0 8.0
100.0 16.0 18.0 100.0 60.0 8.0
100.0 20.0 24.0 100.0 62.0 14.0
100.0 34.0 34.0 100.0 86.0 18.0
100.0 34.0 50.0 100.0 96.0 14.0
100.0 38.0 50.0 100.0 100.0 12.0
100.0 38.0 54.0 100.0 100.0 12.0
100.0 42.0 56.0 100.0 100.0 16.0
100.0 42.0 66.0 100.0 100.0 22.0
100.0 48.0 70.0 100.0 100.0 16.0
100.0 48.0 80.0 100.0 100.0 18.0
100.0 48.0 92.0 100.0 100.0 16.0
100.0 50.0 92.0 100.0 100.0 18.0
100.0 44.0 96.0 100.0 100.0 18.0
100.0 44.0 100.0 100.0 100.0 24.0
100.0 40.0 100.0 100.0 100.0 26.0
100.0 40.0 100.0 100.0 100.0 24.0
100.0 42.0 100.0 100.0 100.0 20.0
100.0 48.0 100.0 100.0 100.0 20.0
100.0 48.0 100.0 100.0 100.0 22.0
100.0 56.0 100.0 100.0 100.0 22.0
100.0 56.0 100.0 100.0 100.0 22.0
100.0 46.0 100.0 100.0 100.0 24.0
100.0 46.0 100.0 100.0 100.0 26.0
100.0 46.0 100.0 100.0 100.0 26.0
100.0 52.0 100.0 100.0 100.0 26.0
100.0 56.0 100.0 100.0 100.0 24.0
100.0 56.0 100.0 100.0 100.0 24.0
100.0 56.0 100.0 100.0 100.0 24.0
100.0 58.0 100.0 100.0 100.0 26.0
100.0 58.0 100.0 100.0 100.0 26.0
100.0 52.0 100.0 100.0 100.0 26.0
100.0 52.0 100.0 100.0 100.0 26.0
100.0 52.0 100.0 100.0 100.0 28.0
100.0 52.0 100.0 100.0 100.0 28.0
100.0 52.0 100.0 100.0 100.0 28.0
100.0 52.0 100.0 100.0 100.0 28.0
100.0 52.0 100.0 100.0 100.0 28.0
100.0 52.0 100.0 100.0 100.0 28.0
100.0 46.0 100.0 100.0 100.0 26.0
100.0 40.0 100.0 100.0 100.0 22.0
100.0 40.0 100.0 100.0 100.0 18.0
100.0 40.0 100.0 100.0 100.0 18.0
100.0 40.0 100.0 100.0 100.0 16.0
100.0 40.0 100.0 100.0 100.0 14.0
100.0 46.0 100.0 100.0 100.0 14.0
100.0 46.0 100.0 100.0 100.0 12.0
100.0 44.0 100.0 100.0 100.0 8.0
100.0 38.0 100.0 100.0 100.0 8.0
100.0 38.0 100.0 100.0 100.0 0.0
100.0 38.0 100.0 100.0 100.0 0.0
100.0 36.0 100.0 100.0 100.0 0.0
100.0 36.0 100.0 100.0 100.0 2.0
100.0 40.0 100.0 100.0 100.0 6.0
100.0 40.0 100.0 100.0 100.0 12.0
100.0 26.0 96.0 100.0 100.0 12.0
100.0 22.0 88.0 100.0 100.0 10.0
100.0 18.0 72.0 100.0 100.0 8.0
100.0 18.0 62.0 100.0 100.0 0.0
100.0 16.0 48.0 100.0 100.0 0.0
100.0 12.0 44.0 100.0 100.0 0.0
100.0 12.0 32.0 100.0 88.0 0.0
100.0 12.0 26.0 100.0 76.0 -4.0
100.0 4.0 24.0 100.0 64.0 -4.0
100.0 8.0 20.0 100.0 48.0 -4.0
72.0 8.0 20.0 100.0 44.0 0.0
56.0 12.0 20.0 100.0 34.0 2.0
52.0 12.0 14.0 100.0 28.0 0.0
46.0 -2.0 14.0 100.0 28.0 4.0
32.0 -2.0 8.0 100.0 24.0 0.0
32.0 6.0 6.0 72.0 30.0 4.0
22.0 8.0 0.0 72.0 24.0 0.0
22.0 14.0 -8.0 72.0 24.0 6.0
22.0 10.0 -8.0 72.0 18.0 6.0
6.0 10.0 2.0 72.0 18.0 8.0
6.0 10.0 2.0 72.0 18.0 6.0
-2.0 10.0 0.0 64.0 18.0 -2.0
-4.0 10.0 -8.0 62.0 22.0 -2.0
-4.0 10.0 -8.0 62.0 20.0 -6.0
0.0 10.0 -8.0 62.0 20.0 4.0
0.0 10.0 -4.0 62.0 14.0 2.0
0.0 8.0 -4.0 60.0 14.0 2.0
0.0 8.0 -4.0 60.0 16.0 2.0
0.0 8.0 -4.0 60.0 16.0 4.0
2.0 18.0 -4.0 56.0 18.0 4.0
2.0 12.0 -4.0 56.0 18.0 -2.0
4.0 18.0 2.0 56.0 14.0 -2.0
2.0 16.0 2.0 56.0 12.0 -2.0
-6.0 16.0 -8.0 58.0 12.0 -2.0
-14.0 12.0 -8.0 60.0 10.0 -4.0
-16.0 6.0 -2.0 58.0 8.0 6.0
-16.0 12.0 -2.0 38.0 8.0 -2.0
-18.0 6.0 -2.0 36.0 10.0 0.0
-20.0 6.0 2.0 36.0 10.0 0.0
-18.0 4.0 2.0 36.0 12.0 2.0
-16.0 4.0 -4.0 36.0 10.0 2.0
-16.0 6.0 -4.0 38.0 8.0 2.0
-16.0 10.0 -4.0 38.0 8.0 4.0
-20.0 10.0 -12.0 34.0 8.0 2.0
-20.0 12.0 -12.0 32.0 8.0 4.0
-20.0 12.0 -10.0 34.0 8.0 2.0
-24.0 12.0 -4.0 38.0 14.0 4.0
-24.0 6.0 -4.0 38.0 14.0 2.0
-24.0 6.0 0.0 34.0 10.0 4.0
-24.0 6.0 0.0 34.0 8.0 0.0
-24.0 10.0 0.0 26.0 8.0 0.0
-26.0 10.0 -10.0 30.0 10.0 0.0
-24.0 10.0 -10.0 30.0 10.0 -4.0
-26.0 10.0 -10.0 30.0 8.0 4.0
-26.0 12.0 -10.0 30.0 6.0 -2.0
-26.0 12.0 -12.0 30.0 6.0 2.0
-26.0 8.0 -12.0 32.0 6.0 2.0
-28.0 8.0 -12.0 32.0 6.0 2.0
-28.0 8.0 -4.0 32.0 8.0 2.0
-26.0 8.0 -4.0 32.0 8.0 -4.0
-24.0 8.0 -4.0 32.0 8.0 2.0
-24.0 8.0 -6.0 30.0 6.0 -2.0
-26.0 6.0 -10.0 30.0 6.0 4.0
-26.0 6.0 -14.0 30.0 4.0 -2.0
-28.0 6.0 -14.0 32.0 4.0 4.0
-28.0 6.0 -6.0 32.0 4.0 4.0
-28.0 6.0 -6.0 34.0 10.0 4.0
-28.0 10.0 -6.0 34.0 10.0 4.0
-28.0 12.0 -6.0 26.0 10.0 2.0
-28.0 12.0 -4.0 26.0 10.0 0.0
-28.0 12.0 -2.0 30.0 10.0 0.0
-24.0 10.0 -4.0 30.0 8.0 -6.0
-22.0 10.0 -4.0 26.0 6.0 -8.0
-24.0 10.0 -4.0 10.0 2.0 -8.0
-22.0 10.0 -10.0 18.0 6.0 4.0
-26.0 6.0 -10.0 18.0 8.0 4.0
-26.0 6.0 -10.0 22.0 14.0 -4.0
-26.0 6.0 -8.0 22.0 16.0 -4.0
-24.0 8.0 -6.0 26.0 16.0 -4.0
-24.0 8.0 -6.0 26.0 10.0 2.0
-20.0 8.0 -6.0 26.0 4.0 2.0
-14.0 2.0 -6.0 26.0 10.0 2.0
-14.0 0.0 -4.0 32.0 10.0 2.0
-18.0 0.0 0.0 32.0 10.0 2.0
-18.0 -2.0 0.0 28.0 8.0 2.0
-18.0 -2.0 -4.0 26.0 8.0 0.0
-14.0 6.0 -6.0 24.0 8.0 0.0
-14.0 8.0 -8.0 20.0 8.0 0.0
-20.0 6.0 -6.0 20.0 10.0 4.0
-24.0 4.0 -2.0 20.0 8.0 4.0
-24.0 4.0 2.0 24.0 8.0 0.0
-24.0 6.0 -2.0 24.0 6.0 0.0
-18.0 6.0 -6.0 24.0 6.0 0.0
-24.0 6.0 -6.0 24.0 4.0 2.0
-24.0 10.0 -6.0 22.0 4.0 2.0
-24.0 10.0 2.0 24.0 2.0 2.0
-20.0 4.0 -6.0 22.0 0.0 0.0
-20.0 4.0 -6.0 18.0 2.0 2.0
-24.0 0.0 -10.0 18.0 0.0 0.0
-24.0 0.0 -6.0 22.0 0.0 -2.0
-24.0 8.0 -4.0 22.0 0.0 -2.0
-22.0 8.0 -4.0 22.0 10.0 -8.0
-20.0 8.0 -8.0 24.0 10.0 -4.0
-18.0 8.0 -8.0 20.0 10.0 -4.0
-18.0 -2.0 -8.0 18.0 6.0 0.0
-18.0 -2.0 -6.0 16.0 6.0 2.0
-18.0 -2.0 -8.0 16.0 4.0 0.0
-26.0 0.0 -6.0 18.0 6.0 -2.0
-28.0 0.0 -6.0 22.0 4.0 -2.0
-26.0 4.0 -6.0 22.0 6.0 4.0
-26.0 6.0 -6.0 22.0 6.0 6.0
-24.0 8.0 -6.0 16.0 8.0 10.0
-22.0 6.0 -6.0 22.0 8.0 6.0
-22.0 12.0 -6.0 22.0 4.0 4.0
-22.0 2.0 -6.0 22.0 4.0 4.0
-22.0 6.0 -10.0 20.0 8.0 4.0
-24.0 0.0 -10.0 20.0 10.0 4.0
-24.0 6.0 -10.0 16.0 10.0 2.0
-24.0 0.0 -10.0 22.0 4.0 2.0
-26.0 6.0 -12.0 20.0 4.0 4.0
-28.0 0.0 -12.0 22.0 4.0 6.0
-28.0 4.0 -10.0 20.0 12.0 4.0
-28.0 2.0 -2.0 18.0 2.0 4.0
-22.0 4.0 -6.0 18.0 2.0 4.0
