# Target: fist
# Dominant_Vision: Open Hand
0.0 6.0 8.0 -6.0 0.0 -6.0
0.0 6.0 0.0 -6.0 0.0 -6.0
0.0 6.0 0.0 -10.0 -6.0 -6.0
-6.0 6.0 0.0 -14.0 -6.0 -6.0
-6.0 6.0 -2.0 -12.0 -10.0 -6.0
0.0 6.0 -2.0 -12.0 -6.0 -2.0
0.0 2.0 2.0 -12.0 -14.0 -2.0
-4.0 2.0 2.0 -28.0 -6.0 -2.0
-4.0 2.0 -2.0 -28.0 -6.0 -2.0
-4.0 0.0 -4.0 -28.0 -6.0 -6.0
-2.0 0.0 -6.0 -28.0 -4.0 -6.0
-2.0 8.0 -4.0 -28.0 -10.0 -6.0
-6.0 8.0 0.0 -28.0 -4.0 -6.0
-6.0 4.0 0.0 -28.0 -8.0 -6.0
-4.0 -2.0 0.0 -28.0 -8.0 -10.0
0.0 -4.0 -2.0 -18.0 -8.0 -10.0
0.0 -4.0 -2.0 -18.0 -8.0 -4.0
0.0 0.0 -2.0 -14.0 -8.0 -2.0
-2.0 0.0 4.0 -14.0 -4.0 -2.0
2.0 0.0 4.0 -14.0 -2.0 -2.0
-2.0 6.0 -4.0 -10.0 -2.0 -4.0
-2.0 6.0 -4.0 -10.0 -6.0 0.0
-2.0 4.0 0.0 -10.0 -6.0 -6.0
2.0 4.0 0.0 -8.0 -8.0 -6.0
6.0 4.0 0.0 -8.0 -4.0 -6.0
14.0 4.0 0.0 -8.0 -8.0 -4.0
16.0 0.0 -2.0 -6.0 -8.0 -4.0
14.0 4.0 -2.0 -6.0 -8.0 -6.0
16.0 -4.0 -2.0 -6.0 -8.0 -6.0
14.0 2.0 4.0 -2.0 -4.0 -4.0
12.0 -2.0 8.0 0.0 0.0 -4.0
12.0 2.0 8.0 -2.0 -4.0 -6.0
24.0 4.0 10.0 2.0 -2.0 -6.0
36.0 4.0 10.0 0.0 -2.0 0.0
42.0 2.0 8.0 2.0 -2.0 0.0
50.0 2.0 6.0 2.0 -2.0 0.0
56.0 2.0 8.0 8.0 -2.0 -4.0
66.0 4.0 8.0 12.0 8.0 0.0
74.0 6.0 8.0 12.0 8.0 0.0
84.0 10.0 8.0 12.0 10.0 0.0
88.0 6.0 6.0 12.0 8.0 -4.0
100.0 6.0 8.0 16.0 18.0 -4.0
100.0 4.0 10.0 28.0 20.0 -4.0
100.0 6.0 14.0 34.0 26.0 -4.0
100.0 12.0 14.0 70.0 38.0 -2.0
100.0 14.0 22.0 88.0 40.0 -2.0
100.0 14.0 22.0 100.0 48.0 -2.0
100.0 14.0 22.0 100.0 66.0 -4.0
100.0 16.0 34.0 100.0 76.0 -4.0
100.0 16.0 36.0 100.0 96.0 4.0
100.0 16.0 44.0 100.0 100.0 4.0
100.0 18.0 62.0 100.0 100.0 4.0
100.0 24.0 74.0 100.0 100.0 4.0
100.0 32.0 82.0 100.0 100.0 6.0
100.0 32.0 98.0 100.0 100.0 8.0
100.0 32.0 100.0 100.0 100.0 8.0
100.0 32.0 100.0 100.0 100.0 10.0
100.0 40.0 100.0 100.0 100.0 10.0
100.0 48.0 100.0 100.0 100.0 16.0
100.0 44.0 100.0 100.0 100.0 10.0
100.0 50.0 100.0 100.0 100.0 12.0
100.0 44.0 100.0 100.0 100.0 10.0
100.0 44.0 100.0 100.0 100.0 12.0
100.0 44.0 100.0 100.0 100.0 16.0
100.0 50.0 100.0 100.0 100.0 22.0
100.0 54.0 100.0 100.0 100.0 22.0
100.0 56.0 100.0 100.0 100.0 16.0
100.0 58.0 100.0 100.0 100.0 14.0
100.0 56.0 100.0 100.0 100.0 10.0
100.0 54.0 100.0 100.0 100.0 14.0
100.0 54.0 100.0 100.0 100.0 14.0
100.0 54.0 100.0 100.0 100.0 20.0
100.0 56.0 100.0 100.0 100.0 16.0
100.0 58.0 100.0 100.0 100.0 16.0
100.0 58.0 100.0 100.0 100.0 16.0
100.0 58.0 100.0 100.0 100.0 14.0
100.0 60.0 100.0 100.0 100.0 16.0
100.0 56.0 100.0 100.0 100.0 14.0
100.0 52.0 100.0 100.0 100.0 16.0
100.0 52.0 100.0 100.0 100.0 14.0
100.0 56.0 100.0 100.0 100.0 18.0
100.0 60.0 100.0 100.0 100.0 14.0
100.0 56.0 100.0 100.0 100.0 8.0
100.0 60.0 100.0 100.0 100.0 8.0
100.0 56.0 100.0 100.0 100.0 8.0
100.0 60.0 100.0 100.0 100.0 8.0
100.0 60.0 100.0 100.0 100.0 8.0
100.0 60.0 100.0 100.0 100.0 6.0
100.0 60.0 100.0 100.0 100.0 6.0
100.0 60.0 100.0 100.0 100.0 4.0
100.0 50.0 100.0 100.0 100.0 4.0
100.0 46.0 100.0 100.0 100.0 4.0
100.0 46.0 100.0 100.0 100.0 0.0
100.0 42.0 100.0 100.0 100.0 2.0
100.0 42.0 100.0 100.0 100.0 0.0
100.0 42.0 100.0 100.0 100.0 0.0
100.0 30.0 92.0 100.0 100.0 -4.0
100.0 26.0 90.0 100.0 100.0 -4.0
100.0 26.0 70.0 100.0 96.0 -4.0
100.0 26.0 68.0 100.0 80.0 -4.0
100.0 24.0 62.0 100.0 64.0 0.0
100.0 20.0 46.0 100.0 60.0 -6.0
100.0 20.0 46.0 100.0 42.0 -6.0
100.0 20.0 46.0 100.0 38.0 -6.0
100.0 22.0 34.0 100.0 36.0 -14.0
100.0 22.0 28.0 100.0 30.0 -6.0
100.0 22.0 34.0 100.0 26.0 -6.0
100.0 22.0 26.0 100.0 26.0 0.0
100.0 20.0 34.0 100.0 26.0 0.0
100.0 24.0 24.0 100.0 26.0 0.0
100.0 26.0 26.0 100.0 20.0 -6.0
100.0 26.0 26.0 100.0 20.0 -6.0
100.0 20.0 26.0 82.0 20.0 -6.0
100.0 20.0 26.0 80.0 20.0 -2.0
100.0 26.0 26.0 80.0 20.0 -2.0
100.0 26.0 20.0 80.0 16.0 -2.0
100.0 26.0 14.0 68.0 16.0 2.0
100.0 20.0 20.0 68.0 12.0 2.0
100.0 20.0 18.0 78.0 6.0 2.0
100.0 20.0 18.0 78.0 8.0 2.0
98.0 26.0 18.0 76.0 8.0 0.0
98.0 26.0 18.0 76.0 8.0 0.0
98.0 28.0 18.0 78.0 10.0 0.0
98.0 28.0 22.0 78.0 10.0 0.0
98.0 28.0 20.0 76.0 10.0 -6.0
98.0 26.0 26.0 70.0 6.0 -6.0
98.0 26.0 20.0 64.0 6.0 -6.0
98.0 24.0 22.0 64.0 8.0 -6.0
92.0 24.0 20.0 70.0 8.0 -4.0
92.0 26.0 18.0 70.0 8.0 -6.0
82.0 26.0 18.0 64.0 8.0 -12.0
80.0 26.0 18.0 64.0 8.0 -12.0
74.0 26.0 18.0 64.0 6.0 -10.0
74.0 26.0 16.0 58.0 6.0 -4.0
82.0 26.0 16.0 46.0 4.0 -10.0
82.0 26.0 16.0 46.0 4.0 -4.0
82.0 26.0 12.0 54.0 4.0 0.0
82.0 26.0 12.0 54.0 12.0 0.0
82.0 22.0 14.0 54.0 12.0 -2.0
82.0 20.0 16.0 46.0 6.0 -4.0
86.0 22.0 16.0 56.0 6.0 -2.0
86.0 26.0 16.0 46.0 6.0 -8.0
86.0 26.0 14.0 52.0 8.0 -2.0
76.0 26.0 14.0 52.0 8.0 -2.0
82.0 26.0 20.0 52.0 4.0 0.0
72.0 26.0 20.0 52.0 4.0 0.0
80.0 26.0 20.0 52.0 6.0 -6.0
80.0 24.0 20.0 52.0 8.0 -6.0
80.0 18.0 20.0 56.0 8.0 -4.0
80.0 18.0 16.0 48.0 2.0 -2.0
76.0 18.0 16.0 58.0 2.0 -2.0
76.0 22.0 14.0 44.0 6.0 -2.0
82.0 24.0 18.0 46.0 6.0 -4.0
88.0 28.0 14.0 46.0 8.0 -6.0
88.0 28.0 12.0 46.0 2.0 -4.0
88.0 24.0 12.0 48.0 4.0 -4.0
86.0 18.0 18.0 48.0 4.0 -2.0
82.0 18.0 18.0 52.0 4.0 0.0
80.0 22.0 16.0 52.0 4.0 -2.0
80.0 24.0 16.0 54.0 2.0 0.0
88.0 22.0 14.0 54.0 2.0 -4.0
88.0 22.0 14.0 54.0 2.0 -8.0
84.0 22.0 12.0 46.0 4.0 -8.0
84.0 22.0 12.0 44.0 4.0 -10.0
84.0 24.0 12.0 44.0 4.0 -4.0
88.0 26.0 14.0 44.0 4.0 -6.0
86.0 26.0 14.0 46.0 4.0 -6.0
86.0 26.0 12.0 46.0 0.0 -6.0
86.0 22.0 12.0 52.0 0.0 -4.0
86.0 24.0 14.0 52.0 -2.0 2.0
84.0 24.0 16.0 48.0 0.0 2.0
84.0 24.0 20.0 48.0 8.0 2.0
84.0 24.0 20.0 48.0 8.0 0.0
90.0 22.0 20.0 52.0 4.0 -2.0
82.0 24.0 16.0 52.0 0.0 -2.0
84.0 24.0 12.0 50.0 2.0 -2.0
82.0 24.0 12.0 50.0 2.0 -2.0
84.0 24.0 12.0 50.0 2.0 -4.0
84.0 22.0 12.0 50.0 2.0 -6.0
84.0 26.0 16.0 50.0 4.0 -6.0
90.0 26.0 16.0 54.0 2.0 -2.0
90.0 26.0 16.0 54.0 -2.0 0.0
88.0 22.0 12.0 48.0 -2.0 0.0
86.0 22.0 10.0 48.0 0.0 0.0
82.0 26.0 10.0 44.0 2.0 0.0
78.0 26.0 12.0 44.0 2.0 0.0
82.0 20.0 12.0 48.0 0.0 -2.0
86.0 20.0 12.0 48.0 0.0 -8.0
86.0 22.0 12.0 48.0 0.0 -6.0
84.0 22.0 12.0 42.0 0.0 -6.0
84.0 22.0 12.0 46.0 2.0 2.0
86.0 24.0 12.0 42.0 4.0 2.0
86.0 24.0 10.0 46.0 4.0 -4.0
86.0 20.0 14.0 42.0 -4.0 -4.0
84.0 20.0 12.0 40.0 -4.0 -6.0
84.0 20.0 14.0 40.0 -4.0 -6.0
82.0 20.0 14.0 40.0 -4.0 -6.0
82.0 18.0 16.0 40.0 -4.0 -8.0
90.0 18.0 14.0 40.0 4.0 -4.0
90.0 20.0 8.0 40.0 4.0 -4.0
84.0 20.0 8.0 44.0 -2.0 -2.0
84.0 20.0 14.0 44.0 -2.0 -2.0
90.0 20.0 16.0 40.0 -2.0 -6.0
92.0 16.0 14.0 40.0 -4.0 -6.0
90.0 16.0 16.0 44.0 -4.0 -6.0
88.0 26.0 6.0 44.0 0.0 -4.0
88.0 26.0 14.0 44.0 2.0 -2.0
86.0 26.0 14.0 44.0 2.0 0.0
86.0 22.0 16.0 44.0 2.0 0.0
86.0 26.0 18.0 44.0 2.0 0.0
86.0 26.0 18.0 44.0 0.0 -2.0
86.0 26.0 18.0 46.0 -4.0 -10.0
86.0 24.0 16.0 46.0 -4.0 -10.0
86.0 18.0 12.0 50.0 -2.0 -4.0
84.0 18.0 12.0 42.0 -2.0 -4.0
84.0 24.0 12.0 44.0 4.0 -4.0
84.0 24.0 14.0 40.0 4.0 -6.0
84.0 18.0 14.0 40.0 2.0 -2.0
84.0 18.0 20.0 38.0 2.0 -6.0
84.0 22.0 20.0 38.0 2.0 -2.0
84.0 24.0 16.0 36.0 -4.0 -6.0
82.0 22.0 16.0 36.0 -4.0 -2.0
82.0 18.0 14.0 36.0 -4.0 -6.0
84.0 18.0 18.0 38.0 -2.0 -8.0
84.0 18.0 16.0 38.0 -2.0 -8.0
76.0 24.0 18.0 40.0 -2.0 -8.0
76.0 24.0 20.0 36.0 -4.0 -8.0
