# Target: fist
# Dominant_Vision: Open Hand
0.0 -4.0 0.0 -2.0 0.0 0.0
-2.0 0.0 4.0 0.0 2.0 0.0
-4.0 -2.0 4.0 -2.0 6.0 -4.0
-4.0 0.0 4.0 -2.0 6.0 0.0
-4.0 0.0 0.0 -2.0 8.0 -8.0
-8.0 0.0 6.0 -10.0 8.0 4.0
-10.0 -4.0 -2.0 -10.0 8.0 0.0
-10.0 -4.0 6.0 -10.0 12.0 2.0
-8.0 -2.0 0.0 -8.0 12.0 0.0
-8.0 -2.0 2.0 -8.0 4.0 0.0
-8.0 -2.0 2.0 -8.0 4.0 0.0
-8.0 0.0 6.0 -16.0 4.0 0.0
-8.0 -2.0 6.0 -6.0 4.0 -2.0
-4.0 -2.0 4.0 -6.0 4.0 -2.0
-4.0 -6.0 4.0 -2.0 4.0 -2.0
-4.0 -2.0 -2.0 -2.0 4.0 -2.0
-6.0 -10.0 6.0 -2.0 8.0 -2.0
-6.0 -2.0 6.0 -2.0 10.0 -4.0
-6.0 -4.0 6.0 -4.0 8.0 -2.0
-4.0 -4.0 6.0 -2.0 8.0 0.0
-4.0 -4.0 4.0 0.0 8.0 0.0
-2.0 -2.0 4.0 0.0 8.0 -2.0
0.0 -2.0 4.0 4.0 18.0 -2.0
6.0 0.0 6.0 6.0 18.0 -2.0
6.0 2.0 6.0 8.0 16.0 0.0
12.0 2.0 6.0 8.0 12.0 0.0
42.0 4.0 -2.0 8.0 16.0 2.0
56.0 6.0 -2.0 28.0 30.0 2.0
80.0 6.0 8.0 36.0 32.0 2.0
100.0 14.0 10.0 48.0 34.0 0.0
100.0 14.0 10.0 60.0 36.0 0.0
100.0 14.0 16.0 100.0 50.0 2.0
100.0 16.0 30.0 100.0 66.0 2.0
100.0 20.0 36.0 100.0 76.0 2.0
100.0 22.0 44.0 100.0 86.0 2.0
100.0 22.0 58.0 100.0 100.0 2.0
100.0 28.0 64.0 100.0 100.0 8.0
100.0 36.0 94.0 100.0 100.0 14.0
100.0 44.0 94.0 100.0 100.0 20.0
100.0 52.0 100.0 100.0 100.0 14.0
100.0 52.0 100.0 100.0 100.0 20.0
100.0 52.0 100.0 100.0 100.0 20.0
100.0 48.0 100.0 100.0 100.0 20.0
100.0 46.0 100.0 100.0 100.0 20.0
100.0 46.0 100.0 100.0 100.0 20.0
100.0 56.0 100.0 100.0 100.0 20.0
100.0 56.0 100.0 100.0 100.0 18.0
100.0 56.0 100.0 100.0 100.0 18.0
100.0 52.0 100.0 100.0 100.0 18.0
100.0 50.0 100.0 100.0 100.0 20.0
100.0 48.0 100.0 100.0 100.0 22.0
100.0 48.0 100.0 100.0 100.0 22.0
100.0 48.0 100.0 100.0 100.0 22.0
100.0 42.0 100.0 100.0 100.0 16.0
100.0 42.0 100.0 100.0 100.0 18.0
100.0 54.0 100.0 100.0 100.0 14.0
100.0 54.0 100.0 100.0 100.0 12.0
100.0 50.0 100.0 100.0 100.0 12.0
100.0 48.0 100.0 100.0 100.0 16.0
100.0 44.0 100.0 100.0 100.0 16.0
100.0 44.0 100.0 100.0 100.0 6.0
100.0 46.0 100.0 100.0 100.0 2.0
100.0 50.0 100.0 100.0 100.0 2.0
100.0 46.0 100.0 100.0 100.0 -2.0
100.0 42.0 100.0 100.0 100.0 2.0
100.0 34.0 100.0 100.0 100.0 2.0
100.0 32.0 100.0 100.0 100.0 2.0
100.0 28.0 100.0 100.0 100.0 4.0
100.0 24.0 100.0 100.0 100.0 4.0
100.0 20.0 72.0 100.0 100.0 4.0
100.0 20.0 62.0 100.0 100.0 -6.0
100.0 2.0 48.0 100.0 92.0 -6.0
100.0 2.0 38.0 100.0 80.0 -4.0
100.0 12.0 32.0 100.0 66.0 -2.0
90.0 12.0 28.0 100.0 60.0 -2.0
76.0 12.0 26.0 100.0 52.0 -2.0
46.0 8.0 18.0 88.0 38.0 -2.0
40.0 6.0 16.0 64.0 38.0 -2.0
24.0 6.0 16.0 64.0 30.0 -2.0
24.0 -4.0 2.0 60.0 30.0 -6.0
20.0 10.0 6.0 52.0 26.0 -8.0
22.0 8.0 6.0 46.0 26.0 -6.0
22.0 10.0 6.0 38.0 22.0 -2.0
22.0 8.0 6.0 34.0 20.0 -2.0
28.0 6.0 6.0 38.0 18.0 -2.0
16.0 4.0 4.0 36.0 18.0 -4.0
2.0 6.0 6.0 36.0 18.0 -6.0
2.0 4.0 6.0 32.0 18.0 -8.0
2.0 0.0 6.0 22.0 18.0 -8.0
-2.0 0.0 6.0 30.0 14.0 -2.0
-6.0 12.0 2.0 28.0 16.0 -2.0
-2.0 12.0 8.0 28.0 8.0 -4.0
0.0 12.0 2.0 26.0 16.0 -4.0
2.0 4.0 6.0 24.0 16.0 -4.0
2.0 4.0 4.0 24.0 18.0 -6.0
-4.0 4.0 6.0 18.0 16.0 -6.0
-4.0 4.0 6.0 18.0 18.0 -6.0
-6.0 4.0 6.0 18.0 18.0 -2.0
-6.0 4.0 6.0 18.0 18.0 -6.0
-6.0 4.0 6.0 18.0 14.0 -2.0
-4.0 6.0 6.0 16.0 14.0 -2.0
-8.0 6.0 0.0 8.0 20.0 -2.0
-8.0 6.0 -4.0 8.0 20.0 -2.0
-8.0 4.0 0.0 8.0 18.0 -2.0
-4.0 4.0 2.0 8.0 12.0 0.0
2.0 4.0 2.0 8.0 12.0 0.0
-4.0 6.0 0.0 20.0 12.0 -2.0
-6.0 4.0 -4.0 6.0 4.0 -2.0
-6.0 4.0 -2.0 8.0 18.0 -2.0
-4.0 4.0 -2.0 8.0 18.0 -2.0
0.0 10.0 6.0 8.0 18.0 -2.0
0.0 10.0 6.0 18.0 12.0 0.0
-4.0 8.0 2.0 20.0 12.0 0.0
-4.0 0.0 2.0 18.0 10.0 -2.0
-10.0 0.0 2.0 14.0 10.0 -4.0
-10.0 0.0 -2.0 8.0 10.0 -4.0
-10.0 8.0 8.0 14.0 10.0 -4.0
-8.0 -2.0 2.0 16.0 20.0 -2.0
-6.0 6.0 2.0 16.0 20.0 -2.0
-2.0 6.0 -2.0 8.0 12.0 -8.0
-2.0 6.0 -2.0 8.0 8.0 -8.0
-4.0 10.0 4.0 8.0 8.0 -8.0
-6.0 10.0 10.0 8.0 8.0 -4.0
-4.0 12.0 10.0 8.0 8.0 -4.0
-6.0 10.0 6.0 8.0 8.0 -4.0
-4.0 4.0 4.0 8.0 8.0 -6.0
-4.0 2.0 0.0 8.0 12.0 0.0
-4.0 4.0 -2.0 8.0 12.0 2.0
-4.0 6.0 -2.0 16.0 10.0 4.0
-8.0 6.0 -6.0 8.0 6.0 2.0
-14.0 6.0 -6.0 16.0 6.0 -2.0
-8.0 0.0 -2.0 16.0 10.0 -4.0
-6.0 4.0 4.0 16.0 12.0 -2.0
-6.0 4.0 4.0 2.0 12.0 -2.0
-4.0 4.0 4.0 2.0 14.0 2.0
0.0 8.0 4.0 8.0 12.0 -2.0
-2.0 -2.0 4.0 16.0 10.0 -2.0
-2.0 6.0 -2.0 16.0 10.0 -2.0
-2.0 6.0 -2.0 20.0 14.0 -4.0
-4.0 6.0 -2.0 22.0 18.0 -6.0
-4.0 2.0 2.0 22.0 14.0 -6.0
-4.0 -2.0 -2.0 20.0 8.0 4.0
-4.0 -2.0 -2.0 14.0 6.0 4.0
-4.0 0.0 -2.0 8.0 6.0 6.0
-4.0 0.0 2.0 8.0 12.0 6.0
-4.0 0.0 2.0 16.0 12.0 10.0
-4.0 -2.0 6.0 16.0 12.0 -12.0
-4.0 6.0 0.0 8.0 12.0 -2.0
-4.0 2.0 -2.0 8.0 12.0 -12.0
-6.0 12.0 -4.0 6.0 10.0 -2.0
-6.0 8.0 -4.0 6.0 14.0 -2.0
-2.0 8.0 -2.0 8.0 8.0 -2.0
-2.0 8.0 -2.0 8.0 12.0 0.0
2.0 4.0 -2.0 8.0 8.0 0.0
-2.0 4.0 4.0 8.0 6.0 0.0
-2.0 6.0 2.0 8.0 6.0 0.0
-2.0 6.0 2.0 18.0 8.0 -2.0
-2.0 2.0 -2.0 18.0 10.0 -2.0
-2.0 2.0 -2.0 8.0 10.0 -2.0
0.0 4.0 4.0 8.0 12.0 2.0
0.0 4.0 4.0 8.0 6.0 2.0
0.0 4.0 4.0 8.0 8.0 -2.0
-4.0 -2.0 2.0 8.0 6.0 -2.0
-6.0 8.0 0.0 8.0 8.0 4.0
-6.0 4.0 -2.0 18.0 6.0 4.0
-6.0 4.0 -2.0 18.0 10.0 2.0
-6.0 4.0 -2.0 16.0 4.0 2.0
-4.0 4.0 4.0 8.0 14.0 -6.0
-4.0 4.0 -6.0 8.0 8.0 2.0
-2.0 4.0 0.0 8.0 8.0 -2.0
-4.0 4.0 -6.0 8.0 8.0 -2.0
-4.0 6.0 0.0 8.0 10.0 -2.0
-4.0 8.0 6.0 8.0 14.0 0.0
-4.0 8.0 6.0 8.0 12.0 2.0
-4.0 10.0 8.0 8.0 12.0 2.0
-4.0 8.0 6.0 8.0 12.0 -4.0
-4.0 12.0 10.0 8.0 10.0 -4.0
-4.0 6.0 4.0 8.0 10.0 -2.0
-4.0 6.0 10.0 8.0 10.0 0.0
-6.0 6.0 4.0 8.0 12.0 -2.0
-6.0 6.0 10.0 8.0 12.0 4.0
-6.0 -8.0 0.0 8.0 12.0 4.0
4.0 -8.0 -2.0 8.0 6.0 4.0
4.0 -8.0 -2.0 8.0 6.0 -4.0
4.0 -6.0 6.0 8.0 6.0 -4.0
2.0 -6.0 6.0 8.0 6.0 -4.0
-2.0 8.0 -4.0 8.0 4.0 -4.0
-4.0 8.0 -4.0 8.0 4.0 -2.0
-4.0 0.0 0.0 6.0 10.0 -2.0
-2.0 0.0 0.0 6.0 10.0 0.0
2.0 2.0 0.0 8.0 10.0 -2.0
2.0 4.0 0.0 8.0 8.0 -4.0
0.0 4.0 0.0 8.0 12.0 -4.0
-4.0 4.0 0.0 8.0 12.0 -4.0
-4.0 0.0 -6.0 8.0 14.0 0.0
-2.0 0.0 -4.0 6.0 14.0 0.0
-2.0 0.0 -4.0 6.0 10.0 -2.0
-6.0 0.0 0.0 6.0 10.0 -4.0
-6.0 2.0 8.0 8.0 14.0 -4.0
-6.0 2.0 8.0 8.0 14.0 -4.0
-4.0 -2.0 8.0 6.0 10.0 0.0
-2.0 -2.0 4.0 6.0 10.0 0.0
-2.0 -10.0 0.0 8.0 12.0 0.0
-2.0 -4.0 0.0 8.0 12.0 0.0
-2.0 -4.0 -4.0 8.0 10.0 0.0
-6.0 -4.0 -4.0 8.0 10.0 -4.0
-2.0 2.0 -4.0 8.0 10.0 6.0
-2.0 2.0 -6.0 8.0 10.0 2.0
-2.0 2.0 -6.0 6.0 10.0 4.0
-2.0 2.0 -6.0 2.0 10.0 2.0
-2.0 4.0 -2.0 2.0 12.0 0.0
-4.0 4.0 0.0 8.0 12.0 0.0
-4.0 4.0 0.0 8.0 12.0 2.0
-6.0 2.0 2.0 8.0 12.0 2.0
-4.0 2.0 2.0 8.0 10.0 0.0
-4.0 6.0 2.0 6.0 12.0 0.0
2.0 6.0 0.0 6.0 12.0 2.0
-4.0 6.0 0.0 4.0 12.0 2.0
2.0 6.0 0.0 4.0 14.0 0.0
-4.0 6.0 0.0 4.0 12.0 -2.0
-4.0 6.0 0.0 8.0 12.0 -2.0
-6.0 6.0 0.0 8.0 12.0 -6.0
-6.0 8.0 0.0 8.0 12.0 -6.0
-4.0 8.0 -6.0 8.0 10.0 -6.0
-2.0 8.0 -6.0 8.0 10.0 0.0
-4.0 -4.0 -4.0 8.0 8.0 -4.0
-4.0 4.0 4.0 4.0 8.0 -4.0
-4.0 4.0 0.0 0.0 8.0 -4.0
-4.0 4.0 4.0 0.0 14.0 -4.0
-2.0 8.0 0.0 0.0 14.0 -2.0
-4.0 8.0 0.0 0.0 12.0 -2.0
-4.0 4.0 0.0 -6.0 10.0 -2.0
