# Target: fist
# Dominant_Vision: Open Hand
-2.0 0.0 0.0 0.0 4.0 2.0
0.0 -2.0 -6.0 14.0 4.0 0.0
6.0 -6.0 -6.0 14.0 8.0 0.0
10.0 -2.0 2.0 16.0 12.0 0.0
10.0 6.0 2.0 22.0 12.0 6.0
10.0 6.0 0.0 22.0 18.0 6.0
10.0 6.0 -4.0 24.0 18.0 6.0
10.0 6.0 0.0 34.0 16.0 4.0
4.0 6.0 -4.0 38.0 16.0 4.0
10.0 2.0 6.0 52.0 24.0 6.0
6.0 2.0 2.0 58.0 24.0 6.0
10.0 6.0 2.0 52.0 24.0 6.0
10.0 6.0 2.0 58.0 28.0 6.0
20.0 2.0 12.0 74.0 34.0 6.0
22.0 2.0 16.0 80.0 34.0 0.0
22.0 6.0 16.0 100.0 50.0 -2.0
38.0 6.0 12.0 100.0 60.0 0.0
38.0 6.0 12.0 100.0 70.0 2.0
40.0 -4.0 16.0 100.0 86.0 6.0
46.0 4.0 18.0 100.0 100.0 2.0
100.0 4.0 30.0 100.0 100.0 6.0
100.0 14.0 30.0 100.0 100.0 12.0
100.0 14.0 36.0 100.0 100.0 20.0
100.0 10.0 40.0 100.0 100.0 20.0
100.0 10.0 42.0 100.0 100.0 20.0
100.0 10.0 52.0 100.0 100.0 24.0
100.0 12.0 54.0 100.0 100.0 20.0
100.0 14.0 84.0 100.0 100.0 20.0
100.0 14.0 98.0 100.0 100.0 20.0
100.0 6.0 100.0 100.0 100.0 12.0
100.0 6.0 100.0 100.0 100.0 12.0
100.0 6.0 100.0 100.0 100.0 12.0
100.0 6.0 100.0 100.0 100.0 16.0
100.0 -4.0 100.0 100.0 100.0 16.0
100.0 -4.0 100.0 100.0 100.0 8.0
100.0 6.0 100.0 100.0 100.0 8.0
100.0 6.0 100.0 100.0 100.0 8.0
100.0 6.0 100.0 100.0 100.0 10.0
100.0 6.0 100.0 100.0 100.0 14.0
100.0 2.0 100.0 100.0 100.0 14.0
100.0 6.0 100.0 100.0 100.0 14.0
100.0 6.0 100.0 100.0 100.0 14.0
100.0 14.0 100.0 100.0 100.0 14.0
100.0 14.0 100.0 100.0 100.0 14.0
100.0 14.0 100.0 100.0 100.0 12.0
100.0 12.0 100.0 100.0 100.0 16.0
100.0 12.0 100.0 100.0 100.0 18.0
100.0 12.0 100.0 100.0 100.0 22.0
100.0 12.0 100.0 100.0 100.0 18.0
100.0 10.0 100.0 100.0 100.0 18.0
100.0 8.0 100.0 100.0 100.0 16.0
100.0 8.0 100.0 100.0 100.0 16.0
100.0 8.0 100.0 100.0 100.0 16.0
100.0 8.0 100.0 100.0 100.0 18.0
100.0 8.0 100.0 100.0 100.0 18.0
100.0 8.0 100.0 100.0 100.0 18.0
100.0 8.0 100.0 100.0 100.0 16.0
100.0 4.0 100.0 100.0 100.0 16.0
100.0 4.0 100.0 100.0 100.0 10.0
100.0 6.0 100.0 100.0 100.0 18.0
100.0 6.0 100.0 100.0 100.0 12.0
100.0 6.0 100.0 100.0 100.0 12.0
100.0 6.0 100.0 100.0 100.0 12.0
100.0 8.0 100.0 100.0 100.0 16.0
100.0 8.0 100.0 100.0 100.0 16.0
100.0 4.0 100.0 100.0 100.0 14.0
100.0 2.0 100.0 100.0 100.0 14.0
100.0 2.0 100.0 100.0 100.0 14.0
100.0 2.0 100.0 100.0 100.0 14.0
100.0 2.0 100.0 100.0 100.0 14.0
100.0 2.0 100.0 100.0 100.0 14.0
100.0 6.0 100.0 100.0 100.0 14.0
100.0 8.0 100.0 100.0 100.0 16.0
100.0 8.0 100.0 100.0 100.0 18.0
100.0 6.0 100.0 100.0 100.0 22.0
100.0 6.0 100.0 100.0 100.0 22.0
100.0 10.0 100.0 100.0 100.0 20.0
100.0 12.0 100.0 100.0 100.0 20.0
100.0 16.0 100.0 100.0 100.0 10.0
100.0 16.0 100.0 100.0 100.0 14.0
100.0 12.0 100.0 100.0 100.0 12.0
100.0 6.0 100.0 100.0 100.0 12.0
100.0 12.0 100.0 100.0 100.0 10.0
100.0 2.0 100.0 100.0 100.0 10.0
100.0 2.0 100.0 100.0 100.0 10.0
100.0 2.0 100.0 100.0 100.0 10.0
100.0 -4.0 100.0 100.0 100.0 10.0
100.0 -4.0 100.0 100.0 100.0 10.0
100.0 -12.0 100.0 100.0 100.0 8.0
100.0 -10.0 100.0 100.0 100.0 -6.0
100.0 -10.0 100.0 100.0 100.0 -6.0
100.0 -8.0 100.0 100.0 100.0 -6.0
100.0 -8.0 100.0 100.0 100.0 -6.0
100.0 -20.0 100.0 100.0 100.0 -6.0
100.0 -26.0 100.0 100.0 100.0 -4.0
100.0 -26.0 100.0 100.0 100.0 -4.0
100.0 -26.0 100.0 100.0 100.0 -12.0
100.0 -26.0 100.0 100.0 100.0 -16.0
100.0 -30.0 100.0 100.0 100.0 -16.0
100.0 -30.0 100.0 100.0 100.0 -8.0
100.0 -30.0 100.0 100.0 100.0 -8.0
100.0 -28.0 100.0 100.0 100.0 -8.0
100.0 -28.0 100.0 100.0 100.0 -6.0
100.0 -28.0 100.0 100.0 100.0 -6.0
100.0 -26.0 100.0 100.0 100.0 -6.0
100.0 -26.0 100.0 100.0 100.0 -10.0
100.0 -26.0 98.0 100.0 100.0 -12.0
100.0 -28.0 78.0 100.0 100.0 -12.0
100.0 -32.0 50.0 100.0 100.0 -8.0
80.0 -32.0 28.0 100.0 100.0 -8.0
72.0 -32.0 28.0 100.0 100.0 -8.0
68.0 -28.0 26.0 100.0 100.0 -14.0
66.0 -26.0 20.0 100.0 100.0 -14.0
-14.0 -26.0 14.0 100.0 100.0 -2.0
-42.0 -26.0 14.0 100.0 100.0 -2.0
-50.0 -32.0 14.0 100.0 100.0 -2.0
-50.0 -34.0 14.0 100.0 100.0 -10.0
-50.0 -32.0 12.0 100.0 100.0 -10.0
-50.0 -30.0 10.0 100.0 100.0 -8.0
-52.0 -26.0 -8.0 100.0 100.0 -6.0
-54.0 -26.0 -8.0 100.0 100.0 -6.0
-62.0 -26.0 -6.0 100.0 100.0 -10.0
-62.0 -30.0 -4.0 100.0 100.0 -10.0
-54.0 -30.0 -4.0 100.0 100.0 -10.0
-54.0 -32.0 0.0 100.0 100.0 -12.0
-52.0 -32.0 -4.0 100.0 100.0 -12.0
-56.0 -26.0 0.0 100.0 100.0 -12.0
-56.0 -26.0 -12.0 100.0 100.0 -6.0
-62.0 -28.0 -10.0 100.0 100.0 -10.0
-62.0 -28.0 -10.0 100.0 100.0 -6.0
-56.0 -26.0 -8.0 100.0 100.0 -6.0
-56.0 -26.0 -8.0 100.0 100.0 -6.0
-56.0 -32.0 -12.0 100.0 98.0 -8.0
-58.0 -32.0 -12.0 100.0 98.0 -8.0
-52.0 -28.0 -6.0 100.0 98.0 -8.0
-58.0 -28.0 -6.0 100.0 98.0 -8.0
-52.0 -30.0 -6.0 100.0 98.0 -8.0
-62.0 -30.0 -10.0 100.0 94.0 -8.0
-54.0 -30.0 -6.0 100.0 94.0 -8.0
-54.0 -28.0 2.0 100.0 94.0 -10.0
-50.0 -26.0 2.0 100.0 96.0 -10.0
-48.0 -26.0 -6.0 100.0 98.0 -10.0
-50.0 -26.0 -6.0 100.0 100.0 -6.0
-50.0 -26.0 -6.0 100.0 100.0 -6.0
-52.0 -26.0 -8.0 100.0 100.0 0.0
-50.0 -30.0 -10.0 100.0 94.0 0.0
-52.0 -30.0 -14.0 100.0 94.0 -6.0
-56.0 -26.0 -10.0 100.0 90.0 -8.0
-56.0 -26.0 -6.0 100.0 90.0 -8.0
-56.0 -32.0 -2.0 100.0 90.0 -6.0
-60.0 -32.0 -2.0 100.0 92.0 -6.0
-60.0 -22.0 -2.0 100.0 94.0 -6.0
-54.0 -22.0 -6.0 100.0 96.0 -6.0
-54.0 -28.0 -6.0 100.0 96.0 -6.0
-54.0 -36.0 -10.0 100.0 96.0 -6.0
-54.0 -36.0 -14.0 100.0 96.0 -8.0
-56.0 -32.0 -14.0 100.0 98.0 -6.0
-56.0 -32.0 -8.0 100.0 98.0 -8.0
-56.0 -32.0 -8.0 100.0 90.0 -12.0
-52.0 -36.0 -8.0 100.0 90.0 -12.0
-52.0 -34.0 -6.0 100.0 86.0 -12.0
-60.0 -34.0 -6.0 100.0 90.0 -12.0
-64.0 -30.0 -8.0 100.0 88.0 -12.0
-60.0 -30.0 -8.0 100.0 88.0 -12.0
-60.0 -30.0 -8.0 100.0 84.0 -12.0
-60.0 -32.0 -6.0 100.0 82.0 -12.0
-60.0 -34.0 -6.0 100.0 80.0 -12.0
-54.0 -42.0 -6.0 100.0 82.0 -12.0
-54.0 -42.0 -14.0 100.0 88.0 -6.0
-62.0 -40.0 -14.0 100.0 88.0 -6.0
-62.0 -32.0 -8.0 100.0 86.0 -8.0
-62.0 -32.0 0.0 100.0 82.0 -10.0
-64.0 -32.0 0.0 100.0 82.0 -10.0
-66.0 -36.0 -2.0 100.0 74.0 -10.0
-70.0 -36.0 -8.0 100.0 76.0 -6.0
-66.0 -28.0 -14.0 100.0 74.0 -6.0
-62.0 -28.0 -14.0 100.0 74.0 -6.0
-62.0 -28.0 -14.0 100.0 74.0 -6.0
-62.0 -28.0 -4.0 100.0 74.0 -6.0
-60.0 -28.0 -4.0 100.0 80.0 -6.0
-60.0 -32.0 -6.0 100.0 80.0 -12.0
-68.0 -32.0 -6.0 100.0 80.0 -12.0
-68.0 -32.0 -4.0 100.0 78.0 -12.0
-68.0 -30.0 -4.0 100.0 78.0 -8.0
-70.0 -32.0 -8.0 100.0 78.0 -8.0
-70.0 -32.0 -8.0 100.0 74.0 -8.0
-70.0 -32.0 -10.0 100.0 72.0 -8.0
-66.0 -30.0 -10.0 100.0 68.0 -10.0
-66.0 -30.0 -16.0 100.0 68.0 -10.0
-66.0 -36.0 -18.0 100.0 68.0 -10.0
-68.0 -36.0 -16.0 100.0 68.0 -10.0
-70.0 -32.0 -16.0 100.0 68.0 -10.0
-68.0 -30.0 -12.0 100.0 72.0 -2.0
-68.0 -30.0 -12.0 100.0 72.0 -10.0
-68.0 -32.0 -12.0 100.0 66.0 -12.0
-68.0 -32.0 -8.0 100.0 64.0 -12.0
-68.0 -28.0 -8.0 100.0 64.0 -10.0
-72.0 -28.0 -10.0 100.0 70.0 -4.0
-72.0 -28.0 -10.0 100.0 70.0 -6.0
-76.0 -32.0 -10.0 100.0 66.0 -6.0
-80.0 -30.0 -18.0 100.0 66.0 -6.0
-80.0 -36.0 -12.0 100.0 66.0 -6.0
-70.0 -34.0 -12.0 100.0 64.0 -10.0
-70.0 -34.0 -12.0 100.0 64.0 -10.0
-76.0 -34.0 -8.0 100.0 66.0 -8.0
-76.0 -34.0 -12.0 100.0 66.0 -8.0
-76.0 -38.0 -8.0 100.0 66.0 -14.0
-80.0 -34.0 -8.0 100.0 68.0 -14.0
-80.0 -34.0 -6.0 100.0 72.0 -10.0
-66.0 -34.0 -8.0 100.0 68.0 -2.0
-66.0 -30.0 -6.0 100.0 68.0 -10.0
-82.0 -34.0 -12.0 100.0 68.0 -10.0
-82.0 -32.0 -6.0 100.0 68.0 -10.0
-80.0 -32.0 -16.0 100.0 68.0 -8.0
-74.0 -32.0 -6.0 100.0 68.0 -4.0
-70.0 -28.0 -16.0 100.0 68.0 -8.0
-70.0 -30.0 -10.0 100.0 58.0 -12.0
-70.0 -30.0 -12.0 100.0 58.0 -12.0
-72.0 -30.0 -12.0 100.0 64.0 -10.0
-72.0 -38.0 -12.0 100.0 68.0 -4.0
-74.0 -38.0 -10.0 100.0 68.0 -2.0
-72.0 -38.0 -10.0 100.0 68.0 -2.0
-80.0 -36.0 -14.0 100.0 68.0 -12.0
-74.0 -34.0 -14.0 100.0 68.0 -12.0
-82.0 -30.0 -20.0 100.0 68.0 -8.0
-74.0 -30.0 -20.0 100.0 68.0 -8.0
-72.0 -32.0 -12.0 100.0 60.0 -8.0
-72.0 -38.0 -12.0 100.0 60.0 -6.0
-62.0 -36.0 -12.0 100.0 64.0 -6.0
-70.0 -36.0 -16.0 100.0 64.0 -6.0
