# Target: fist
# Dominant_Vision: Open Hand
-8.0 0.0 8.0 0.0 0.0 10.0
-14.0 0.0 8.0 0.0 2.0 2.0
-14.0 0.0 8.0 8.0 2.0 8.0
-12.0 0.0 6.0 8.0 2.0 6.0
-12.0 -10.0 6.0 6.0 -2.0 6.0
-14.0 -10.0 6.0 0.0 -4.0 4.0
-14.0 -8.0 6.0 0.0 -4.0 4.0
-14.0 0.0 6.0 0.0 2.0 4.0
-16.0 -6.0 6.0 0.0 2.0 6.0
-16.0 2.0 4.0 2.0 0.0 6.0
-10.0 8.0 2.0 2.0 0.0 6.0
-2.0 8.0 2.0 2.0 0.0 2.0
-4.0 -2.0 8.0 -2.0 0.0 4.0
-4.0 -2.0 10.0 -2.0 0.0 4.0
-6.0 -2.0 8.0 -2.0 0.0 4.0
-8.0 -2.0 8.0 -4.0 2.0 6.0
-8.0 -2.0 2.0 6.0 4.0 8.0
-6.0 -2.0 2.0 2.0 4.0 8.0
-4.0 2.0 6.0 6.0 4.0 10.0
-4.0 2.0 8.0 2.0 4.0 10.0
-12.0 4.0 12.0 6.0 4.0 4.0
-12.0 -2.0 12.0 0.0 4.0 0.0
-12.0 2.0 6.0 0.0 4.0 0.0
-8.0 2.0 4.0 0.0 4.0 4.0
-8.0 2.0 4.0 6.0 4.0 4.0
-8.0 0.0 8.0 6.0 6.0 4.0
0.0 0.0 8.0 12.0 6.0 4.0
0.0 0.0 8.0 12.0 6.0 4.0
0.0 4.0 6.0 12.0 8.0 10.0
20.0 6.0 10.0 10.0 8.0 2.0
22.0 6.0 8.0 16.0 10.0 2.0
30.0 6.0 8.0 18.0 10.0 -2.0
36.0 0.0 8.0 18.0 10.0 2.0
50.0 2.0 4.0 20.0 10.0 6.0
64.0 2.0 4.0 22.0 14.0 6.0
80.0 6.0 4.0 26.0 16.0 6.0
82.0 6.0 6.0 28.0 32.0 10.0
100.0 6.0 12.0 36.0 32.0 10.0
100.0 8.0 16.0 52.0 42.0 10.0
100.0 10.0 18.0 74.0 48.0 16.0
100.0 12.0 32.0 100.0 58.0 10.0
100.0 12.0 32.0 100.0 64.0 14.0
100.0 18.0 38.0 100.0 86.0 14.0
100.0 18.0 44.0 100.0 90.0 14.0
100.0 20.0 54.0 100.0 100.0 18.0
100.0 22.0 64.0 100.0 100.0 18.0
100.0 28.0 68.0 100.0 100.0 20.0
100.0 28.0 80.0 100.0 100.0 18.0
100.0 28.0 82.0 100.0 100.0 20.0
100.0 32.0 90.0 100.0 100.0 22.0
100.0 32.0 100.0 100.0 100.0 22.0
100.0 38.0 100.0 100.0 100.0 22.0
100.0 36.0 100.0 100.0 100.0 24.0
100.0 38.0 100.0 100.0 100.0 24.0
100.0 36.0 100.0 100.0 100.0 20.0
100.0 30.0 100.0 100.0 100.0 20.0
100.0 30.0 100.0 100.0 100.0 20.0
100.0 30.0 100.0 100.0 100.0 24.0
100.0 32.0 100.0 100.0 100.0 24.0
100.0 36.0 100.0 100.0 100.0 24.0
100.0 36.0 100.0 100.0 100.0 26.0
100.0 36.0 100.0 100.0 100.0 24.0
100.0 34.0 100.0 100.0 100.0 24.0
100.0 34.0 100.0 100.0 100.0 24.0
100.0 36.0 100.0 100.0 100.0 32.0
100.0 36.0 100.0 100.0 100.0 34.0
100.0 34.0 100.0 100.0 100.0 36.0
100.0 34.0 100.0 100.0 100.0 34.0
100.0 30.0 100.0 100.0 100.0 34.0
100.0 40.0 100.0 100.0 100.0 30.0
100.0 38.0 100.0 100.0 100.0 28.0
100.0 44.0 100.0 100.0 100.0 28.0
100.0 38.0 100.0 100.0 100.0 30.0
100.0 34.0 100.0 100.0 100.0 32.0
100.0 34.0 100.0 100.0 100.0 34.0
100.0 34.0 100.0 100.0 100.0 34.0
100.0 34.0 100.0 100.0 100.0 34.0
100.0 34.0 100.0 100.0 100.0 34.0
100.0 34.0 100.0 100.0 100.0 34.0
100.0 38.0 100.0 100.0 100.0 26.0
100.0 36.0 100.0 100.0 100.0 28.0
100.0 36.0 100.0 100.0 100.0 28.0
100.0 34.0 100.0 100.0 100.0 28.0
100.0 32.0 100.0 100.0 100.0 28.0
100.0 34.0 100.0 100.0 100.0 24.0
100.0 32.0 100.0 100.0 100.0 22.0
100.0 28.0 100.0 100.0 100.0 24.0
100.0 26.0 100.0 100.0 100.0 20.0
100.0 28.0 100.0 100.0 100.0 20.0
100.0 38.0 100.0 100.0 100.0 18.0
100.0 38.0 100.0 100.0 100.0 16.0
100.0 38.0 100.0 100.0 100.0 16.0
100.0 36.0 100.0 100.0 100.0 12.0
100.0 36.0 100.0 100.0 100.0 12.0
100.0 34.0 100.0 100.0 100.0 8.0
100.0 24.0 100.0 100.0 100.0 8.0
100.0 16.0 100.0 100.0 100.0 2.0
100.0 14.0 100.0 100.0 100.0 8.0
100.0 10.0 100.0 100.0 100.0 0.0
100.0 10.0 100.0 100.0 100.0 8.0
100.0 14.0 100.0 100.0 100.0 6.0
100.0 16.0 100.0 100.0 100.0 6.0
100.0 14.0 96.0 100.0 100.0 2.0
100.0 12.0 86.0 100.0 100.0 2.0
100.0 10.0 64.0 100.0 100.0 -2.0
100.0 0.0 60.0 100.0 94.0 -2.0
100.0 0.0 54.0 100.0 84.0 -2.0
100.0 2.0 48.0 100.0 54.0 0.0
100.0 2.0 42.0 100.0 54.0 -2.0
100.0 2.0 38.0 100.0 42.0 4.0
100.0 2.0 28.0 98.0 38.0 4.0
100.0 2.0 28.0 98.0 38.0 4.0
100.0 2.0 28.0 86.0 32.0 4.0
100.0 8.0 26.0 76.0 24.0 4.0
96.0 10.0 26.0 76.0 22.0 4.0
88.0 10.0 26.0 68.0 22.0 4.0
82.0 8.0 24.0 76.0 22.0 8.0
82.0 4.0 24.0 74.0 22.0 8.0
66.0 0.0 22.0 74.0 20.0 6.0
64.0 0.0 22.0 74.0 20.0 4.0
60.0 10.0 22.0 54.0 16.0 4.0
54.0 10.0 26.0 52.0 16.0 0.0
58.0 8.0 26.0 52.0 16.0 6.0
54.0 6.0 24.0 56.0 24.0 0.0
46.0 6.0 18.0 56.0 24.0 -2.0
46.0 2.0 14.0 50.0 26.0 -2.0
50.0 6.0 14.0 50.0 26.0 0.0
54.0 6.0 16.0 58.0 22.0 0.0
54.0 6.0 18.0 58.0 22.0 0.0
54.0 6.0 16.0 56.0 18.0 10.0
54.0 2.0 22.0 54.0 16.0 10.0
52.0 8.0 18.0 52.0 8.0 10.0
52.0 4.0 18.0 52.0 8.0 0.0
54.0 8.0 14.0 50.0 8.0 0.0
58.0 4.0 14.0 50.0 12.0 2.0
58.0 8.0 14.0 46.0 12.0 2.0
58.0 4.0 14.0 38.0 16.0 4.0
54.0 6.0 14.0 46.0 12.0 2.0
54.0 2.0 18.0 46.0 10.0 2.0
52.0 4.0 20.0 46.0 10.0 2.0
52.0 4.0 22.0 46.0 10.0 6.0
52.0 4.0 20.0 48.0 14.0 6.0
54.0 2.0 20.0 42.0 16.0 4.0
54.0 2.0 16.0 38.0 16.0 2.0
54.0 2.0 10.0 38.0 8.0 2.0
46.0 0.0 10.0 36.0 8.0 6.0
46.0 0.0 10.0 34.0 6.0 6.0
44.0 0.0 18.0 34.0 4.0 2.0
46.0 0.0 18.0 40.0 4.0 2.0
48.0 4.0 12.0 42.0 4.0 6.0
56.0 4.0 12.0 42.0 2.0 6.0
56.0 4.0 12.0 42.0 8.0 4.0
56.0 0.0 18.0 38.0 12.0 4.0
56.0 0.0 18.0 38.0 12.0 6.0
56.0 -4.0 18.0 38.0 10.0 6.0
56.0 2.0 22.0 36.0 4.0 4.0
56.0 2.0 22.0 36.0 6.0 4.0
58.0 2.0 8.0 40.0 6.0 2.0
58.0 2.0 8.0 40.0 6.0 2.0
50.0 2.0 4.0 40.0 8.0 2.0
50.0 2.0 14.0 36.0 4.0 8.0
50.0 4.0 14.0 34.0 4.0 8.0
54.0 8.0 14.0 34.0 4.0 8.0
46.0 4.0 14.0 34.0 4.0 8.0
48.0 6.0 16.0 36.0 4.0 0.0
48.0 4.0 16.0 38.0 4.0 0.0
48.0 4.0 12.0 38.0 4.0 10.0
52.0 4.0 12.0 36.0 6.0 12.0
52.0 4.0 10.0 36.0 6.0 10.0
52.0 -8.0 24.0 38.0 6.0 8.0
52.0 -8.0 12.0 40.0 2.0 8.0
52.0 2.0 12.0 40.0 2.0 8.0
54.0 2.0 6.0 40.0 2.0 8.0
46.0 2.0 6.0 42.0 4.0 2.0
44.0 4.0 14.0 42.0 4.0 2.0
44.0 4.0 14.0 42.0 6.0 4.0
44.0 -6.0 14.0 36.0 6.0 6.0
56.0 -6.0 12.0 36.0 6.0 6.0
56.0 0.0 12.0 36.0 0.0 12.0
58.0 0.0 12.0 42.0 0.0 12.0
58.0 0.0 6.0 42.0 4.0 10.0
58.0 2.0 8.0 28.0 10.0 4.0
54.0 -2.0 8.0 28.0 8.0 10.0
54.0 -4.0 14.0 32.0 10.0 10.0
48.0 -4.0 14.0 40.0 8.0 10.0
48.0 2.0 12.0 42.0 6.0 8.0
48.0 2.0 10.0 40.0 4.0 8.0
50.0 2.0 6.0 40.0 4.0 8.0
54.0 2.0 10.0 36.0 4.0 0.0
54.0 -2.0 12.0 36.0 4.0 4.0
54.0 4.0 12.0 34.0 4.0 4.0
54.0 6.0 10.0 34.0 4.0 8.0
56.0 6.0 10.0 34.0 4.0 8.0
56.0 4.0 12.0 36.0 14.0 4.0
56.0 4.0 12.0 36.0 14.0 2.0
50.0 8.0 16.0 36.0 2.0 2.0
50.0 8.0 16.0 34.0 2.0 6.0
50.0 8.0 20.0 32.0 0.0 6.0
50.0 8.0 14.0 32.0 4.0 6.0
56.0 8.0 16.0 32.0 0.0 10.0
56.0 6.0 16.0 32.0 8.0 10.0
56.0 6.0 18.0 32.0 6.0 8.0
60.0 6.0 18.0 28.0 6.0 2.0
62.0 -4.0 16.0 28.0 4.0 2.0
62.0 -4.0 16.0 34.0 4.0 -4.0
62.0 2.0 16.0 34.0 6.0 -4.0
66.0 4.0 16.0 36.0 6.0 4.0
66.0 4.0 12.0 36.0 4.0 4.0
66.0 4.0 8.0 36.0 4.0 0.0
66.0 4.0 8.0 34.0 6.0 0.0
54.0 4.0 16.0 34.0 6.0 4.0
54.0 6.0 16.0 34.0 8.0 8.0
56.0 4.0 14.0 38.0 6.0 6.0
56.0 4.0 14.0 38.0 6.0 6.0
56.0 4.0 14.0 36.0 6.0 -2.0
56.0 2.0 14.0 36.0 4.0 -2.0
56.0 6.0 8.0 36.0 2.0 6.0
60.0 2.0 14.0 40.0 2.0 6.0
60.0 2.0 8.0 40.0 4.0 2.0
60.0 2.0 16.0 36.0 8.0 2.0
60.0 2.0 18.0 36.0 8.0 2.0
62.0 8.0 18.0 34.0 8.0 8.0
62.0 8.0 18.0 34.0 4.0 6.0
60.0 0.0 16.0 38.0 4.0 10.0
58.0 0.0 16.0 38.0 6.0 6.0
58.0 4.0 12.0 38.0 6.0 8.0
54.0 4.0 12.0 36.0 6.0 6.0
52.0 6.0 12.0 32.0 4.0 6.0
52.0 2.0 10.0 32.0 2.0 4.0
52.0 -4.0 10.0 32.0 2.0 4.0
58.0 -4.0 8.0 32.0 12.0 4.0
56.0 8.0 16.0 34.0 12.0 6.0
58.0 8.0 14.0 34.0 14.0 8.0
