# Target: fist
# Dominant_Vision: Open Hand
-4.0 0.0 0.0 -2.0 2.0 0.0
-6.0 8.0 0.0 -2.0 2.0 -8.0
-6.0 8.0 4.0 -8.0 2.0 -8.0
-4.0 8.0 -2.0 -10.0 8.0 -6.0
-2.0 10.0 0.0 -12.0 8.0 -2.0
-4.0 10.0 0.0 -12.0 0.0 2.0
-4.0 8.0 0.0 -12.0 0.0 4.0
-4.0 8.0 4.0 -2.0 2.0 4.0
-4.0 8.0 -2.0 2.0 8.0 2.0
0.0 10.0 -4.0 -2.0 8.0 2.0
-2.0 4.0 -4.0 -2.0 6.0 2.0
0.0 6.0 2.0 -4.0 0.0 -2.0
-2.0 6.0 2.0 -2.0 6.0 -4.0
-2.0 6.0 0.0 0.0 0.0 -4.0
-2.0 8.0 0.0 0.0 0.0 0.0
-4.0 -2.0 4.0 2.0 0.0 0.0
-4.0 -8.0 4.0 -2.0 0.0 6.0
-4.0 -8.0 2.0 -2.0 6.0 10.0
-2.0 2.0 2.0 -2.0 0.0 6.0
-2.0 2.0 2.0 0.0 4.0 10.0
-2.0 4.0 -2.0 0.0 4.0 -2.0
2.0 8.0 -4.0 0.0 4.0 -2.0
2.0 8.0 -6.0 -2.0 8.0 -2.0
0.0 4.0 -6.0 -2.0 0.0 -2.0
0.0 4.0 0.0 6.0 8.0 -4.0
-4.0 4.0 0.0 6.0 2.0 -4.0
-2.0 4.0 6.0 0.0 2.0 -2.0
-4.0 4.0 -4.0 -4.0 2.0 4.0
-2.0 -2.0 -8.0 -4.0 -2.0 4.0
2.0 -2.0 -8.0 -4.0 2.0 4.0
2.0 4.0 -6.0 2.0 -2.0 0.0
2.0 4.0 0.0 2.0 2.0 -4.0
2.0 4.0 6.0 2.0 2.0 -2.0
4.0 4.0 6.0 2.0 6.0 -10.0
8.0 4.0 8.0 2.0 6.0 -4.0
12.0 2.0 6.0 4.0 6.0 -4.0
20.0 2.0 6.0 4.0 6.0 -4.0
24.0 2.0 2.0 14.0 10.0 0.0
24.0 2.0 6.0 14.0 10.0 -2.0
34.0 2.0 2.0 14.0 10.0 4.0
40.0 2.0 6.0 14.0 16.0 2.0
50.0 6.0 4.0 30.0 26.0 4.0
76.0 12.0 10.0 34.0 26.0 4.0
86.0 6.0 4.0 44.0 30.0 4.0
96.0 10.0 8.0 56.0 32.0 4.0
100.0 2.0 8.0 74.0 42.0 4.0
100.0 10.0 10.0 78.0 48.0 10.0
100.0 10.0 26.0 100.0 48.0 8.0
100.0 14.0 32.0 100.0 68.0 12.0
100.0 14.0 28.0 100.0 72.0 8.0
100.0 16.0 36.0 100.0 78.0 6.0
100.0 18.0 54.0 100.0 100.0 6.0
100.0 20.0 60.0 100.0 100.0 10.0
100.0 24.0 82.0 100.0 100.0 16.0
100.0 34.0 92.0 100.0 100.0 18.0
100.0 32.0 100.0 100.0 100.0 18.0
100.0 34.0 100.0 100.0 100.0 16.0
100.0 42.0 100.0 100.0 100.0 16.0
100.0 42.0 100.0 100.0 100.0 20.0
100.0 46.0 100.0 100.0 100.0 20.0
100.0 48.0 100.0 100.0 100.0 22.0
100.0 50.0 100.0 100.0 100.0 18.0
100.0 48.0 100.0 100.0 100.0 18.0
100.0 40.0 100.0 100.0 100.0 16.0
100.0 36.0 100.0 100.0 100.0 14.0
100.0 36.0 100.0 100.0 100.0 16.0
100.0 32.0 100.0 100.0 100.0 14.0
100.0 32.0 100.0 100.0 100.0 6.0
100.0 32.0 100.0 100.0 100.0 6.0
100.0 30.0 100.0 100.0 100.0 18.0
100.0 28.0 100.0 100.0 100.0 18.0
100.0 28.0 100.0 100.0 100.0 18.0
100.0 26.0 100.0 100.0 100.0 18.0
100.0 20.0 100.0 100.0 100.0 18.0
100.0 18.0 100.0 100.0 100.0 18.0
100.0 20.0 100.0 100.0 100.0 16.0
100.0 22.0 100.0 100.0 100.0 14.0
100.0 28.0 100.0 100.0 100.0 14.0
100.0 28.0 100.0 100.0 100.0 20.0
100.0 22.0 100.0 100.0 100.0 22.0
100.0 22.0 100.0 100.0 100.0 22.0
100.0 22.0 100.0 100.0 100.0 20.0
100.0 24.0 100.0 100.0 100.0 16.0
100.0 24.0 100.0 100.0 100.0 12.0
100.0 26.0 100.0 100.0 100.0 12.0
100.0 26.0 100.0 100.0 100.0 12.0
100.0 26.0 100.0 100.0 100.0 12.0
100.0 30.0 100.0 100.0 100.0 20.0
100.0 30.0 100.0 100.0 100.0 18.0
100.0 30.0 100.0 100.0 100.0 18.0
100.0 30.0 100.0 100.0 100.0 18.0
100.0 32.0 100.0 100.0 100.0 20.0
100.0 32.0 100.0 100.0 100.0 20.0
100.0 32.0 100.0 100.0 100.0 20.0
100.0 32.0 100.0 100.0 100.0 18.0
100.0 32.0 100.0 100.0 100.0 18.0
100.0 32.0 100.0 100.0 100.0 18.0
100.0 32.0 100.0 100.0 100.0 20.0
100.0 38.0 100.0 100.0 100.0 20.0
100.0 38.0 100.0 100.0 100.0 22.0
100.0 38.0 100.0 100.0 100.0 22.0
100.0 32.0 100.0 100.0 100.0 22.0
100.0 32.0 100.0 100.0 100.0 22.0
100.0 32.0 100.0 100.0 100.0 22.0
100.0 30.0 100.0 100.0 100.0 12.0
100.0 30.0 100.0 100.0 100.0 14.0
100.0 30.0 100.0 100.0 100.0 14.0
100.0 30.0 100.0 100.0 100.0 14.0
100.0 30.0 100.0 100.0 100.0 14.0
100.0 30.0 100.0 100.0 100.0 20.0
100.0 26.0 100.0 100.0 100.0 20.0
100.0 30.0 100.0 100.0 100.0 20.0
100.0 30.0 100.0 100.0 100.0 20.0
100.0 32.0 100.0 100.0 100.0 14.0
100.0 32.0 100.0 100.0 100.0 6.0
100.0 26.0 100.0 100.0 100.0 2.0
100.0 26.0 100.0 100.0 100.0 2.0
100.0 28.0 100.0 100.0 100.0 2.0
100.0 28.0 100.0 100.0 100.0 2.0
100.0 18.0 100.0 100.0 100.0 2.0
100.0 16.0 100.0 100.0 100.0 2.0
100.0 18.0 100.0 100.0 100.0 0.0
100.0 20.0 100.0 100.0 100.0 -2.0
100.0 20.0 100.0 100.0 100.0 -2.0
100.0 14.0 100.0 100.0 100.0 -2.0
100.0 10.0 100.0 100.0 100.0 4.0
100.0 10.0 100.0 100.0 100.0 -4.0
100.0 10.0 100.0 100.0 100.0 -4.0
100.0 10.0 100.0 100.0 100.0 -6.0
100.0 -6.0 100.0 100.0 100.0 -10.0
100.0 -6.0 100.0 100.0 100.0 -10.0
100.0 -12.0 100.0 100.0 100.0 -10.0
100.0 -6.0 100.0 100.0 100.0 -10.0
100.0 -4.0 100.0 100.0 100.0 -8.0
100.0 -4.0 100.0 100.0 100.0 -10.0
100.0 -6.0 100.0 100.0 100.0 -8.0
100.0 -6.0 100.0 100.0 100.0 -2.0
100.0 -8.0 100.0 100.0 100.0 -2.0
100.0 -8.0 100.0 100.0 100.0 -10.0
100.0 -8.0 100.0 100.0 94.0 -14.0
100.0 -18.0 92.0 100.0 86.0 -10.0
100.0 -16.0 92.0 100.0 78.0 -10.0
100.0 -16.0 86.0 100.0 76.0 -4.0
100.0 -10.0 82.0 100.0 70.0 -10.0
100.0 -6.0 78.0 100.0 64.0 -10.0
100.0 -6.0 78.0 100.0 60.0 -10.0
100.0 -6.0 78.0 100.0 58.0 -10.0
100.0 -12.0 74.0 100.0 54.0 -10.0
100.0 -12.0 72.0 100.0 46.0 -10.0
100.0 -12.0 66.0 100.0 46.0 -8.0
100.0 -10.0 62.0 100.0 44.0 -8.0
100.0 -10.0 62.0 100.0 46.0 -8.0
100.0 -8.0 62.0 100.0 46.0 -10.0
100.0 -10.0 62.0 100.0 46.0 -6.0
100.0 -10.0 62.0 100.0 40.0 -6.0
100.0 -10.0 62.0 100.0 40.0 -4.0
100.0 -10.0 64.0 100.0 40.0 -4.0
100.0 -6.0 64.0 100.0 40.0 -4.0
100.0 -6.0 64.0 100.0 38.0 -4.0
100.0 -6.0 58.0 100.0 34.0 -8.0
100.0 -4.0 62.0 100.0 34.0 -8.0
100.0 -10.0 58.0 100.0 30.0 -8.0
100.0 -10.0 46.0 100.0 30.0 -4.0
100.0 -10.0 46.0 100.0 36.0 -4.0
100.0 -4.0 46.0 100.0 36.0 -4.0
100.0 -4.0 52.0 100.0 34.0 -4.0
100.0 -6.0 58.0 100.0 34.0 -6.0
100.0 -8.0 58.0 100.0 34.0 -6.0
100.0 -12.0 58.0 100.0 34.0 -12.0
100.0 -12.0 52.0 100.0 34.0 -6.0
100.0 -12.0 60.0 100.0 26.0 -8.0
100.0 -12.0 60.0 100.0 32.0 -8.0
100.0 -12.0 60.0 100.0 32.0 -8.0
100.0 -14.0 56.0 100.0 34.0 -8.0
100.0 -14.0 50.0 100.0 34.0 -8.0
100.0 -14.0 50.0 100.0 32.0 -8.0
100.0 -12.0 48.0 100.0 30.0 -8.0
100.0 -12.0 46.0 100.0 30.0 -14.0
100.0 -12.0 48.0 100.0 28.0 -14.0
100.0 -12.0 54.0 100.0 18.0 -14.0
100.0 -14.0 54.0 100.0 18.0 -12.0
100.0 -18.0 52.0 100.0 26.0 -6.0
100.0 -18.0 44.0 100.0 30.0 -2.0
100.0 -18.0 52.0 100.0 26.0 -2.0
100.0 -18.0 48.0 100.0 20.0 -16.0
100.0 -16.0 52.0 100.0 20.0 -16.0
100.0 -18.0 48.0 100.0 24.0 -2.0
100.0 -10.0 52.0 100.0 24.0 -2.0
100.0 -14.0 48.0 100.0 22.0 -8.0
100.0 -10.0 50.0 100.0 22.0 -10.0
100.0 -12.0 48.0 100.0 22.0 -12.0
100.0 -8.0 48.0 100.0 24.0 -12.0
100.0 -10.0 48.0 100.0 22.0 -8.0
100.0 -8.0 48.0 100.0 22.0 -8.0
100.0 -10.0 42.0 100.0 20.0 -10.0
100.0 -8.0 46.0 100.0 18.0 -10.0
100.0 -14.0 44.0 100.0 18.0 -6.0
100.0 -14.0 46.0 100.0 20.0 -6.0
100.0 -14.0 44.0 100.0 26.0 -6.0
100.0 -12.0 44.0 100.0 26.0 -14.0
100.0 -12.0 44.0 100.0 28.0 -14.0
100.0 -12.0 50.0 100.0 22.0 -6.0
100.0 -12.0 52.0 100.0 28.0 -6.0
100.0 -12.0 50.0 100.0 24.0 -6.0
100.0 -14.0 48.0 100.0 28.0 -6.0
100.0 -14.0 46.0 100.0 28.0 -8.0
100.0 -14.0 46.0 100.0 30.0 -8.0
100.0 -10.0 46.0 100.0 30.0 -8.0
100.0 -18.0 46.0 100.0 28.0 -6.0
100.0 -18.0 44.0 100.0 28.0 -8.0
100.0 -18.0 42.0 100.0 28.0 -6.0
100.0 -16.0 42.0 100.0 26.0 -8.0
100.0 -10.0 48.0 100.0 32.0 -8.0
100.0 -16.0 48.0 100.0 26.0 -10.0
100.0 -10.0 48.0 100.0 28.0 -10.0
100.0 -6.0 50.0 100.0 26.0 -6.0
100.0 -6.0 50.0 100.0 28.0 -2.0
100.0 -8.0 50.0 100.0 28.0 -2.0
100.0 -10.0 50.0 100.0 28.0 -2.0
100.0 -12.0 50.0 100.0 26.0 -4.0
100.0 -12.0 44.0 100.0 24.0 -4.0
100.0 -12.0 44.0 100.0 24.0 -10.0
100.0 -10.0 44.0 100.0 26.0 -12.0
100.0 -8.0 50.0 100.0 26.0 -12.0
100.0 -10.0 46.0 100.0 32.0 -10.0
100.0 -12.0 48.0 100.0 32.0 -8.0
100.0 -16.0 46.0 100.0 28.0 -2.0
100.0 -12.0 46.0 100.0 20.0 -2.0
