# Target: fist
# Dominant_Vision: Open Hand
4.0 8.0 -6.0 -6.0 -4.0 -2.0
4.0 8.0 -2.0 -8.0 0.0 -8.0
6.0 8.0 -4.0 -8.0 0.0 -8.0
6.0 10.0 -2.0 -4.0 2.0 -2.0
-2.0 10.0 -4.0 -4.0 2.0 -2.0
-8.0 10.0 -8.0 -12.0 0.0 -2.0
-2.0 12.0 -12.0 -12.0 0.0 2.0
-6.0 14.0 -8.0 -6.0 -10.0 2.0
4.0 14.0 -8.0 -4.0 0.0 2.0
4.0 4.0 -6.0 -6.0 -2.0 -4.0
4.0 4.0 -4.0 -6.0 2.0 0.0
6.0 10.0 -4.0 -6.0 2.0 0.0
10.0 14.0 -4.0 -6.0 2.0 0.0
10.0 14.0 -6.0 -6.0 2.0 0.0
10.0 14.0 -6.0 -6.0 4.0 -8.0
4.0 6.0 -8.0 -4.0 4.0 -4.0
4.0 4.0 -8.0 -8.0 2.0 -4.0
6.0 6.0 -14.0 -6.0 2.0 0.0
6.0 12.0 -10.0 -6.0 2.0 0.0
6.0 12.0 -10.0 -6.0 4.0 0.0
6.0 16.0 -4.0 -4.0 -2.0 -8.0
4.0 10.0 -4.0 -4.0 4.0 -8.0
2.0 10.0 -6.0 -4.0 -2.0 -8.0
2.0 10.0 -8.0 -4.0 -10.0 -2.0
2.0 10.0 -8.0 -4.0 -10.0 6.0
4.0 10.0 -8.0 -4.0 -2.0 6.0
4.0 4.0 -8.0 -4.0 0.0 4.0
4.0 4.0 -4.0 -4.0 -2.0 4.0
8.0 10.0 -4.0 0.0 0.0 4.0
12.0 10.0 -4.0 -2.0 -2.0 -4.0
14.0 10.0 -4.0 0.0 4.0 -6.0
14.0 10.0 -10.0 2.0 10.0 -4.0
12.0 10.0 -12.0 2.0 10.0 -2.0
12.0 14.0 -16.0 -4.0 10.0 2.0
28.0 14.0 -12.0 -4.0 8.0 -2.0
28.0 12.0 -12.0 -4.0 8.0 -2.0
26.0 12.0 -12.0 4.0 6.0 -4.0
26.0 16.0 -10.0 4.0 6.0 -6.0
28.0 18.0 -10.0 4.0 6.0 -8.0
28.0 18.0 -4.0 8.0 6.0 -8.0
28.0 6.0 -4.0 8.0 6.0 -2.0
40.0 6.0 6.0 2.0 6.0 0.0
46.0 10.0 -4.0 2.0 18.0 -2.0
56.0 14.0 0.0 16.0 24.0 0.0
68.0 14.0 -4.0 30.0 28.0 -2.0
72.0 14.0 -4.0 40.0 32.0 -2.0
80.0 18.0 -4.0 40.0 36.0 -4.0
82.0 18.0 -8.0 40.0 38.0 -2.0
84.0 20.0 -6.0 56.0 40.0 0.0
100.0 26.0 -6.0 66.0 62.0 0.0
100.0 26.0 0.0 86.0 70.0 4.0
100.0 26.0 4.0 100.0 78.0 4.0
100.0 34.0 6.0 100.0 94.0 2.0
100.0 36.0 10.0 100.0 100.0 2.0
100.0 34.0 10.0 100.0 100.0 6.0
100.0 34.0 10.0 100.0 100.0 14.0
100.0 34.0 10.0 100.0 100.0 6.0
100.0 44.0 8.0 100.0 100.0 6.0
100.0 46.0 16.0 100.0 100.0 6.0
100.0 48.0 20.0 100.0 100.0 6.0
100.0 50.0 20.0 100.0 100.0 16.0
100.0 50.0 28.0 100.0 100.0 6.0
100.0 50.0 56.0 100.0 100.0 18.0
100.0 50.0 58.0 100.0 100.0 4.0
100.0 58.0 66.0 100.0 100.0 4.0
100.0 62.0 68.0 100.0 100.0 4.0
100.0 62.0 68.0 100.0 100.0 2.0
100.0 64.0 80.0 100.0 100.0 4.0
100.0 68.0 84.0 100.0 100.0 4.0
100.0 76.0 100.0 100.0 100.0 8.0
100.0 76.0 100.0 100.0 100.0 8.0
100.0 78.0 100.0 100.0 100.0 10.0
100.0 78.0 100.0 100.0 100.0 10.0
100.0 76.0 100.0 100.0 100.0 10.0
100.0 66.0 100.0 100.0 100.0 10.0
100.0 66.0 100.0 100.0 100.0 8.0
100.0 68.0 100.0 100.0 100.0 8.0
100.0 70.0 100.0 100.0 100.0 8.0
100.0 78.0 100.0 100.0 100.0 8.0
100.0 78.0 100.0 100.0 100.0 6.0
100.0 74.0 100.0 100.0 100.0 4.0
100.0 74.0 100.0 100.0 100.0 4.0
100.0 82.0 100.0 100.0 100.0 14.0
100.0 82.0 100.0 100.0 100.0 14.0
100.0 78.0 100.0 100.0 100.0 14.0
100.0 74.0 100.0 100.0 100.0 12.0
100.0 74.0 100.0 100.0 100.0 10.0
100.0 78.0 100.0 100.0 100.0 6.0
100.0 78.0 100.0 100.0 100.0 4.0
100.0 76.0 100.0 100.0 100.0 4.0
100.0 74.0 100.0 100.0 100.0 0.0
100.0 74.0 100.0 100.0 100.0 10.0
100.0 74.0 100.0 100.0 100.0 4.0
100.0 72.0 100.0 100.0 100.0 10.0
100.0 74.0 100.0 100.0 100.0 14.0
100.0 74.0 100.0 100.0 100.0 14.0
100.0 76.0 100.0 100.0 100.0 12.0
100.0 76.0 100.0 100.0 100.0 12.0
100.0 76.0 100.0 100.0 100.0 8.0
100.0 74.0 100.0 100.0 100.0 6.0
100.0 72.0 100.0 100.0 100.0 6.0
100.0 70.0 100.0 100.0 100.0 8.0
100.0 70.0 100.0 100.0 100.0 8.0
100.0 70.0 100.0 100.0 100.0 8.0
100.0 70.0 100.0 100.0 100.0 8.0
100.0 66.0 100.0 100.0 100.0 12.0
100.0 66.0 100.0 100.0 100.0 12.0
100.0 66.0 100.0 100.0 100.0 6.0
100.0 60.0 100.0 100.0 100.0 4.0
100.0 56.0 100.0 100.0 100.0 4.0
100.0 52.0 100.0 100.0 100.0 4.0
100.0 50.0 100.0 100.0 100.0 6.0
100.0 48.0 100.0 100.0 100.0 6.0
100.0 38.0 98.0 100.0 100.0 0.0
100.0 40.0 94.0 100.0 100.0 0.0
100.0 38.0 86.0 100.0 100.0 -8.0
100.0 32.0 56.0 100.0 100.0 0.0
100.0 30.0 54.0 100.0 100.0 -6.0
48.0 30.0 50.0 82.0 100.0 2.0
36.0 28.0 48.0 72.0 100.0 -2.0
20.0 24.0 46.0 54.0 100.0 -2.0
6.0 26.0 42.0 20.0 80.0 -2.0
-14.0 26.0 24.0 18.0 70.0 0.0
-40.0 26.0 22.0 0.0 54.0 2.0
-54.0 24.0 18.0 -4.0 46.0 2.0
-66.0 22.0 2.0 -20.0 38.0 -6.0
-100.0 14.0 -2.0 -20.0 30.0 -8.0
-100.0 12.0 -2.0 -20.0 26.0 -6.0
-100.0 14.0 -2.0 -22.0 30.0 -6.0
-100.0 14.0 -2.0 -24.0 26.0 -6.0
-100.0 20.0 -2.0 -24.0 26.0 -6.0
-100.0 20.0 -4.0 -26.0 20.0 -6.0
-100.0 24.0 -4.0 -26.0 20.0 -6.0
-100.0 24.0 -4.0 -36.0 20.0 -4.0
-100.0 24.0 -4.0 -36.0 16.0 0.0
-100.0 20.0 0.0 -40.0 10.0 0.0
-100.0 18.0 -4.0 -38.0 10.0 0.0
-100.0 16.0 4.0 -40.0 16.0 0.0
-90.0 16.0 2.0 -42.0 16.0 2.0
-90.0 16.0 2.0 -42.0 16.0 2.0
-90.0 16.0 0.0 -42.0 16.0 2.0
-96.0 20.0 -2.0 -42.0 6.0 0.0
-96.0 20.0 -2.0 -42.0 6.0 -2.0
-100.0 20.0 8.0 -42.0 8.0 0.0
-94.0 20.0 8.0 -42.0 8.0 -2.0
-94.0 14.0 4.0 -42.0 8.0 0.0
-92.0 22.0 4.0 -46.0 6.0 -4.0
-92.0 18.0 -2.0 -46.0 6.0 -6.0
-92.0 18.0 -4.0 -46.0 10.0 -6.0
-90.0 14.0 -4.0 -46.0 10.0 0.0
-92.0 14.0 -4.0 -46.0 10.0 2.0
-92.0 18.0 0.0 -46.0 10.0 2.0
-92.0 20.0 0.0 -46.0 10.0 2.0
-90.0 20.0 -2.0 -48.0 10.0 2.0
-90.0 22.0 -2.0 -50.0 10.0 0.0
-96.0 22.0 -2.0 -48.0 10.0 -2.0
-96.0 22.0 -2.0 -44.0 10.0 -4.0
-96.0 20.0 -6.0 -44.0 10.0 -4.0
-92.0 20.0 -2.0 -44.0 12.0 2.0
-90.0 20.0 -8.0 -48.0 14.0 2.0
-88.0 20.0 -6.0 -48.0 18.0 2.0
-88.0 20.0 -6.0 -54.0 14.0 0.0
-88.0 20.0 -4.0 -56.0 14.0 4.0
-92.0 20.0 0.0 -56.0 12.0 0.0
-90.0 20.0 0.0 -56.0 8.0 0.0
-92.0 22.0 -4.0 -56.0 8.0 -4.0
-92.0 22.0 -4.0 -48.0 10.0 0.0
-92.0 22.0 -4.0 -48.0 10.0 -2.0
-90.0 22.0 2.0 -56.0 10.0 -2.0
-84.0 22.0 2.0 -56.0 8.0 -2.0
-82.0 24.0 2.0 -50.0 12.0 0.0
-84.0 24.0 2.0 -48.0 14.0 2.0
-86.0 24.0 2.0 -48.0 14.0 2.0
-86.0 18.0 2.0 -50.0 10.0 0.0
-86.0 20.0 -8.0 -50.0 8.0 -2.0
-88.0 14.0 -8.0 -56.0 8.0 -4.0
-88.0 20.0 -8.0 -50.0 14.0 -4.0
-88.0 10.0 0.0 -50.0 14.0 4.0
-90.0 14.0 0.0 -48.0 8.0 4.0
-90.0 14.0 0.0 -48.0 8.0 4.0
-88.0 18.0 0.0 -54.0 8.0 4.0
-86.0 20.0 0.0 -54.0 10.0 4.0
-88.0 18.0 0.0 -52.0 10.0 4.0
-86.0 20.0 0.0 -50.0 10.0 -8.0
-88.0 20.0 0.0 -52.0 10.0 -4.0
-86.0 20.0 4.0 -48.0 8.0 -4.0
-86.0 20.0 4.0 -46.0 10.0 0.0
-84.0 24.0 4.0 -46.0 10.0 0.0
-84.0 24.0 2.0 -48.0 10.0 0.0
-84.0 24.0 2.0 -48.0 10.0 0.0
-84.0 14.0 2.0 -44.0 10.0 0.0
-78.0 14.0 2.0 -42.0 14.0 4.0
-82.0 20.0 4.0 -42.0 14.0 6.0
-82.0 20.0 4.0 -46.0 14.0 6.0
-82.0 20.0 4.0 -48.0 12.0 6.0
-84.0 14.0 2.0 -52.0 12.0 4.0
-82.0 14.0 2.0 -52.0 14.0 6.0
-82.0 16.0 2.0 -52.0 14.0 4.0
-80.0 20.0 0.0 -46.0 8.0 4.0
-80.0 20.0 0.0 -46.0 8.0 4.0
-76.0 22.0 -2.0 -48.0 4.0 0.0
-78.0 20.0 -2.0 -48.0 6.0 4.0
-78.0 20.0 -4.0 -48.0 6.0 2.0
-78.0 18.0 4.0 -52.0 10.0 4.0
-80.0 18.0 2.0 -48.0 12.0 2.0
-80.0 18.0 2.0 -52.0 10.0 2.0
-82.0 18.0 0.0 -48.0 12.0 0.0
-92.0 16.0 -4.0 -46.0 14.0 2.0
-92.0 14.0 0.0 -46.0 16.0 0.0
-82.0 14.0 -4.0 -50.0 14.0 -2.0
-78.0 20.0 -2.0 -52.0 16.0 -4.0
-78.0 26.0 -4.0 -52.0 14.0 -2.0
-84.0 24.0 -4.0 -52.0 14.0 0.0
-86.0 24.0 -4.0 -50.0 12.0 0.0
-84.0 22.0 0.0 -50.0 10.0 -4.0
-84.0 20.0 2.0 -50.0 12.0 -4.0
-84.0 20.0 0.0 -50.0 12.0 -4.0
-76.0 20.0 -8.0 -48.0 12.0 -2.0
-76.0 20.0 -8.0 -46.0 12.0 -6.0
-76.0 16.0 -8.0 -42.0 8.0 4.0
-80.0 16.0 -2.0 -42.0 8.0 -2.0
-80.0 20.0 2.0 -44.0 8.0 4.0
-80.0 20.0 6.0 -46.0 6.0 0.0
-84.0 20.0 6.0 -46.0 6.0 0.0
-76.0 20.0 2.0 -52.0 8.0 0.0
-74.0 22.0 2.0 -46.0 8.0 -2.0
-74.0 22.0 2.0 -46.0 8.0 0.0
-74.0 12.0 2.0 -46.0 12.0 4.0
