# Target: fist
# Dominant_Vision: Open Hand
2.0 10.0 0.0 8.0 2.0 0.0
2.0 2.0 -2.0 4.0 4.0 0.0
4.0 10.0 -8.0 10.0 4.0 0.0
4.0 10.0 -8.0 4.0 4.0 6.0
4.0 10.0 -10.0 4.0 4.0 6.0
-6.0 10.0 -10.0 4.0 2.0 2.0
0.0 2.0 0.0 10.0 0.0 0.0
0.0 8.0 0.0 14.0 0.0 -4.0
0.0 0.0 -2.0 14.0 2.0 -4.0
0.0 4.0 -4.0 4.0 2.0 -2.0
0.0 4.0 -4.0 4.0 0.0 0.0
0.0 4.0 -6.0 8.0 0.0 0.0
0.0 10.0 -12.0 8.0 0.0 4.0
0.0 4.0 -14.0 8.0 0.0 -2.0
0.0 8.0 -14.0 6.0 4.0 2.0
2.0 8.0 -6.0 6.0 12.0 0.0
4.0 8.0 -4.0 6.0 10.0 2.0
4.0 8.0 -4.0 4.0 10.0 2.0
4.0 6.0 -4.0 4.0 8.0 2.0
4.0 6.0 -18.0 6.0 2.0 2.0
4.0 6.0 -18.0 8.0 2.0 2.0
4.0 10.0 -8.0 8.0 2.0 2.0
14.0 10.0 -4.0 12.0 2.0 2.0
16.0 10.0 -4.0 12.0 2.0 2.0
20.0 10.0 -4.0 12.0 4.0 2.0
20.0 8.0 -2.0 16.0 8.0 -4.0
20.0 8.0 0.0 18.0 8.0 0.0
20.0 16.0 0.0 22.0 10.0 -2.0
30.0 16.0 -4.0 32.0 12.0 -2.0
32.0 14.0 -4.0 32.0 16.0 -2.0
34.0 14.0 0.0 32.0 18.0 6.0
42.0 12.0 2.0 48.0 18.0 6.0
68.0 18.0 4.0 48.0 28.0 2.0
92.0 18.0 8.0 66.0 36.0 0.0
96.0 18.0 8.0 88.0 48.0 2.0
100.0 20.0 14.0 100.0 56.0 4.0
100.0 22.0 24.0 100.0 72.0 8.0
100.0 26.0 30.0 100.0 82.0 10.0
100.0 26.0 44.0 100.0 94.0 16.0
100.0 26.0 44.0 100.0 100.0 16.0
100.0 26.0 64.0 100.0 100.0 10.0
100.0 28.0 76.0 100.0 100.0 6.0
100.0 36.0 86.0 100.0 100.0 6.0
100.0 40.0 100.0 100.0 100.0 20.0
100.0 40.0 100.0 100.0 100.0 24.0
100.0 40.0 100.0 100.0 100.0 28.0
100.0 48.0 100.0 100.0 100.0 28.0
100.0 48.0 100.0 100.0 100.0 24.0
100.0 48.0 100.0 100.0 100.0 24.0
100.0 50.0 100.0 100.0 100.0 24.0
100.0 52.0 100.0 100.0 100.0 24.0
100.0 52.0 100.0 100.0 100.0 24.0
100.0 52.0 100.0 100.0 100.0 20.0
100.0 56.0 100.0 100.0 100.0 20.0
100.0 58.0 100.0 100.0 100.0 14.0
100.0 58.0 100.0 100.0 100.0 14.0
100.0 50.0 100.0 100.0 100.0 20.0
100.0 42.0 100.0 100.0 100.0 24.0
100.0 42.0 100.0 100.0 100.0 28.0
100.0 52.0 100.0 100.0 100.0 28.0
100.0 60.0 100.0 100.0 100.0 30.0
100.0 72.0 100.0 100.0 100.0 30.0
100.0 74.0 100.0 100.0 100.0 30.0
100.0 76.0 100.0 100.0 100.0 32.0
100.0 76.0 100.0 100.0 100.0 32.0
100.0 70.0 100.0 100.0 100.0 34.0
100.0 62.0 100.0 100.0 100.0 32.0
100.0 70.0 100.0 100.0 100.0 34.0
100.0 70.0 100.0 100.0 100.0 32.0
100.0 76.0 100.0 100.0 100.0 32.0
100.0 70.0 100.0 100.0 100.0 32.0
100.0 72.0 100.0 100.0 100.0 36.0
100.0 66.0 100.0 100.0 100.0 36.0
100.0 66.0 100.0 100.0 100.0 34.0
100.0 66.0 100.0 100.0 100.0 32.0
100.0 70.0 100.0 100.0 100.0 28.0
100.0 70.0 100.0 100.0 100.0 26.0
100.0 70.0 100.0 100.0 100.0 28.0
100.0 70.0 100.0 100.0 100.0 34.0
100.0 72.0 100.0 100.0 100.0 34.0
100.0 72.0 100.0 100.0 100.0 30.0
100.0 68.0 100.0 100.0 100.0 30.0
100.0 68.0 100.0 100.0 100.0 30.0
100.0 68.0 100.0 100.0 100.0 32.0
100.0 68.0 100.0 100.0 100.0 28.0
100.0 68.0 100.0 100.0 100.0 32.0
100.0 64.0 100.0 100.0 100.0 28.0
100.0 60.0 100.0 100.0 100.0 16.0
100.0 56.0 100.0 100.0 100.0 16.0
100.0 56.0 100.0 100.0 100.0 16.0
100.0 48.0 100.0 100.0 100.0 16.0
100.0 48.0 100.0 100.0 100.0 12.0
100.0 44.0 100.0 100.0 100.0 10.0
100.0 42.0 100.0 100.0 100.0 4.0
100.0 42.0 100.0 100.0 100.0 4.0
100.0 38.0 100.0 100.0 100.0 4.0
100.0 34.0 100.0 100.0 100.0 2.0
100.0 30.0 100.0 100.0 100.0 2.0
100.0 32.0 100.0 100.0 100.0 2.0
100.0 30.0 100.0 100.0 100.0 -2.0
100.0 20.0 100.0 100.0 100.0 -4.0
100.0 20.0 100.0 100.0 100.0 -8.0
100.0 16.0 100.0 100.0 100.0 -12.0
100.0 12.0 100.0 100.0 100.0 -12.0
100.0 8.0 100.0 100.0 100.0 -12.0
100.0 2.0 100.0 100.0 100.0 -6.0
100.0 0.0 100.0 100.0 100.0 -12.0
100.0 -2.0 100.0 100.0 100.0 -6.0
100.0 -2.0 98.0 100.0 100.0 -16.0
100.0 12.0 92.0 100.0 100.0 -14.0
100.0 12.0 74.0 100.0 100.0 -14.0
100.0 0.0 66.0 100.0 100.0 -12.0
100.0 0.0 54.0 100.0 96.0 -12.0
100.0 6.0 50.0 100.0 70.0 -6.0
100.0 10.0 42.0 100.0 66.0 -10.0
100.0 10.0 42.0 100.0 64.0 -10.0
100.0 2.0 42.0 100.0 60.0 -10.0
100.0 2.0 34.0 100.0 56.0 -8.0
100.0 12.0 34.0 100.0 52.0 -8.0
100.0 14.0 34.0 100.0 52.0 -8.0
84.0 14.0 34.0 100.0 46.0 -2.0
84.0 14.0 28.0 100.0 46.0 -6.0
84.0 14.0 28.0 98.0 38.0 -2.0
68.0 14.0 20.0 94.0 38.0 -6.0
68.0 12.0 20.0 94.0 32.0 -2.0
68.0 8.0 20.0 94.0 28.0 -6.0
66.0 8.0 20.0 92.0 28.0 -2.0
66.0 8.0 16.0 84.0 28.0 -6.0
62.0 8.0 10.0 84.0 28.0 -8.0
62.0 14.0 10.0 80.0 28.0 -10.0
62.0 14.0 12.0 74.0 26.0 -10.0
68.0 10.0 12.0 74.0 32.0 -6.0
68.0 10.0 10.0 78.0 26.0 -4.0
68.0 14.0 10.0 78.0 30.0 -4.0
66.0 14.0 4.0 78.0 20.0 -4.0
68.0 14.0 4.0 66.0 28.0 -4.0
68.0 12.0 4.0 78.0 26.0 -6.0
68.0 12.0 8.0 66.0 26.0 -12.0
66.0 12.0 8.0 78.0 26.0 -12.0
66.0 16.0 6.0 78.0 26.0 0.0
70.0 16.0 6.0 78.0 26.0 0.0
70.0 14.0 6.0 74.0 26.0 -8.0
70.0 14.0 12.0 74.0 30.0 -8.0
66.0 10.0 12.0 74.0 30.0 -8.0
66.0 4.0 10.0 78.0 28.0 -4.0
68.0 4.0 4.0 66.0 14.0 -4.0
68.0 12.0 4.0 76.0 22.0 -4.0
62.0 12.0 4.0 76.0 20.0 -4.0
62.0 8.0 4.0 76.0 22.0 -4.0
66.0 8.0 8.0 66.0 22.0 -4.0
66.0 10.0 10.0 66.0 22.0 -4.0
66.0 10.0 10.0 66.0 26.0 -4.0
64.0 10.0 10.0 66.0 26.0 -6.0
66.0 10.0 10.0 64.0 28.0 -6.0
62.0 10.0 10.0 64.0 26.0 -6.0
66.0 12.0 10.0 66.0 24.0 -8.0
64.0 10.0 6.0 66.0 24.0 -8.0
64.0 12.0 6.0 66.0 24.0 -8.0
60.0 12.0 4.0 66.0 24.0 -6.0
60.0 12.0 8.0 66.0 20.0 -6.0
60.0 0.0 4.0 66.0 22.0 -6.0
62.0 0.0 8.0 60.0 18.0 -6.0
62.0 4.0 6.0 60.0 20.0 -6.0
62.0 4.0 6.0 66.0 18.0 -8.0
60.0 4.0 4.0 66.0 18.0 -8.0
64.0 4.0 4.0 66.0 18.0 -2.0
60.0 4.0 4.0 66.0 18.0 -2.0
64.0 12.0 2.0 62.0 18.0 -2.0
46.0 16.0 2.0 52.0 18.0 -4.0
60.0 16.0 10.0 54.0 14.0 -4.0
60.0 6.0 10.0 54.0 16.0 -4.0
62.0 6.0 4.0 62.0 14.0 -8.0
62.0 6.0 2.0 62.0 16.0 -2.0
58.0 6.0 4.0 60.0 16.0 -6.0
58.0 6.0 6.0 60.0 20.0 -2.0
58.0 4.0 6.0 62.0 16.0 -4.0
60.0 10.0 4.0 64.0 20.0 2.0
60.0 4.0 2.0 64.0 10.0 -4.0
60.0 8.0 2.0 66.0 16.0 2.0
56.0 6.0 2.0 66.0 16.0 -6.0
56.0 8.0 4.0 66.0 16.0 -4.0
56.0 10.0 0.0 62.0 16.0 -6.0
56.0 10.0 -2.0 60.0 12.0 -12.0
54.0 10.0 -2.0 60.0 14.0 -12.0
54.0 8.0 6.0 56.0 14.0 -8.0
56.0 12.0 6.0 56.0 18.0 -8.0
56.0 12.0 4.0 62.0 18.0 -8.0
54.0 12.0 2.0 62.0 16.0 -4.0
54.0 12.0 -2.0 62.0 14.0 -4.0
54.0 8.0 -2.0 66.0 14.0 -2.0
54.0 12.0 8.0 66.0 10.0 -4.0
54.0 10.0 8.0 62.0 8.0 -2.0
62.0 10.0 4.0 58.0 6.0 -4.0
60.0 8.0 4.0 58.0 8.0 -2.0
60.0 8.0 4.0 56.0 14.0 4.0
56.0 8.0 4.0 62.0 16.0 4.0
56.0 10.0 4.0 56.0 16.0 -6.0
56.0 10.0 4.0 60.0 16.0 -8.0
56.0 10.0 4.0 50.0 16.0 -6.0
52.0 8.0 2.0 58.0 16.0 -6.0
52.0 10.0 0.0 50.0 16.0 -6.0
52.0 8.0 -2.0 58.0 10.0 -10.0
52.0 6.0 -2.0 54.0 10.0 -10.0
54.0 6.0 4.0 54.0 12.0 -8.0
54.0 8.0 4.0 54.0 12.0 -8.0
60.0 8.0 2.0 58.0 12.0 -8.0
60.0 8.0 2.0 58.0 12.0 -8.0
60.0 6.0 0.0 58.0 18.0 -2.0
60.0 2.0 0.0 58.0 18.0 -2.0
54.0 2.0 0.0 52.0 16.0 -6.0
54.0 6.0 0.0 64.0 10.0 -10.0
54.0 6.0 0.0 54.0 10.0 -10.0
54.0 2.0 -2.0 54.0 10.0 -14.0
50.0 2.0 -2.0 54.0 20.0 -12.0
50.0 8.0 -2.0 56.0 20.0 -12.0
52.0 8.0 -6.0 60.0 14.0 -8.0
60.0 8.0 -6.0 58.0 12.0 -8.0
58.0 10.0 -4.0 60.0 14.0 -10.0
58.0 10.0 0.0 58.0 14.0 -10.0
52.0 6.0 0.0 58.0 14.0 -4.0
52.0 6.0 0.0 58.0 14.0 0.0
54.0 8.0 2.0 58.0 10.0 -4.0
56.0 8.0 4.0 56.0 10.0 -8.0
56.0 6.0 4.0 50.0 10.0 -10.0
56.0 6.0 -2.0 56.0 6.0 -10.0
54.0 6.0 -6.0 50.0 8.0 -10.0
54.0 8.0 -2.0 50.0 8.0 -10.0
54.0 4.0 -8.0 50.0 8.0 -6.0
54.0 8.0 0.0 60.0 14.0 -6.0
