# Target: fist
# Dominant_Vision: Open Hand
0.0 -2.0 0.0 0.0 -2.0 0.0
0.0 -2.0 0.0 8.0 0.0 -2.0
4.0 -2.0 4.0 8.0 -2.0 -2.0
-2.0 -2.0 6.0 6.0 0.0 0.0
-8.0 -4.0 6.0 4.0 -6.0 0.0
-8.0 -4.0 6.0 4.0 2.0 -2.0
-6.0 -4.0 4.0 4.0 -4.0 -2.0
-2.0 -4.0 6.0 8.0 -4.0 -2.0
-2.0 -6.0 4.0 8.0 -4.0 2.0
-2.0 -6.0 4.0 12.0 0.0 0.0
0.0 -2.0 -4.0 12.0 0.0 0.0
6.0 -2.0 -4.0 12.0 -2.0 -2.0
6.0 -2.0 -4.0 12.0 -4.0 -4.0
4.0 -2.0 6.0 12.0 -6.0 -4.0
-6.0 -2.0 6.0 12.0 -6.0 -6.0
-2.0 2.0 6.0 6.0 6.0 4.0
-2.0 0.0 0.0 2.0 6.0 0.0
-2.0 0.0 0.0 6.0 -6.0 0.0
-10.0 0.0 -2.0 -2.0 -6.0 0.0
-10.0 -8.0 -2.0 4.0 -6.0 -4.0
-10.0 -8.0 -4.0 2.0 -4.0 -4.0
-4.0 -8.0 -4.0 2.0 -4.0 -4.0
-4.0 -6.0 -4.0 0.0 -4.0 0.0
-4.0 0.0 -6.0 0.0 2.0 0.0
-4.0 -6.0 -2.0 0.0 -8.0 -4.0
4.0 -12.0 -2.0 6.0 -8.0 -4.0
8.0 -12.0 -2.0 6.0 -8.0 -2.0
10.0 -4.0 -2.0 12.0 4.0 2.0
12.0 -4.0 -6.0 18.0 6.0 -2.0
14.0 -4.0 -2.0 40.0 12.0 2.0
20.0 0.0 10.0 58.0 16.0 0.0
20.0 -4.0 10.0 84.0 24.0 0.0
28.0 -10.0 6.0 100.0 30.0 -2.0
24.0 -10.0 4.0 100.0 38.0 -2.0
28.0 -4.0 6.0 100.0 48.0 -2.0
56.0 -4.0 12.0 100.0 64.0 -2.0
56.0 -4.0 12.0 100.0 76.0 -2.0
90.0 -6.0 14.0 100.0 100.0 2.0
100.0 -8.0 24.0 100.0 100.0 6.0
100.0 -8.0 30.0 100.0 100.0 4.0
100.0 -8.0 30.0 100.0 100.0 4.0
100.0 0.0 42.0 100.0 100.0 2.0
100.0 0.0 56.0 100.0 100.0 2.0
100.0 0.0 84.0 100.0 100.0 2.0
100.0 8.0 98.0 100.0 100.0 6.0
100.0 8.0 100.0 100.0 100.0 2.0
100.0 0.0 100.0 100.0 100.0 6.0
100.0 0.0 100.0 100.0 100.0 0.0
100.0 2.0 100.0 100.0 100.0 -2.0
100.0 4.0 100.0 100.0 100.0 -2.0
100.0 8.0 100.0 100.0 100.0 6.0
100.0 16.0 100.0 100.0 100.0 6.0
100.0 16.0 100.0 100.0 100.0 2.0
100.0 14.0 100.0 100.0 100.0 2.0
100.0 12.0 100.0 100.0 100.0 2.0
100.0 14.0 100.0 100.0 100.0 4.0
100.0 18.0 100.0 100.0 100.0 4.0
100.0 20.0 100.0 100.0 100.0 4.0
100.0 18.0 100.0 100.0 100.0 10.0
100.0 20.0 100.0 100.0 100.0 10.0
100.0 20.0 100.0 100.0 100.0 14.0
100.0 20.0 100.0 100.0 100.0 20.0
100.0 14.0 100.0 100.0 100.0 20.0
100.0 14.0 100.0 100.0 100.0 20.0
100.0 10.0 100.0 100.0 100.0 18.0
100.0 10.0 100.0 100.0 100.0 18.0
100.0 10.0 100.0 100.0 100.0 18.0
100.0 14.0 100.0 100.0 100.0 18.0
100.0 14.0 100.0 100.0 100.0 22.0
100.0 14.0 100.0 100.0 100.0 22.0
100.0 14.0 100.0 100.0 100.0 20.0
100.0 10.0 100.0 100.0 100.0 20.0
100.0 18.0 100.0 100.0 100.0 20.0
100.0 16.0 100.0 100.0 100.0 20.0
100.0 16.0 100.0 100.0 100.0 20.0
100.0 14.0 100.0 100.0 100.0 22.0
100.0 12.0 100.0 100.0 100.0 20.0
100.0 12.0 100.0 100.0 100.0 20.0
100.0 12.0 100.0 100.0 100.0 18.0
100.0 12.0 100.0 100.0 100.0 12.0
100.0 10.0 100.0 100.0 100.0 12.0
100.0 4.0 100.0 100.0 100.0 8.0
100.0 4.0 100.0 100.0 100.0 8.0
100.0 4.0 100.0 100.0 100.0 4.0
100.0 6.0 100.0 100.0 100.0 10.0
100.0 10.0 100.0 100.0 100.0 2.0
100.0 10.0 100.0 100.0 100.0 -2.0
100.0 6.0 100.0 100.0 100.0 -2.0
100.0 6.0 100.0 100.0 100.0 -4.0
100.0 8.0 100.0 100.0 100.0 -2.0
100.0 8.0 100.0 100.0 100.0 -4.0
100.0 6.0 100.0 100.0 100.0 -2.0
100.0 4.0 100.0 100.0 100.0 -6.0
100.0 0.0 100.0 100.0 100.0 -6.0
100.0 4.0 100.0 100.0 100.0 -8.0
100.0 0.0 100.0 100.0 100.0 -10.0
100.0 0.0 100.0 100.0 100.0 -10.0
100.0 -8.0 100.0 100.0 100.0 -10.0
100.0 -8.0 100.0 100.0 100.0 -10.0
100.0 -8.0 100.0 100.0 100.0 -6.0
100.0 -8.0 100.0 100.0 100.0 -6.0
100.0 -10.0 100.0 100.0 100.0 -6.0
100.0 -10.0 88.0 100.0 100.0 -6.0
100.0 -10.0 66.0 100.0 100.0 -6.0
100.0 -4.0 52.0 100.0 100.0 -12.0
96.0 -8.0 44.0 100.0 100.0 -12.0
96.0 -6.0 42.0 100.0 100.0 -14.0
90.0 -6.0 36.0 100.0 100.0 -8.0
86.0 -6.0 36.0 100.0 100.0 -12.0
86.0 -6.0 30.0 100.0 100.0 -12.0
82.0 0.0 26.0 100.0 100.0 -12.0
82.0 0.0 26.0 100.0 100.0 -8.0
74.0 0.0 26.0 100.0 96.0 -8.0
74.0 2.0 18.0 100.0 94.0 -8.0
80.0 2.0 16.0 100.0 94.0 -10.0
80.0 -6.0 16.0 100.0 80.0 -4.0
80.0 -6.0 14.0 100.0 80.0 -4.0
68.0 -4.0 12.0 100.0 76.0 -4.0
66.0 -2.0 14.0 100.0 76.0 -8.0
66.0 -4.0 16.0 100.0 76.0 -8.0
70.0 -4.0 18.0 100.0 78.0 -8.0
70.0 -10.0 16.0 100.0 70.0 -10.0
68.0 -14.0 14.0 100.0 68.0 -12.0
66.0 -14.0 10.0 100.0 68.0 -10.0
66.0 4.0 10.0 100.0 68.0 -10.0
74.0 4.0 14.0 100.0 68.0 -10.0
74.0 2.0 14.0 98.0 60.0 -10.0
70.0 0.0 16.0 94.0 58.0 -6.0
68.0 0.0 12.0 92.0 56.0 -4.0
68.0 -6.0 14.0 92.0 56.0 -4.0
64.0 -6.0 14.0 94.0 56.0 -10.0
64.0 -4.0 16.0 94.0 44.0 -12.0
66.0 -4.0 18.0 86.0 44.0 -12.0
66.0 -4.0 18.0 86.0 44.0 -10.0
64.0 -8.0 18.0 82.0 48.0 -8.0
64.0 -12.0 20.0 82.0 48.0 -8.0
62.0 -12.0 22.0 80.0 48.0 -4.0
62.0 -6.0 20.0 80.0 50.0 -10.0
62.0 0.0 14.0 88.0 50.0 -4.0
62.0 -6.0 14.0 88.0 50.0 -6.0
60.0 -4.0 16.0 74.0 44.0 -6.0
60.0 -8.0 18.0 74.0 44.0 -8.0
56.0 -6.0 28.0 74.0 42.0 -8.0
56.0 -6.0 28.0 70.0 46.0 -8.0
56.0 -6.0 18.0 68.0 46.0 -2.0
54.0 -4.0 18.0 68.0 46.0 -8.0
54.0 -4.0 26.0 68.0 46.0 -8.0
54.0 -2.0 26.0 66.0 46.0 -8.0
56.0 0.0 16.0 62.0 50.0 -8.0
56.0 2.0 16.0 62.0 46.0 0.0
56.0 2.0 12.0 62.0 52.0 0.0
56.0 -2.0 12.0 62.0 44.0 0.0
62.0 -6.0 12.0 56.0 50.0 -4.0
60.0 -10.0 12.0 56.0 42.0 -4.0
60.0 -10.0 12.0 56.0 46.0 -4.0
60.0 -4.0 18.0 56.0 46.0 -4.0
58.0 -4.0 20.0 52.0 46.0 -8.0
56.0 -8.0 20.0 54.0 46.0 -8.0
56.0 -8.0 20.0 54.0 42.0 -10.0
50.0 -6.0 12.0 54.0 36.0 -10.0
52.0 -4.0 12.0 56.0 36.0 -10.0
52.0 -6.0 12.0 52.0 34.0 -8.0
54.0 -8.0 20.0 52.0 40.0 -6.0
54.0 -8.0 20.0 50.0 40.0 -4.0
54.0 -10.0 16.0 50.0 44.0 -4.0
54.0 2.0 16.0 50.0 44.0 -2.0
54.0 -8.0 14.0 50.0 36.0 -10.0
54.0 -8.0 16.0 50.0 36.0 -2.0
58.0 -8.0 16.0 48.0 38.0 -8.0
56.0 -6.0 16.0 42.0 40.0 -4.0
58.0 -6.0 16.0 42.0 40.0 -8.0
56.0 -6.0 16.0 42.0 40.0 -4.0
56.0 -6.0 12.0 44.0 40.0 -2.0
52.0 -8.0 18.0 50.0 36.0 -2.0
46.0 -8.0 20.0 50.0 36.0 0.0
46.0 2.0 20.0 48.0 36.0 2.0
48.0 4.0 18.0 46.0 42.0 2.0
48.0 2.0 16.0 48.0 42.0 -4.0
50.0 -2.0 12.0 46.0 36.0 -4.0
50.0 -2.0 16.0 40.0 34.0 -8.0
50.0 0.0 20.0 40.0 34.0 -8.0
50.0 0.0 20.0 40.0 34.0 -8.0
42.0 0.0 16.0 42.0 34.0 2.0
42.0 0.0 16.0 40.0 34.0 -2.0
42.0 -6.0 14.0 40.0 34.0 -2.0
44.0 -6.0 20.0 40.0 28.0 -2.0
48.0 -4.0 20.0 36.0 28.0 -2.0
48.0 -4.0 20.0 36.0 32.0 -2.0
52.0 -4.0 20.0 32.0 32.0 -4.0
56.0 -4.0 12.0 36.0 30.0 -4.0
52.0 -10.0 20.0 32.0 26.0 -4.0
50.0 -10.0 20.0 32.0 30.0 -8.0
50.0 -10.0 20.0 32.0 26.0 -8.0
48.0 -8.0 18.0 34.0 26.0 -8.0
48.0 -8.0 18.0 34.0 26.0 -8.0
52.0 -8.0 18.0 28.0 38.0 -10.0
54.0 -8.0 14.0 26.0 38.0 -10.0
54.0 -8.0 14.0 26.0 40.0 -4.0
48.0 -2.0 16.0 22.0 34.0 -4.0
46.0 -2.0 20.0 30.0 34.0 0.0
46.0 0.0 20.0 34.0 34.0 0.0
46.0 2.0 16.0 34.0 32.0 -2.0
42.0 2.0 16.0 34.0 32.0 -10.0
42.0 2.0 18.0 34.0 28.0 -10.0
46.0 -6.0 22.0 34.0 28.0 -10.0
48.0 -6.0 18.0 26.0 30.0 -10.0
52.0 -4.0 10.0 24.0 36.0 -10.0
54.0 -4.0 10.0 18.0 38.0 2.0
52.0 -10.0 12.0 18.0 38.0 2.0
54.0 -10.0 12.0 18.0 28.0 -4.0
48.0 -4.0 14.0 22.0 28.0 -6.0
52.0 -4.0 10.0 20.0 28.0 -6.0
52.0 0.0 2.0 20.0 36.0 -6.0
52.0 -6.0 2.0 20.0 30.0 -6.0
52.0 2.0 6.0 20.0 32.0 -2.0
52.0 -2.0 6.0 18.0 30.0 -2.0
52.0 0.0 12.0 20.0 32.0 -2.0
52.0 -2.0 10.0 24.0 26.0 0.0
52.0 -2.0 12.0 24.0 32.0 -2.0
52.0 -2.0 10.0 24.0 26.0 0.0
46.0 -2.0 8.0 20.0 34.0 -2.0
46.0 2.0 4.0 24.0 24.0 -2.0
46.0 2.0 8.0 30.0 24.0 -6.0
50.0 -2.0 8.0 30.0 24.0 -6.0
50.0 -2.0 8.0 24.0 24.0 -6.0
50.0 -8.0 8.0 24.0 24.0 -6.0
44.0 -8.0 8.0 24.0 24.0 -6.0
46.0 -8.0 4.0 24.0 24.0 -6.0
44.0 -8.0 4.0 26.0 24.0 -6.0
46.0 -4.0 6.0 26.0 28.0 -6.0
