# Target: fist
# Dominant_Vision: Open Hand
0.0 2.0 2.0 0.0 4.0 2.0
0.0 2.0 0.0 2.0 0.0 0.0
-4.0 2.0 0.0 2.0 0.0 -4.0
-8.0 2.0 0.0 0.0 0.0 -4.0
-10.0 0.0 4.0 -2.0 2.0 -4.0
-8.0 0.0 4.0 -8.0 8.0 0.0
-10.0 -6.0 4.0 -2.0 4.0 -4.0
-8.0 -8.0 4.0 -8.0 4.0 -4.0
-8.0 -8.0 6.0 -2.0 0.0 -8.0
-4.0 -6.0 6.0 -10.0 0.0 -4.0
-2.0 -6.0 6.0 -6.0 0.0 -4.0
-2.0 -10.0 6.0 -6.0 4.0 2.0
-2.0 -12.0 6.0 -4.0 4.0 6.0
-2.0 -10.0 0.0 6.0 6.0 6.0
0.0 -10.0 0.0 0.0 6.0 -4.0
0.0 -2.0 0.0 6.0 6.0 -4.0
0.0 -4.0 6.0 6.0 2.0 6.0
0.0 -2.0 6.0 6.0 2.0 6.0
-8.0 -4.0 -2.0 4.0 2.0 0.0
2.0 -8.0 -2.0 4.0 6.0 0.0
4.0 -8.0 -2.0 4.0 6.0 6.0
6.0 -8.0 -4.0 2.0 10.0 6.0
8.0 -4.0 -4.0 2.0 12.0 6.0
14.0 -2.0 4.0 8.0 12.0 4.0
16.0 0.0 6.0 28.0 14.0 -4.0
22.0 2.0 8.0 28.0 18.0 -4.0
40.0 4.0 8.0 46.0 34.0 8.0
44.0 6.0 12.0 54.0 34.0 8.0
58.0 8.0 22.0 100.0 52.0 8.0
98.0 10.0 30.0 100.0 68.0 8.0
100.0 18.0 44.0 100.0 94.0 8.0
100.0 26.0 44.0 100.0 100.0 12.0
100.0 38.0 78.0 100.0 100.0 18.0
100.0 40.0 100.0 100.0 100.0 18.0
100.0 44.0 100.0 100.0 100.0 18.0
100.0 48.0 100.0 100.0 100.0 18.0
100.0 48.0 100.0 100.0 100.0 18.0
100.0 46.0 100.0 100.0 100.0 18.0
100.0 32.0 100.0 100.0 100.0 22.0
100.0 32.0 100.0 100.0 100.0 26.0
100.0 36.0 100.0 100.0 100.0 26.0
100.0 36.0 100.0 100.0 100.0 26.0
100.0 36.0 100.0 100.0 100.0 36.0
100.0 34.0 100.0 100.0 100.0 32.0
100.0 36.0 100.0 100.0 100.0 32.0
100.0 34.0 100.0 100.0 100.0 30.0
100.0 34.0 100.0 100.0 100.0 26.0
100.0 32.0 100.0 100.0 100.0 26.0
100.0 30.0 100.0 100.0 100.0 26.0
100.0 32.0 100.0 100.0 100.0 26.0
100.0 34.0 100.0 100.0 100.0 26.0
100.0 36.0 100.0 100.0 100.0 24.0
100.0 36.0 100.0 100.0 100.0 24.0
100.0 32.0 100.0 100.0 100.0 26.0
100.0 30.0 100.0 100.0 100.0 30.0
100.0 32.0 100.0 100.0 100.0 28.0
100.0 32.0 100.0 100.0 100.0 28.0
100.0 32.0 100.0 100.0 100.0 22.0
100.0 26.0 100.0 100.0 100.0 22.0
100.0 20.0 100.0 100.0 100.0 18.0
100.0 18.0 100.0 100.0 100.0 18.0
100.0 18.0 100.0 100.0 100.0 16.0
100.0 12.0 100.0 100.0 100.0 14.0
100.0 14.0 100.0 100.0 100.0 12.0
100.0 12.0 100.0 100.0 100.0 10.0
100.0 12.0 100.0 100.0 100.0 2.0
100.0 12.0 100.0 100.0 100.0 2.0
100.0 20.0 100.0 100.0 100.0 2.0
100.0 20.0 100.0 100.0 100.0 -8.0
100.0 22.0 100.0 100.0 100.0 -8.0
100.0 22.0 100.0 100.0 100.0 -4.0
100.0 12.0 100.0 100.0 100.0 -4.0
100.0 0.0 100.0 100.0 100.0 -4.0
100.0 0.0 86.0 100.0 100.0 -4.0
100.0 -8.0 80.0 100.0 100.0 0.0
100.0 -12.0 64.0 100.0 100.0 0.0
42.0 -12.0 40.0 100.0 84.0 -2.0
14.0 -12.0 38.0 100.0 66.0 -6.0
14.0 -12.0 38.0 100.0 64.0 -6.0
-10.0 -6.0 26.0 100.0 48.0 -6.0
-12.0 0.0 16.0 100.0 46.0 2.0
-22.0 0.0 16.0 100.0 46.0 2.0
-22.0 -2.0 26.0 100.0 42.0 -2.0
-18.0 -2.0 28.0 100.0 42.0 -2.0
-16.0 0.0 28.0 100.0 42.0 -6.0
-16.0 6.0 18.0 100.0 44.0 -2.0
-22.0 4.0 18.0 100.0 44.0 -2.0
-22.0 4.0 18.0 100.0 44.0 -2.0
-22.0 2.0 20.0 100.0 44.0 -2.0
-22.0 2.0 18.0 100.0 36.0 -2.0
-28.0 -4.0 8.0 100.0 42.0 0.0
-32.0 4.0 8.0 100.0 36.0 0.0
-36.0 -12.0 10.0 100.0 36.0 2.0
-32.0 8.0 12.0 100.0 36.0 2.0
-34.0 -4.0 14.0 100.0 34.0 2.0
-32.0 -4.0 16.0 100.0 28.0 0.0
-34.0 -4.0 14.0 100.0 28.0 0.0
-34.0 -4.0 14.0 100.0 28.0 0.0
-34.0 -2.0 14.0 100.0 30.0 -4.0
-28.0 2.0 14.0 100.0 32.0 -4.0
-28.0 4.0 18.0 100.0 30.0 -4.0
-36.0 4.0 20.0 100.0 28.0 2.0
-36.0 -6.0 18.0 100.0 28.0 -2.0
-36.0 -6.0 14.0 100.0 28.0 -2.0
-36.0 -4.0 14.0 100.0 26.0 -2.0
-36.0 -2.0 16.0 100.0 26.0 -2.0
-38.0 2.0 16.0 100.0 26.0 -2.0
-40.0 2.0 0.0 98.0 26.0 0.0
-40.0 -4.0 0.0 90.0 26.0 0.0
-40.0 -4.0 10.0 90.0 24.0 -4.0
-40.0 -2.0 10.0 94.0 20.0 -4.0
-40.0 6.0 8.0 94.0 16.0 -4.0
-42.0 6.0 8.0 84.0 20.0 -4.0
-42.0 -2.0 8.0 84.0 14.0 0.0
-46.0 -2.0 12.0 94.0 20.0 2.0
-46.0 0.0 12.0 94.0 16.0 4.0
-50.0 4.0 14.0 80.0 18.0 4.0
-46.0 4.0 14.0 80.0 18.0 2.0
-46.0 6.0 4.0 86.0 18.0 2.0
-46.0 -2.0 4.0 86.0 24.0 2.0
-48.0 -2.0 14.0 80.0 22.0 0.0
-48.0 -2.0 18.0 80.0 22.0 -4.0
-48.0 -2.0 18.0 74.0 22.0 -4.0
-50.0 -4.0 16.0 74.0 14.0 -4.0
-54.0 -10.0 16.0 70.0 16.0 -6.0
-50.0 -4.0 16.0 70.0 16.0 -8.0
-50.0 -2.0 12.0 68.0 20.0 -8.0
-50.0 -2.0 8.0 80.0 20.0 0.0
-50.0 0.0 4.0 68.0 20.0 0.0
-48.0 -4.0 4.0 68.0 20.0 0.0
-44.0 -4.0 4.0 68.0 20.0 -4.0
-44.0 -6.0 4.0 68.0 20.0 -2.0
-48.0 -6.0 12.0 68.0 20.0 -2.0
-48.0 0.0 8.0 68.0 18.0 -2.0
-48.0 0.0 10.0 74.0 18.0 -2.0
-50.0 -6.0 10.0 74.0 12.0 -10.0
-50.0 -6.0 10.0 68.0 12.0 -10.0
-54.0 -6.0 10.0 68.0 18.0 -2.0
-50.0 -6.0 10.0 68.0 18.0 0.0
-44.0 -2.0 10.0 68.0 18.0 -2.0
-44.0 -4.0 10.0 76.0 16.0 0.0
-48.0 2.0 12.0 76.0 14.0 4.0
-50.0 2.0 8.0 76.0 10.0 4.0
-50.0 2.0 10.0 60.0 10.0 0.0
-50.0 2.0 10.0 60.0 14.0 0.0
-52.0 2.0 10.0 60.0 14.0 -2.0
-52.0 0.0 8.0 60.0 14.0 0.0
-50.0 2.0 8.0 60.0 14.0 0.0
-50.0 0.0 14.0 62.0 18.0 0.0
-56.0 -4.0 14.0 62.0 18.0 2.0
-56.0 -6.0 14.0 56.0 18.0 -4.0
-52.0 -4.0 14.0 56.0 18.0 -4.0
-52.0 0.0 8.0 60.0 16.0 -4.0
-48.0 4.0 14.0 60.0 14.0 -4.0
-50.0 4.0 8.0 60.0 14.0 -4.0
-50.0 -2.0 8.0 66.0 16.0 -4.0
-50.0 -4.0 8.0 66.0 18.0 -4.0
-50.0 -6.0 6.0 62.0 18.0 -2.0
-54.0 -6.0 8.0 62.0 18.0 -2.0
-54.0 -4.0 6.0 60.0 16.0 2.0
-54.0 -4.0 12.0 60.0 14.0 0.0
-54.0 -4.0 14.0 60.0 14.0 0.0
-56.0 -6.0 14.0 60.0 12.0 0.0
-54.0 -6.0 4.0 52.0 12.0 -2.0
-60.0 -6.0 4.0 52.0 14.0 -6.0
-52.0 -2.0 6.0 52.0 14.0 -2.0
-58.0 -4.0 6.0 56.0 10.0 2.0
-54.0 -2.0 10.0 56.0 10.0 8.0
-54.0 -4.0 8.0 58.0 14.0 2.0
-52.0 -6.0 10.0 58.0 22.0 4.0
-52.0 -10.0 10.0 58.0 16.0 2.0
-56.0 -10.0 10.0 58.0 16.0 0.0
-56.0 -4.0 10.0 62.0 4.0 0.0
-54.0 -4.0 4.0 62.0 4.0 2.0
-54.0 -10.0 4.0 54.0 20.0 2.0
-54.0 -10.0 4.0 54.0 20.0 -2.0
-54.0 -8.0 2.0 58.0 20.0 -2.0
-54.0 -2.0 10.0 58.0 14.0 -4.0
-60.0 0.0 8.0 54.0 12.0 -4.0
-60.0 0.0 8.0 54.0 12.0 -4.0
-56.0 4.0 8.0 54.0 10.0 -6.0
-50.0 4.0 14.0 56.0 10.0 -6.0
-50.0 4.0 14.0 54.0 10.0 -4.0
-50.0 -2.0 4.0 56.0 16.0 0.0
-54.0 -2.0 4.0 56.0 16.0 0.0
-50.0 -2.0 16.0 58.0 12.0 0.0
-52.0 -2.0 16.0 58.0 12.0 0.0
-52.0 -4.0 14.0 58.0 10.0 0.0
-52.0 -4.0 12.0 58.0 10.0 -6.0
-56.0 -2.0 8.0 48.0 10.0 -6.0
-54.0 -2.0 6.0 48.0 8.0 -6.0
-54.0 -2.0 6.0 48.0 10.0 -2.0
-54.0 -2.0 6.0 48.0 14.0 -2.0
-54.0 -2.0 10.0 46.0 14.0 -2.0
-58.0 -2.0 4.0 46.0 14.0 2.0
-58.0 -6.0 4.0 46.0 16.0 2.0
-54.0 -6.0 4.0 48.0 14.0 2.0
-54.0 -4.0 2.0 52.0 16.0 4.0
-56.0 4.0 4.0 50.0 14.0 4.0
-58.0 2.0 8.0 52.0 10.0 -4.0
-56.0 2.0 10.0 56.0 10.0 -4.0
-50.0 2.0 8.0 56.0 10.0 -4.0
-50.0 2.0 4.0 56.0 12.0 -2.0
-54.0 -2.0 4.0 60.0 12.0 -6.0
-58.0 -4.0 4.0 60.0 10.0 -8.0
-54.0 -8.0 6.0 54.0 10.0 -8.0
-54.0 -10.0 8.0 54.0 10.0 -2.0
-54.0 -10.0 8.0 54.0 12.0 -2.0
-52.0 -4.0 6.0 56.0 12.0 -4.0
-54.0 -4.0 6.0 56.0 12.0 -4.0
-56.0 -6.0 6.0 56.0 10.0 -2.0
-56.0 -6.0 10.0 62.0 8.0 0.0
-52.0 -4.0 8.0 62.0 8.0 0.0
-48.0 0.0 10.0 62.0 10.0 0.0
-48.0 0.0 8.0 64.0 12.0 2.0
-48.0 2.0 14.0 62.0 10.0 2.0
-54.0 2.0 4.0 54.0 6.0 -4.0
-58.0 -8.0 6.0 50.0 6.0 -4.0
-54.0 -8.0 6.0 50.0 4.0 0.0
-52.0 -8.0 6.0 50.0 4.0 0.0
-52.0 -2.0 8.0 50.0 4.0 0.0
-52.0 -2.0 10.0 50.0 6.0 0.0
-52.0 -2.0 10.0 54.0 10.0 2.0
-60.0 -28.0 8.0 50.0 10.0 2.0
-60.0 -8.0 8.0 52.0 10.0 -2.0
-56.0 -8.0 8.0 52.0 10.0 -2.0
-56.0 -8.0 10.0 52.0 10.0 0.0
-56.0 -2.0 10.0 52.0 14.0 0.0
-54.0 -2.0 10.0 52.0 18.0 4.0
-56.0 -6.0 10.0 52.0 18.0 -4.0
-56.0 -6.0 4.0 52.0 10.0 0.0
-56.0 6.0 4.0 54.0 10.0 0.0
-54.0 6.0 4.0 48.0 10.0 0.0
-54.0 4.0 14.0 54.0 14.0 -4.0
-58.0 4.0 14.0 50.0 14.0 -4.0
