# Target: fist
# Dominant_Vision: Open Hand
0.0 10.0 2.0 0.0 -2.0 2.0
-2.0 0.0 0.0 2.0 0.0 0.0
-2.0 2.0 -2.0 2.0 4.0 2.0
4.0 -2.0 -8.0 2.0 4.0 0.0
6.0 -4.0 -4.0 2.0 0.0 4.0
6.0 -4.0 -6.0 2.0 0.0 8.0
6.0 0.0 -4.0 2.0 4.0 8.0
2.0 2.0 -6.0 2.0 4.0 4.0
2.0 2.0 -4.0 4.0 4.0 -2.0
12.0 -2.0 0.0 6.0 2.0 4.0
12.0 -2.0 0.0 6.0 4.0 -4.0
8.0 4.0 0.0 6.0 4.0 4.0
6.0 8.0 2.0 2.0 12.0 8.0
6.0 8.0 -2.0 2.0 12.0 8.0
6.0 8.0 0.0 8.0 12.0 2.0
10.0 4.0 0.0 8.0 10.0 2.0
6.0 4.0 0.0 10.0 14.0 2.0
6.0 4.0 0.0 8.0 12.0 2.0
6.0 0.0 -2.0 10.0 14.0 2.0
18.0 8.0 0.0 22.0 14.0 2.0
22.0 8.0 0.0 24.0 24.0 8.0
66.0 10.0 6.0 52.0 32.0 8.0
90.0 14.0 6.0 78.0 40.0 8.0
100.0 16.0 6.0 100.0 58.0 8.0
100.0 24.0 32.0 100.0 98.0 10.0
100.0 34.0 40.0 100.0 100.0 20.0
100.0 36.0 70.0 100.0 100.0 16.0
100.0 42.0 100.0 100.0 100.0 22.0
100.0 44.0 100.0 100.0 100.0 18.0
100.0 46.0 100.0 100.0 100.0 24.0
100.0 52.0 100.0 100.0 100.0 24.0
100.0 52.0 100.0 100.0 100.0 24.0
100.0 50.0 100.0 100.0 100.0 28.0
100.0 50.0 100.0 100.0 100.0 22.0
100.0 50.0 100.0 100.0 100.0 32.0
100.0 46.0 100.0 100.0 100.0 24.0
100.0 44.0 100.0 100.0 100.0 34.0
100.0 44.0 100.0 100.0 100.0 24.0
100.0 44.0 100.0 100.0 100.0 22.0
100.0 42.0 100.0 100.0 100.0 22.0
100.0 44.0 100.0 100.0 100.0 22.0
100.0 42.0 100.0 100.0 100.0 22.0
100.0 42.0 100.0 100.0 100.0 20.0
100.0 42.0 100.0 100.0 100.0 20.0
100.0 46.0 100.0 100.0 100.0 20.0
100.0 46.0 100.0 100.0 100.0 22.0
100.0 42.0 100.0 100.0 100.0 22.0
100.0 42.0 100.0 100.0 100.0 20.0
100.0 34.0 100.0 100.0 100.0 20.0
100.0 26.0 100.0 100.0 100.0 16.0
100.0 20.0 100.0 100.0 100.0 16.0
100.0 20.0 100.0 100.0 100.0 8.0
100.0 18.0 100.0 100.0 100.0 2.0
100.0 18.0 100.0 100.0 100.0 2.0
100.0 18.0 100.0 100.0 100.0 2.0
100.0 22.0 100.0 100.0 100.0 2.0
100.0 20.0 100.0 100.0 100.0 2.0
100.0 20.0 100.0 100.0 100.0 -4.0
100.0 12.0 100.0 100.0 100.0 -6.0
100.0 10.0 100.0 100.0 100.0 -6.0
100.0 8.0 100.0 100.0 100.0 -6.0
100.0 8.0 100.0 100.0 100.0 -6.0
100.0 2.0 98.0 100.0 100.0 -8.0
100.0 0.0 84.0 100.0 100.0 -8.0
100.0 -2.0 64.0 100.0 100.0 -8.0
100.0 -4.0 40.0 100.0 100.0 -8.0
100.0 -4.0 40.0 100.0 98.0 -8.0
100.0 -4.0 28.0 100.0 78.0 -6.0
100.0 -4.0 24.0 100.0 78.0 -6.0
100.0 0.0 28.0 100.0 72.0 -8.0
100.0 0.0 28.0 100.0 66.0 -8.0
100.0 0.0 28.0 100.0 66.0 -4.0
100.0 0.0 24.0 100.0 68.0 -4.0
100.0 0.0 24.0 100.0 68.0 4.0
100.0 4.0 22.0 100.0 66.0 -10.0
100.0 6.0 26.0 100.0 60.0 4.0
100.0 6.0 22.0 100.0 58.0 -2.0
100.0 6.0 20.0 100.0 56.0 -2.0
100.0 8.0 20.0 100.0 52.0 -6.0
100.0 8.0 20.0 100.0 52.0 -6.0
100.0 -2.0 20.0 100.0 54.0 -2.0
100.0 -2.0 20.0 100.0 54.0 -2.0
100.0 -2.0 16.0 100.0 48.0 -4.0
100.0 -2.0 20.0 100.0 48.0 -8.0
100.0 -2.0 16.0 100.0 50.0 -8.0
100.0 2.0 14.0 100.0 50.0 -8.0
100.0 6.0 14.0 100.0 46.0 -8.0
100.0 6.0 14.0 100.0 42.0 -4.0
100.0 -4.0 14.0 100.0 44.0 -8.0
100.0 -4.0 20.0 100.0 44.0 -4.0
100.0 -4.0 24.0 100.0 46.0 -2.0
100.0 -2.0 24.0 100.0 46.0 -2.0
100.0 -2.0 26.0 100.0 40.0 -2.0
100.0 2.0 20.0 100.0 40.0 -2.0
100.0 -2.0 20.0 100.0 40.0 -2.0
100.0 2.0 20.0 100.0 44.0 -6.0
100.0 -2.0 22.0 100.0 44.0 -10.0
100.0 2.0 22.0 100.0 42.0 -6.0
100.0 -2.0 22.0 100.0 36.0 -4.0
100.0 -2.0 18.0 100.0 42.0 -4.0
100.0 -6.0 16.0 100.0 44.0 -4.0
100.0 -6.0 12.0 100.0 44.0 -4.0
100.0 -6.0 16.0 100.0 42.0 -4.0
100.0 0.0 10.0 100.0 38.0 -2.0
100.0 2.0 16.0 100.0 38.0 0.0
100.0 2.0 10.0 100.0 38.0 0.0
100.0 2.0 14.0 100.0 40.0 0.0
100.0 -2.0 14.0 100.0 40.0 0.0
100.0 -2.0 14.0 100.0 34.0 0.0
100.0 -2.0 14.0 100.0 34.0 0.0
100.0 4.0 18.0 100.0 34.0 0.0
100.0 4.0 18.0 100.0 34.0 -2.0
100.0 -2.0 18.0 100.0 26.0 -6.0
100.0 -2.0 14.0 100.0 26.0 -6.0
100.0 0.0 12.0 100.0 28.0 -6.0
100.0 8.0 14.0 100.0 28.0 6.0
100.0 8.0 14.0 100.0 26.0 6.0
100.0 8.0 14.0 100.0 26.0 -4.0
100.0 2.0 8.0 100.0 26.0 -8.0
100.0 2.0 8.0 100.0 24.0 -8.0
100.0 2.0 10.0 100.0 24.0 0.0
100.0 0.0 14.0 100.0 24.0 0.0
100.0 0.0 14.0 100.0 24.0 0.0
100.0 0.0 12.0 100.0 24.0 -2.0
100.0 -8.0 8.0 100.0 22.0 -2.0
98.0 -8.0 8.0 90.0 22.0 -2.0
98.0 -8.0 12.0 90.0 20.0 -2.0
98.0 -4.0 14.0 100.0 26.0 0.0
100.0 -4.0 14.0 100.0 20.0 2.0
100.0 -4.0 14.0 100.0 24.0 2.0
100.0 -2.0 14.0 100.0 24.0 2.0
96.0 -2.0 14.0 92.0 24.0 0.0
96.0 6.0 12.0 92.0 24.0 -4.0
100.0 0.0 2.0 98.0 22.0 -6.0
100.0 0.0 2.0 98.0 20.0 -6.0
100.0 0.0 12.0 92.0 18.0 -6.0
92.0 0.0 12.0 92.0 20.0 -8.0
42.0 4.0 8.0 92.0 22.0 -10.0
42.0 4.0 8.0 96.0 22.0 -8.0
46.0 0.0 10.0 96.0 22.0 -10.0
46.0 -2.0 12.0 100.0 22.0 -8.0
48.0 -2.0 12.0 98.0 22.0 -8.0
40.0 2.0 12.0 98.0 28.0 -6.0
50.0 2.0 8.0 92.0 28.0 -4.0
40.0 0.0 6.0 92.0 28.0 0.0
48.0 0.0 6.0 94.0 24.0 -4.0
48.0 -8.0 10.0 94.0 24.0 0.0
48.0 2.0 10.0 94.0 8.0 -6.0
48.0 2.0 10.0 94.0 8.0 -2.0
48.0 2.0 12.0 94.0 24.0 -6.0
48.0 2.0 10.0 94.0 24.0 -2.0
46.0 4.0 8.0 94.0 18.0 -2.0
46.0 -2.0 8.0 94.0 18.0 2.0
46.0 0.0 8.0 94.0 26.0 -2.0
46.0 -2.0 8.0 96.0 26.0 2.0
46.0 -6.0 6.0 96.0 20.0 2.0
46.0 -6.0 6.0 96.0 20.0 2.0
48.0 -2.0 4.0 94.0 18.0 2.0
46.0 -2.0 4.0 94.0 16.0 0.0
44.0 -2.0 4.0 96.0 16.0 -6.0
44.0 0.0 8.0 96.0 16.0 -10.0
46.0 0.0 4.0 96.0 16.0 -10.0
46.0 0.0 4.0 96.0 16.0 -4.0
44.0 0.0 4.0 98.0 14.0 -4.0
44.0 0.0 8.0 92.0 14.0 -8.0
44.0 0.0 8.0 90.0 12.0 -8.0
44.0 0.0 4.0 82.0 14.0 -6.0
40.0 0.0 -2.0 82.0 18.0 -4.0
40.0 0.0 -2.0 80.0 22.0 -4.0
40.0 -2.0 4.0 80.0 18.0 -4.0
38.0 -6.0 4.0 78.0 18.0 -4.0
32.0 -6.0 4.0 74.0 18.0 -4.0
32.0 2.0 2.0 72.0 18.0 0.0
38.0 2.0 4.0 72.0 18.0 2.0
42.0 2.0 4.0 72.0 16.0 0.0
40.0 4.0 6.0 64.0 16.0 -8.0
40.0 4.0 6.0 66.0 16.0 -8.0
40.0 2.0 6.0 64.0 14.0 -6.0
42.0 2.0 0.0 66.0 20.0 -2.0
42.0 2.0 0.0 70.0 14.0 -6.0
42.0 2.0 -2.0 74.0 14.0 -2.0
38.0 0.0 10.0 74.0 12.0 -10.0
34.0 0.0 10.0 64.0 12.0 -10.0
34.0 0.0 10.0 62.0 12.0 -10.0
36.0 6.0 10.0 62.0 12.0 -4.0
40.0 2.0 8.0 58.0 10.0 -4.0
40.0 4.0 6.0 68.0 10.0 -4.0
42.0 2.0 6.0 58.0 10.0 -6.0
40.0 2.0 6.0 62.0 6.0 -6.0
42.0 -4.0 8.0 62.0 6.0 -4.0
46.0 -4.0 8.0 66.0 6.0 -4.0
46.0 -4.0 8.0 68.0 6.0 -8.0
48.0 -4.0 8.0 66.0 6.0 -8.0
42.0 -6.0 4.0 64.0 16.0 -8.0
46.0 -6.0 2.0 64.0 16.0 0.0
46.0 -4.0 4.0 64.0 14.0 0.0
46.0 -4.0 4.0 64.0 14.0 0.0
46.0 -4.0 6.0 68.0 12.0 2.0
38.0 -10.0 6.0 68.0 12.0 0.0
44.0 -4.0 0.0 64.0 10.0 4.0
42.0 -4.0 0.0 64.0 10.0 0.0
44.0 -4.0 10.0 64.0 10.0 6.0
44.0 -8.0 10.0 70.0 2.0 -4.0
44.0 -8.0 10.0 72.0 2.0 -8.0
44.0 -8.0 -2.0 72.0 10.0 -8.0
38.0 4.0 6.0 72.0 14.0 0.0
38.0 4.0 2.0 66.0 10.0 0.0
38.0 4.0 2.0 64.0 12.0 -2.0
38.0 4.0 2.0 64.0 10.0 -2.0
40.0 -6.0 2.0 68.0 6.0 -6.0
40.0 4.0 2.0 68.0 6.0 -6.0
40.0 2.0 2.0 62.0 10.0 -6.0
40.0 2.0 4.0 60.0 10.0 2.0
40.0 2.0 4.0 60.0 4.0 -6.0
36.0 2.0 4.0 62.0 4.0 2.0
30.0 2.0 4.0 62.0 4.0 -8.0
30.0 2.0 8.0 64.0 10.0 -6.0
36.0 2.0 8.0 64.0 14.0 -6.0
36.0 2.0 12.0 68.0 14.0 0.0
38.0 2.0 8.0 68.0 10.0 2.0
38.0 2.0 12.0 64.0 10.0 2.0
42.0 2.0 8.0 64.0 18.0 -6.0
42.0 -6.0 8.0 62.0 18.0 -6.0
40.0 -2.0 8.0 68.0 6.0 -4.0
34.0 -4.0 8.0 64.0 6.0 -2.0
34.0 -2.0 6.0 64.0 10.0 -2.0
34.0 -2.0 4.0 62.0 10.0 -2.0
34.0 0.0 6.0 58.0 10.0 -2.0
32.0 2.0 6.0 58.0 10.0 -4.0
