# Target: fist
# Dominant_Vision: Open Hand
0.0 10.0 6.0 0.0 0.0 -2.0
0.0 10.0 4.0 0.0 0.0 -2.0
4.0 10.0 10.0 2.0 0.0 -2.0
4.0 12.0 10.0 2.0 -6.0 -6.0
0.0 8.0 10.0 10.0 0.0 -6.0
-2.0 10.0 6.0 2.0 0.0 -6.0
-2.0 10.0 6.0 0.0 0.0 0.0
0.0 10.0 4.0 0.0 2.0 0.0
2.0 8.0 8.0 0.0 -8.0 0.0
2.0 2.0 8.0 0.0 -8.0 -8.0
2.0 4.0 8.0 0.0 -8.0 -8.0
2.0 4.0 8.0 4.0 -10.0 0.0
-4.0 4.0 6.0 8.0 -6.0 0.0
-6.0 6.0 4.0 4.0 -6.0 -8.0
-4.0 6.0 6.0 2.0 2.0 -8.0
0.0 10.0 6.0 0.0 2.0 -8.0
0.0 12.0 8.0 0.0 -4.0 -4.0
0.0 12.0 8.0 6.0 -8.0 -8.0
0.0 12.0 8.0 6.0 -8.0 -6.0
0.0 6.0 8.0 2.0 -8.0 -6.0
0.0 6.0 10.0 2.0 -8.0 -2.0
2.0 6.0 8.0 4.0 -2.0 -2.0
2.0 6.0 8.0 4.0 -2.0 -8.0
2.0 6.0 8.0 4.0 -6.0 -8.0
8.0 12.0 6.0 4.0 -6.0 -4.0
8.0 12.0 12.0 6.0 -8.0 0.0
8.0 12.0 4.0 8.0 -8.0 0.0
8.0 -2.0 6.0 12.0 -8.0 4.0
8.0 -2.0 4.0 12.0 4.0 0.0
10.0 -2.0 4.0 18.0 6.0 -2.0
10.0 10.0 4.0 18.0 6.0 -6.0
16.0 10.0 6.0 18.0 10.0 -6.0
16.0 10.0 10.0 20.0 12.0 -6.0
18.0 6.0 10.0 20.0 12.0 0.0
18.0 6.0 10.0 20.0 12.0 0.0
22.0 10.0 4.0 20.0 14.0 0.0
34.0 12.0 4.0 36.0 16.0 -2.0
40.0 10.0 16.0 50.0 20.0 -4.0
72.0 12.0 18.0 60.0 26.0 -4.0
88.0 12.0 22.0 72.0 36.0 -4.0
96.0 14.0 24.0 100.0 50.0 0.0
100.0 20.0 32.0 100.0 64.0 0.0
100.0 20.0 38.0 100.0 70.0 10.0
100.0 20.0 46.0 100.0 88.0 10.0
100.0 28.0 58.0 100.0 100.0 10.0
100.0 28.0 60.0 100.0 100.0 14.0
100.0 28.0 74.0 100.0 100.0 16.0
100.0 34.0 82.0 100.0 100.0 16.0
100.0 42.0 92.0 100.0 100.0 16.0
100.0 44.0 100.0 100.0 100.0 20.0
100.0 44.0 100.0 100.0 100.0 20.0
100.0 48.0 100.0 100.0 100.0 16.0
100.0 50.0 100.0 100.0 100.0 16.0
100.0 54.0 100.0 100.0 100.0 18.0
100.0 58.0 100.0 100.0 100.0 20.0
100.0 60.0 100.0 100.0 100.0 20.0
100.0 66.0 100.0 100.0 100.0 20.0
100.0 68.0 100.0 100.0 100.0 20.0
100.0 66.0 100.0 100.0 100.0 24.0
100.0 62.0 100.0 100.0 100.0 24.0
100.0 62.0 100.0 100.0 100.0 24.0
100.0 58.0 100.0 100.0 100.0 24.0
100.0 66.0 100.0 100.0 100.0 22.0
100.0 66.0 100.0 100.0 100.0 16.0
100.0 66.0 100.0 100.0 100.0 22.0
100.0 64.0 100.0 100.0 100.0 24.0
100.0 64.0 100.0 100.0 100.0 24.0
100.0 62.0 100.0 100.0 100.0 24.0
100.0 62.0 100.0 100.0 100.0 24.0
100.0 62.0 100.0 100.0 100.0 24.0
100.0 62.0 100.0 100.0 100.0 28.0
100.0 62.0 100.0 100.0 100.0 28.0
100.0 62.0 100.0 100.0 100.0 30.0
100.0 66.0 100.0 100.0 100.0 28.0
100.0 70.0 100.0 100.0 100.0 32.0
100.0 66.0 100.0 100.0 100.0 30.0
100.0 64.0 100.0 100.0 100.0 34.0
100.0 64.0 100.0 100.0 100.0 32.0
100.0 70.0 100.0 100.0 100.0 32.0
100.0 70.0 100.0 100.0 100.0 32.0
100.0 64.0 100.0 100.0 100.0 30.0
100.0 64.0 100.0 100.0 100.0 28.0
100.0 64.0 100.0 100.0 100.0 22.0
100.0 58.0 100.0 100.0 100.0 22.0
100.0 56.0 100.0 100.0 100.0 22.0
100.0 56.0 100.0 100.0 100.0 22.0
100.0 50.0 100.0 100.0 100.0 22.0
100.0 50.0 100.0 100.0 100.0 26.0
100.0 50.0 100.0 100.0 100.0 20.0
100.0 50.0 100.0 100.0 100.0 24.0
100.0 50.0 100.0 100.0 100.0 18.0
100.0 50.0 100.0 100.0 100.0 14.0
100.0 54.0 100.0 100.0 100.0 14.0
100.0 54.0 100.0 100.0 100.0 14.0
100.0 46.0 100.0 100.0 100.0 2.0
100.0 44.0 100.0 100.0 100.0 2.0
100.0 44.0 100.0 100.0 100.0 4.0
100.0 40.0 100.0 100.0 100.0 4.0
100.0 36.0 100.0 100.0 100.0 4.0
100.0 36.0 100.0 100.0 100.0 0.0
100.0 34.0 100.0 100.0 100.0 -2.0
100.0 26.0 100.0 100.0 100.0 -10.0
100.0 24.0 100.0 100.0 100.0 -10.0
100.0 22.0 100.0 100.0 100.0 -10.0
100.0 12.0 100.0 100.0 100.0 -12.0
100.0 12.0 100.0 100.0 100.0 -18.0
100.0 14.0 100.0 100.0 100.0 -18.0
100.0 18.0 100.0 100.0 100.0 -18.0
100.0 14.0 100.0 100.0 100.0 -16.0
100.0 -14.0 92.0 100.0 100.0 -6.0
100.0 -14.0 70.0 100.0 94.0 -6.0
100.0 -6.0 60.0 100.0 82.0 -6.0
100.0 8.0 60.0 100.0 60.0 -6.0
100.0 8.0 58.0 100.0 58.0 -4.0
100.0 10.0 42.0 100.0 56.0 -6.0
100.0 10.0 42.0 100.0 56.0 -10.0
100.0 10.0 40.0 100.0 50.0 -12.0
100.0 4.0 38.0 100.0 46.0 -12.0
100.0 4.0 34.0 100.0 40.0 -6.0
92.0 14.0 34.0 100.0 46.0 -6.0
78.0 16.0 32.0 100.0 46.0 -6.0
78.0 18.0 40.0 100.0 46.0 -4.0
78.0 18.0 32.0 100.0 28.0 -4.0
78.0 16.0 30.0 100.0 28.0 -4.0
74.0 16.0 26.0 100.0 32.0 -4.0
72.0 16.0 24.0 100.0 32.0 -4.0
74.0 16.0 16.0 100.0 32.0 -4.0
74.0 14.0 16.0 100.0 28.0 4.0
74.0 14.0 30.0 100.0 26.0 -10.0
70.0 22.0 30.0 100.0 24.0 0.0
70.0 22.0 24.0 100.0 24.0 -2.0
70.0 18.0 22.0 100.0 24.0 -2.0
70.0 8.0 22.0 100.0 24.0 -2.0
70.0 8.0 22.0 100.0 26.0 -10.0
70.0 8.0 22.0 100.0 22.0 -10.0
70.0 8.0 22.0 100.0 22.0 -10.0
70.0 12.0 22.0 100.0 22.0 -12.0
66.0 12.0 22.0 100.0 20.0 -12.0
66.0 12.0 22.0 100.0 20.0 -10.0
68.0 10.0 28.0 100.0 16.0 -8.0
72.0 10.0 28.0 100.0 20.0 -8.0
72.0 10.0 28.0 100.0 16.0 -8.0
72.0 10.0 20.0 100.0 20.0 -10.0
28.0 8.0 14.0 100.0 14.0 -10.0
22.0 8.0 14.0 100.0 20.0 -10.0
22.0 8.0 16.0 94.0 14.0 -10.0
20.0 12.0 22.0 94.0 20.0 -8.0
14.0 12.0 16.0 98.0 14.0 -4.0
14.0 0.0 18.0 98.0 16.0 -4.0
18.0 0.0 16.0 98.0 16.0 -10.0
18.0 8.0 18.0 98.0 16.0 -10.0
20.0 10.0 16.0 98.0 16.0 -10.0
14.0 8.0 14.0 96.0 16.0 -8.0
18.0 6.0 14.0 96.0 18.0 -8.0
16.0 4.0 22.0 96.0 18.0 2.0
18.0 4.0 22.0 96.0 12.0 -2.0
20.0 4.0 20.0 100.0 12.0 -2.0
20.0 12.0 16.0 96.0 12.0 -4.0
20.0 12.0 16.0 100.0 12.0 -4.0
18.0 10.0 12.0 88.0 14.0 -8.0
18.0 10.0 12.0 100.0 12.0 -8.0
18.0 10.0 14.0 100.0 14.0 -8.0
16.0 10.0 14.0 100.0 10.0 -4.0
16.0 14.0 20.0 96.0 10.0 -4.0
16.0 20.0 14.0 90.0 10.0 -4.0
18.0 20.0 14.0 88.0 10.0 -4.0
18.0 14.0 14.0 88.0 18.0 -4.0
18.0 12.0 18.0 94.0 18.0 -2.0
18.0 12.0 18.0 94.0 18.0 -2.0
16.0 8.0 16.0 94.0 18.0 -4.0
16.0 8.0 16.0 92.0 14.0 -4.0
16.0 10.0 20.0 86.0 14.0 -8.0
20.0 10.0 20.0 92.0 16.0 -4.0
18.0 10.0 18.0 96.0 16.0 -4.0
18.0 12.0 18.0 96.0 16.0 -4.0
16.0 14.0 14.0 98.0 14.0 -4.0
16.0 14.0 14.0 96.0 10.0 -4.0
16.0 8.0 14.0 92.0 6.0 -2.0
22.0 8.0 14.0 92.0 6.0 -6.0
24.0 16.0 14.0 86.0 10.0 -6.0
24.0 16.0 14.0 86.0 16.0 -6.0
24.0 14.0 10.0 88.0 10.0 -4.0
18.0 12.0 20.0 88.0 16.0 -4.0
18.0 12.0 18.0 88.0 8.0 -6.0
16.0 10.0 18.0 88.0 18.0 -6.0
12.0 10.0 4.0 76.0 12.0 -6.0
14.0 6.0 4.0 86.0 12.0 -8.0
12.0 6.0 18.0 86.0 10.0 -8.0
12.0 10.0 22.0 88.0 10.0 -2.0
12.0 16.0 22.0 88.0 10.0 -2.0
22.0 10.0 10.0 90.0 10.0 -6.0
22.0 8.0 10.0 92.0 10.0 -6.0
18.0 8.0 10.0 92.0 10.0 -6.0
14.0 4.0 14.0 92.0 6.0 -6.0
14.0 10.0 12.0 90.0 6.0 -6.0
14.0 0.0 14.0 84.0 10.0 -6.0
16.0 4.0 12.0 88.0 10.0 -8.0
16.0 2.0 12.0 86.0 6.0 -10.0
16.0 4.0 12.0 88.0 4.0 -10.0
14.0 12.0 12.0 86.0 4.0 -2.0
14.0 12.0 12.0 88.0 4.0 -2.0
14.0 8.0 12.0 86.0 6.0 -4.0
12.0 8.0 20.0 84.0 4.0 -4.0
12.0 12.0 20.0 74.0 6.0 -2.0
10.0 14.0 14.0 76.0 10.0 -2.0
10.0 14.0 12.0 76.0 10.0 -4.0
6.0 6.0 12.0 90.0 8.0 -4.0
10.0 4.0 16.0 92.0 6.0 -8.0
10.0 6.0 20.0 92.0 8.0 -8.0
16.0 8.0 18.0 76.0 6.0 -8.0
16.0 8.0 18.0 76.0 6.0 -6.0
16.0 8.0 8.0 74.0 6.0 -6.0
16.0 10.0 8.0 74.0 8.0 -6.0
18.0 10.0 16.0 74.0 10.0 -4.0
12.0 4.0 18.0 88.0 14.0 -2.0
12.0 4.0 16.0 88.0 14.0 -2.0
12.0 4.0 12.0 88.0 8.0 -2.0
12.0 14.0 12.0 74.0 8.0 -6.0
18.0 12.0 16.0 74.0 8.0 -6.0
18.0 12.0 16.0 74.0 8.0 -8.0
16.0 4.0 14.0 76.0 14.0 -4.0
16.0 4.0 12.0 76.0 8.0 -8.0
16.0 6.0 10.0 84.0 6.0 0.0
16.0 10.0 10.0 84.0 6.0 -2.0
16.0 6.0 10.0 76.0 6.0 -2.0
8.0 10.0 14.0 74.0 6.0 -2.0
8.0 0.0 14.0 74.0 2.0 -6.0
12.0 8.0 14.0 88.0 6.0 -6.0
16.0 0.0 14.0 88.0 8.0 -4.0
