# Target: fist
# Dominant_Vision: Open Hand
-2.0 0.0 0.0 0.0 0.0 0.0
-2.0 0.0 0.0 -4.0 4.0 0.0
-2.0 -6.0 -8.0 -16.0 4.0 4.0
-2.0 -6.0 -8.0 -4.0 -2.0 4.0
-2.0 -6.0 -6.0 -4.0 -6.0 0.0
6.0 -4.0 -6.0 -2.0 -6.0 0.0
6.0 -4.0 -6.0 -4.0 -6.0 6.0
6.0 -2.0 -8.0 -2.0 -6.0 12.0
0.0 2.0 -8.0 -4.0 0.0 12.0
0.0 -2.0 -8.0 -4.0 0.0 10.0
0.0 -2.0 -8.0 -16.0 -2.0 10.0
2.0 -2.0 -8.0 -16.0 -4.0 10.0
2.0 -4.0 -2.0 -16.0 -4.0 10.0
-2.0 0.0 -8.0 -14.0 -4.0 18.0
-2.0 2.0 -4.0 -18.0 -6.0 8.0
-2.0 2.0 -8.0 -14.0 -2.0 10.0
-2.0 0.0 -8.0 -4.0 -10.0 10.0
4.0 -2.0 -8.0 -4.0 0.0 14.0
0.0 -10.0 -8.0 -4.0 -2.0 14.0
4.0 -6.0 -8.0 -4.0 0.0 6.0
0.0 -6.0 -8.0 -4.0 -2.0 6.0
4.0 -6.0 -8.0 -14.0 2.0 6.0
-2.0 -8.0 -8.0 4.0 -2.0 4.0
2.0 -8.0 -8.0 2.0 4.0 4.0
2.0 -8.0 -4.0 2.0 4.0 4.0
14.0 0.0 -4.0 2.0 4.0 8.0
16.0 0.0 -4.0 2.0 4.0 8.0
42.0 0.0 -8.0 18.0 4.0 10.0
52.0 0.0 -10.0 32.0 14.0 10.0
70.0 0.0 -8.0 32.0 18.0 10.0
88.0 6.0 -6.0 42.0 20.0 10.0
100.0 0.0 -4.0 46.0 22.0 14.0
100.0 0.0 0.0 54.0 26.0 16.0
100.0 0.0 12.0 80.0 30.0 20.0
100.0 12.0 12.0 100.0 40.0 20.0
100.0 14.0 22.0 100.0 50.0 20.0
100.0 22.0 22.0 100.0 68.0 18.0
100.0 14.0 32.0 100.0 88.0 10.0
100.0 22.0 38.0 100.0 92.0 18.0
100.0 28.0 40.0 100.0 100.0 26.0
100.0 40.0 52.0 100.0 100.0 26.0
100.0 44.0 62.0 100.0 100.0 16.0
100.0 44.0 70.0 100.0 100.0 16.0
100.0 44.0 80.0 100.0 100.0 16.0
100.0 48.0 90.0 100.0 100.0 22.0
100.0 48.0 100.0 100.0 100.0 26.0
100.0 48.0 100.0 100.0 100.0 28.0
100.0 46.0 100.0 100.0 100.0 28.0
100.0 50.0 100.0 100.0 100.0 28.0
100.0 46.0 100.0 100.0 100.0 28.0
100.0 38.0 100.0 100.0 100.0 28.0
100.0 38.0 100.0 100.0 100.0 26.0
100.0 42.0 100.0 100.0 100.0 26.0
100.0 46.0 100.0 100.0 100.0 26.0
100.0 46.0 100.0 100.0 100.0 26.0
100.0 46.0 100.0 100.0 100.0 26.0
100.0 46.0 100.0 100.0 100.0 24.0
100.0 46.0 100.0 100.0 100.0 24.0
100.0 44.0 100.0 100.0 100.0 24.0
100.0 44.0 100.0 100.0 100.0 26.0
100.0 44.0 100.0 100.0 100.0 26.0
100.0 40.0 100.0 100.0 100.0 26.0
100.0 34.0 100.0 100.0 100.0 26.0
100.0 34.0 100.0 100.0 100.0 26.0
100.0 38.0 100.0 100.0 100.0 28.0
100.0 38.0 100.0 100.0 100.0 28.0
100.0 40.0 100.0 100.0 100.0 32.0
100.0 44.0 100.0 100.0 100.0 32.0
100.0 44.0 100.0 100.0 100.0 32.0
100.0 40.0 100.0 100.0 100.0 34.0
100.0 36.0 100.0 100.0 100.0 30.0
100.0 40.0 100.0 100.0 100.0 34.0
100.0 40.0 100.0 100.0 100.0 32.0
100.0 40.0 100.0 100.0 100.0 32.0
100.0 38.0 100.0 100.0 100.0 32.0
100.0 38.0 100.0 100.0 100.0 22.0
100.0 50.0 100.0 100.0 100.0 28.0
100.0 50.0 100.0 100.0 100.0 28.0
100.0 36.0 100.0 100.0 100.0 28.0
100.0 36.0 100.0 100.0 100.0 28.0
100.0 34.0 100.0 100.0 100.0 28.0
100.0 34.0 100.0 100.0 100.0 28.0
100.0 34.0 100.0 100.0 100.0 28.0
100.0 36.0 100.0 100.0 100.0 22.0
100.0 36.0 100.0 100.0 100.0 20.0
100.0 36.0 100.0 100.0 100.0 20.0
100.0 36.0 100.0 100.0 100.0 18.0
100.0 32.0 100.0 100.0 100.0 18.0
100.0 32.0 100.0 100.0 100.0 20.0
100.0 32.0 100.0 100.0 100.0 20.0
100.0 32.0 100.0 100.0 100.0 12.0
100.0 30.0 100.0 100.0 100.0 6.0
100.0 30.0 100.0 100.0 100.0 2.0
100.0 28.0 100.0 100.0 100.0 2.0
100.0 22.0 100.0 100.0 100.0 2.0
100.0 18.0 100.0 100.0 100.0 4.0
100.0 18.0 100.0 100.0 100.0 4.0
100.0 10.0 100.0 100.0 100.0 0.0
100.0 10.0 100.0 100.0 100.0 0.0
100.0 10.0 100.0 100.0 100.0 -4.0
100.0 8.0 96.0 100.0 100.0 -4.0
100.0 2.0 84.0 100.0 100.0 -4.0
100.0 2.0 66.0 100.0 100.0 0.0
100.0 6.0 62.0 100.0 100.0 6.0
100.0 6.0 42.0 100.0 100.0 6.0
100.0 -2.0 40.0 100.0 100.0 6.0
100.0 -2.0 20.0 100.0 82.0 2.0
100.0 -2.0 20.0 100.0 62.0 2.0
100.0 -2.0 16.0 100.0 54.0 2.0
96.0 2.0 8.0 100.0 46.0 2.0
86.0 -6.0 2.0 100.0 42.0 2.0
84.0 2.0 6.0 100.0 42.0 2.0
70.0 2.0 2.0 100.0 28.0 0.0
62.0 2.0 2.0 100.0 28.0 0.0
54.0 2.0 0.0 100.0 32.0 -4.0
54.0 -2.0 -4.0 100.0 32.0 -4.0
54.0 -2.0 0.0 96.0 22.0 6.0
38.0 -2.0 0.0 92.0 20.0 6.0
38.0 -10.0 0.0 90.0 20.0 6.0
38.0 -2.0 -4.0 76.0 20.0 4.0
38.0 -4.0 -4.0 76.0 24.0 4.0
38.0 -2.0 -4.0 76.0 26.0 0.0
36.0 -2.0 -6.0 76.0 26.0 0.0
36.0 -2.0 -6.0 78.0 22.0 2.0
36.0 -2.0 -4.0 78.0 14.0 2.0
36.0 -2.0 -4.0 70.0 14.0 2.0
32.0 -2.0 -2.0 68.0 12.0 2.0
32.0 -2.0 -6.0 68.0 12.0 6.0
32.0 -2.0 -2.0 66.0 8.0 8.0
32.0 -2.0 -4.0 66.0 8.0 10.0
32.0 0.0 -2.0 66.0 10.0 8.0
30.0 2.0 -4.0 48.0 10.0 10.0
30.0 2.0 -8.0 46.0 10.0 4.0
30.0 -2.0 -10.0 42.0 12.0 4.0
30.0 -4.0 -10.0 42.0 12.0 4.0
28.0 -4.0 -10.0 42.0 12.0 4.0
28.0 -4.0 -8.0 44.0 10.0 4.0
28.0 -4.0 -8.0 42.0 12.0 2.0
20.0 -4.0 -8.0 44.0 10.0 2.0
18.0 -8.0 -12.0 40.0 6.0 2.0
10.0 -10.0 -12.0 48.0 6.0 2.0
10.0 -8.0 -16.0 40.0 10.0 2.0
14.0 4.0 -12.0 38.0 10.0 4.0
18.0 4.0 -12.0 38.0 10.0 0.0
18.0 -6.0 -10.0 40.0 10.0 -2.0
14.0 -6.0 -10.0 40.0 10.0 -2.0
10.0 0.0 -10.0 40.0 4.0 0.0
14.0 0.0 -12.0 36.0 4.0 4.0
10.0 -2.0 -12.0 34.0 10.0 4.0
14.0 -2.0 -6.0 34.0 10.0 4.0
10.0 -2.0 -6.0 34.0 4.0 2.0
14.0 0.0 -6.0 34.0 -2.0 2.0
10.0 0.0 -6.0 40.0 4.0 2.0
10.0 0.0 -6.0 40.0 8.0 -6.0
6.0 0.0 -8.0 40.0 8.0 2.0
10.0 0.0 -10.0 36.0 6.0 0.0
12.0 0.0 -12.0 36.0 4.0 0.0
12.0 0.0 -12.0 32.0 6.0 0.0
8.0 -8.0 -12.0 32.0 8.0 0.0
8.0 -2.0 -12.0 32.0 8.0 -2.0
8.0 -6.0 -12.0 32.0 4.0 -2.0
6.0 -4.0 -12.0 36.0 0.0 2.0
6.0 -4.0 -12.0 36.0 4.0 2.0
6.0 -4.0 -12.0 32.0 0.0 2.0
8.0 -4.0 -12.0 30.0 2.0 -2.0
8.0 -4.0 -14.0 32.0 0.0 -2.0
8.0 -2.0 -18.0 30.0 2.0 2.0
8.0 -2.0 -14.0 36.0 2.0 10.0
12.0 -2.0 -10.0 32.0 2.0 10.0
12.0 -6.0 -8.0 32.0 2.0 8.0
16.0 -10.0 -8.0 28.0 -2.0 4.0
12.0 -12.0 -12.0 26.0 -4.0 8.0
12.0 -12.0 -12.0 26.0 -4.0 8.0
8.0 -2.0 -12.0 16.0 2.0 8.0
2.0 -2.0 -12.0 16.0 2.0 6.0
8.0 -4.0 -6.0 18.0 -2.0 -2.0
4.0 -4.0 -4.0 18.0 -2.0 -2.0
4.0 -6.0 -4.0 18.0 0.0 8.0
4.0 -12.0 -14.0 16.0 6.0 8.0
0.0 -6.0 -14.0 14.0 6.0 6.0
-2.0 -12.0 -10.0 10.0 2.0 6.0
-2.0 -2.0 -10.0 14.0 -4.0 6.0
6.0 -10.0 -10.0 10.0 -6.0 0.0
12.0 -4.0 -18.0 4.0 -6.0 0.0
6.0 -10.0 -20.0 4.0 4.0 2.0
2.0 -10.0 -20.0 6.0 4.0 2.0
2.0 -10.0 -14.0 6.0 2.0 6.0
4.0 -8.0 -10.0 10.0 -2.0 6.0
8.0 -8.0 -8.0 6.0 2.0 6.0
8.0 -8.0 -8.0 12.0 0.0 6.0
8.0 -8.0 -8.0 12.0 0.0 4.0
6.0 -8.0 -12.0 12.0 0.0 4.0
4.0 -8.0 -16.0 6.0 0.0 4.0
4.0 -6.0 -18.0 6.0 0.0 2.0
8.0 -6.0 -18.0 4.0 0.0 6.0
8.0 -2.0 -20.0 8.0 2.0 6.0
8.0 0.0 -18.0 10.0 2.0 6.0
4.0 -2.0 -16.0 10.0 4.0 6.0
-2.0 0.0 -12.0 10.0 4.0 6.0
-10.0 -6.0 -10.0 8.0 4.0 0.0
-12.0 -4.0 -12.0 4.0 6.0 0.0
-12.0 -6.0 -12.0 4.0 0.0 0.0
-12.0 -4.0 -12.0 8.0 2.0 0.0
-12.0 -4.0 -12.0 8.0 0.0 0.0
-10.0 -2.0 -12.0 6.0 2.0 2.0
-8.0 -2.0 -12.0 0.0 0.0 2.0
-10.0 -8.0 -12.0 4.0 0.0 4.0
-8.0 -8.0 -14.0 4.0 0.0 8.0
-10.0 -6.0 -14.0 4.0 0.0 8.0
-10.0 -6.0 -6.0 10.0 0.0 4.0
-10.0 -8.0 -6.0 10.0 0.0 -4.0
-6.0 -8.0 -6.0 14.0 0.0 -4.0
-6.0 -8.0 -14.0 14.0 2.0 -2.0
-8.0 -4.0 -18.0 10.0 4.0 -2.0
-10.0 -4.0 -18.0 10.0 2.0 8.0
-10.0 -4.0 -18.0 6.0 0.0 8.0
-8.0 -4.0 -16.0 6.0 0.0 8.0
-4.0 0.0 -14.0 6.0 6.0 4.0
-4.0 0.0 -10.0 12.0 6.0 2.0
-4.0 0.0 -10.0 12.0 4.0 2.0
-4.0 0.0 -12.0 4.0 4.0 2.0
-10.0 -10.0 -12.0 -2.0 6.0 2.0
-4.0 -4.0 -14.0 -2.0 6.0 6.0
-6.0 -4.0 -12.0 2.0 6.0 6.0
-4.0 -4.0 -14.0 6.0 8.0 4.0
-4.0 -4.0 -14.0 2.0 8.0 4.0
-4.0 -4.0 -14.0 6.0 4.0 6.0
-4.0 -2.0 -14.0 6.0 0.0 8.0
-12.0 -2.0 -12.0 8.0 4.0 8.0
