# Target: fist
# Dominant_Vision: Open Hand
-10.0 -12.0 -4.0 -4.0 -2.0 -10.0
-6.0 -6.0 0.0 -4.0 -4.0 -10.0
-8.0 -6.0 -2.0 -4.0 -12.0 -14.0
-6.0 -4.0 -2.0 -4.0 -12.0 -14.0
-4.0 -4.0 -12.0 -4.0 -8.0 -8.0
-2.0 -12.0 -12.0 -4.0 -8.0 -8.0
0.0 -14.0 -10.0 -8.0 -8.0 -12.0
-2.0 -14.0 -6.0 -8.0 -4.0 -14.0
0.0 -12.0 -6.0 -8.0 -4.0 -12.0
-4.0 -12.0 -6.0 -8.0 -10.0 -14.0
-4.0 -14.0 -6.0 -10.0 -10.0 -8.0
-12.0 -14.0 -6.0 -10.0 -10.0 -8.0
-12.0 -12.0 -6.0 -10.0 -10.0 -8.0
-6.0 -12.0 -6.0 -10.0 -4.0 -6.0
-2.0 -12.0 -10.0 -10.0 -8.0 -8.0
-2.0 -14.0 -10.0 -6.0 -8.0 -10.0
-8.0 -14.0 -10.0 -8.0 -8.0 -10.0
-8.0 -10.0 -8.0 -8.0 -16.0 -6.0
-8.0 -10.0 -6.0 -10.0 -6.0 -6.0
0.0 -10.0 -6.0 -10.0 -8.0 -10.0
-6.0 -12.0 -6.0 -8.0 -6.0 -10.0
-6.0 -12.0 -6.0 -6.0 -8.0 -4.0
-6.0 -10.0 -6.0 -8.0 -6.0 -4.0
-10.0 -10.0 -6.0 -8.0 -12.0 -4.0
-4.0 -16.0 -6.0 -10.0 0.0 -8.0
-2.0 -16.0 -6.0 -16.0 -6.0 -10.0
-2.0 -16.0 -8.0 -16.0 -6.0 -10.0
0.0 -14.0 -14.0 -16.0 -6.0 -8.0
-2.0 -6.0 -14.0 -16.0 -6.0 -8.0
0.0 -6.0 -6.0 -6.0 -6.0 -14.0
-8.0 -14.0 -6.0 -4.0 -6.0 -14.0
-4.0 -14.0 -6.0 -4.0 -4.0 -6.0
-6.0 -12.0 -6.0 -4.0 -4.0 -6.0
-4.0 -12.0 -6.0 0.0 -6.0 -6.0
-4.0 -14.0 -2.0 -2.0 -6.0 -6.0
0.0 -14.0 -2.0 -2.0 -6.0 -6.0
0.0 -10.0 -4.0 -2.0 -6.0 -6.0
-2.0 -10.0 -4.0 -8.0 -6.0 -6.0
-4.0 -8.0 -10.0 -8.0 -6.0 -6.0
-4.0 -12.0 -10.0 -2.0 -2.0 -6.0
2.0 -12.0 0.0 -2.0 -2.0 -8.0
6.0 -12.0 0.0 -2.0 0.0 -8.0
6.0 -4.0 -2.0 2.0 -2.0 -14.0
18.0 -4.0 -4.0 8.0 6.0 -8.0
20.0 -10.0 -4.0 8.0 4.0 -8.0
20.0 -10.0 0.0 14.0 6.0 -8.0
20.0 -10.0 0.0 20.0 4.0 -4.0
20.0 -8.0 -4.0 20.0 4.0 -8.0
28.0 -16.0 -4.0 14.0 4.0 -2.0
30.0 -8.0 -4.0 14.0 14.0 -4.0
66.0 -10.0 0.0 38.0 18.0 -4.0
72.0 -8.0 2.0 42.0 20.0 -4.0
72.0 -10.0 8.0 62.0 28.0 -4.0
92.0 -8.0 4.0 70.0 34.0 0.0
100.0 -8.0 10.0 80.0 46.0 2.0
100.0 -8.0 16.0 100.0 56.0 2.0
100.0 -2.0 32.0 100.0 76.0 2.0
100.0 -2.0 36.0 100.0 86.0 2.0
100.0 -2.0 42.0 100.0 92.0 4.0
100.0 -2.0 70.0 100.0 100.0 8.0
100.0 6.0 72.0 100.0 100.0 8.0
100.0 8.0 84.0 100.0 100.0 8.0
100.0 10.0 92.0 100.0 100.0 12.0
100.0 10.0 100.0 100.0 100.0 12.0
100.0 14.0 100.0 100.0 100.0 12.0
100.0 18.0 100.0 100.0 100.0 12.0
100.0 20.0 100.0 100.0 100.0 12.0
100.0 20.0 100.0 100.0 100.0 16.0
100.0 20.0 100.0 100.0 100.0 16.0
100.0 22.0 100.0 100.0 100.0 18.0
100.0 22.0 100.0 100.0 100.0 18.0
100.0 32.0 100.0 100.0 100.0 18.0
100.0 26.0 100.0 100.0 100.0 16.0
100.0 32.0 100.0 100.0 100.0 16.0
100.0 32.0 100.0 100.0 100.0 16.0
100.0 32.0 100.0 100.0 100.0 14.0
100.0 36.0 100.0 100.0 100.0 14.0
100.0 32.0 100.0 100.0 100.0 16.0
100.0 36.0 100.0 100.0 100.0 18.0
100.0 36.0 100.0 100.0 100.0 18.0
100.0 40.0 100.0 100.0 100.0 18.0
100.0 44.0 100.0 100.0 100.0 20.0
100.0 46.0 100.0 100.0 100.0 20.0
100.0 46.0 100.0 100.0 100.0 26.0
100.0 46.0 100.0 100.0 100.0 28.0
100.0 50.0 100.0 100.0 100.0 28.0
100.0 50.0 100.0 100.0 100.0 22.0
100.0 50.0 100.0 100.0 100.0 18.0
100.0 46.0 100.0 100.0 100.0 18.0
100.0 50.0 100.0 100.0 100.0 16.0
100.0 50.0 100.0 100.0 100.0 18.0
100.0 50.0 100.0 100.0 100.0 22.0
100.0 44.0 100.0 100.0 100.0 22.0
100.0 38.0 100.0 100.0 100.0 16.0
100.0 38.0 100.0 100.0 100.0 12.0
100.0 38.0 100.0 100.0 100.0 12.0
100.0 42.0 100.0 100.0 100.0 12.0
100.0 40.0 100.0 100.0 100.0 8.0
100.0 40.0 100.0 100.0 100.0 8.0
100.0 38.0 100.0 100.0 100.0 4.0
100.0 34.0 100.0 100.0 100.0 2.0
100.0 30.0 100.0 100.0 100.0 4.0
100.0 28.0 100.0 100.0 100.0 4.0
100.0 22.0 100.0 100.0 100.0 4.0
100.0 20.0 100.0 100.0 100.0 4.0
100.0 14.0 100.0 100.0 100.0 -4.0
100.0 10.0 100.0 100.0 100.0 -6.0
100.0 10.0 100.0 100.0 100.0 -8.0
100.0 10.0 100.0 100.0 100.0 -8.0
100.0 10.0 100.0 100.0 100.0 -8.0
100.0 6.0 100.0 100.0 100.0 -10.0
100.0 2.0 100.0 100.0 100.0 -10.0
100.0 2.0 100.0 100.0 100.0 -10.0
100.0 0.0 100.0 100.0 100.0 -10.0
100.0 -6.0 92.0 100.0 100.0 -20.0
100.0 -6.0 76.0 100.0 86.0 -20.0
100.0 -12.0 70.0 100.0 66.0 -14.0
100.0 -12.0 56.0 100.0 64.0 -10.0
100.0 -12.0 56.0 100.0 46.0 -14.0
90.0 -12.0 46.0 100.0 32.0 -16.0
86.0 -12.0 38.0 100.0 28.0 -16.0
72.0 -8.0 28.0 92.0 20.0 -14.0
68.0 -8.0 18.0 88.0 14.0 -8.0
66.0 -10.0 22.0 74.0 14.0 -6.0
66.0 -10.0 18.0 62.0 14.0 -6.0
60.0 -8.0 18.0 60.0 14.0 -6.0
58.0 -8.0 12.0 60.0 12.0 -12.0
30.0 -8.0 10.0 62.0 12.0 -12.0
28.0 -10.0 10.0 62.0 14.0 -12.0
20.0 -14.0 12.0 62.0 14.0 -10.0
8.0 -14.0 12.0 58.0 4.0 -10.0
6.0 -14.0 8.0 58.0 0.0 -12.0
6.0 -14.0 6.0 58.0 -2.0 -12.0
0.0 -14.0 2.0 22.0 -2.0 -12.0
-2.0 -14.0 -2.0 16.0 -2.0 -10.0
-2.0 -16.0 0.0 16.0 2.0 -10.0
-4.0 -16.0 0.0 14.0 -4.0 -10.0
-4.0 -16.0 4.0 14.0 -4.0 -12.0
-6.0 -14.0 4.0 14.0 -4.0 -14.0
-6.0 -14.0 4.0 10.0 -4.0 -12.0
-6.0 -10.0 4.0 8.0 -4.0 -16.0
-6.0 -10.0 4.0 8.0 -6.0 -12.0
-6.0 -10.0 4.0 18.0 -6.0 -12.0
-6.0 -12.0 -2.0 18.0 -6.0 -12.0
0.0 -16.0 -2.0 18.0 -8.0 -12.0
0.0 -12.0 -4.0 16.0 -8.0 -12.0
0.0 -12.0 -2.0 14.0 -4.0 -16.0
-8.0 -12.0 -4.0 12.0 -2.0 -16.0
-8.0 -14.0 -2.0 12.0 -4.0 -12.0
-4.0 -16.0 -2.0 6.0 -8.0 -12.0
-4.0 -18.0 -2.0 6.0 -8.0 -12.0
-2.0 -16.0 -6.0 6.0 2.0 -14.0
2.0 -20.0 -6.0 4.0 2.0 -8.0
2.0 -14.0 -8.0 4.0 0.0 -18.0
-2.0 -8.0 -8.0 10.0 -6.0 -8.0
-6.0 -8.0 -8.0 10.0 -4.0 -18.0
-6.0 -8.0 -8.0 4.0 -4.0 -8.0
-6.0 -8.0 -6.0 4.0 -4.0 -16.0
-4.0 -8.0 -2.0 4.0 -4.0 -8.0
-4.0 -10.0 -6.0 10.0 -4.0 -8.0
-4.0 -12.0 -2.0 10.0 -8.0 -8.0
-4.0 -12.0 -6.0 10.0 -10.0 -8.0
-2.0 -12.0 -2.0 2.0 -10.0 -6.0
-6.0 -12.0 -6.0 2.0 -4.0 -6.0
2.0 -12.0 -2.0 6.0 -4.0 -6.0
-6.0 -14.0 -2.0 6.0 -6.0 -6.0
0.0 -6.0 -2.0 6.0 -6.0 -12.0
0.0 -10.0 0.0 6.0 -4.0 -10.0
0.0 -4.0 -4.0 6.0 -4.0 -10.0
-12.0 -10.0 0.0 2.0 -10.0 -10.0
-12.0 -4.0 -4.0 2.0 -10.0 -10.0
-6.0 -14.0 -6.0 4.0 -8.0 -12.0
-4.0 -6.0 -10.0 4.0 -8.0 -12.0
-4.0 -14.0 -6.0 10.0 -8.0 -12.0
-8.0 -14.0 -6.0 10.0 -4.0 -12.0
-8.0 -14.0 -6.0 2.0 -4.0 -12.0
-8.0 -14.0 -6.0 2.0 -8.0 -10.0
-4.0 -6.0 -4.0 4.0 -8.0 -10.0
-2.0 -6.0 -4.0 4.0 -14.0 -12.0
-2.0 -6.0 -4.0 4.0 -12.0 -12.0
-2.0 -6.0 -2.0 -4.0 -12.0 -12.0
-10.0 -10.0 -2.0 -4.0 -8.0 -14.0
-10.0 -10.0 -6.0 0.0 -8.0 -14.0
-6.0 -10.0 -8.0 0.0 -10.0 -14.0
-6.0 -10.0 -10.0 6.0 -10.0 -14.0
-6.0 -10.0 -10.0 4.0 -8.0 -14.0
-8.0 -10.0 -2.0 6.0 -4.0 -14.0
2.0 -10.0 -2.0 4.0 -8.0 -14.0
-6.0 -10.0 -4.0 4.0 -10.0 -14.0
-6.0 -10.0 -6.0 4.0 -10.0 -16.0
-6.0 -16.0 -6.0 4.0 -14.0 -16.0
-4.0 -16.0 -2.0 4.0 -12.0 -12.0
-4.0 -12.0 2.0 4.0 -12.0 -12.0
-4.0 -12.0 2.0 4.0 -12.0 -12.0
-6.0 -12.0 -6.0 4.0 -10.0 -12.0
-6.0 -16.0 -12.0 4.0 -10.0 -12.0
-10.0 -12.0 -14.0 4.0 -10.0 -12.0
-2.0 -16.0 -12.0 4.0 -12.0 -12.0
-6.0 -12.0 -16.0 4.0 -12.0 -20.0
-2.0 -12.0 -4.0 2.0 -10.0 -12.0
2.0 -12.0 -6.0 -4.0 -8.0 -12.0
2.0 -12.0 -6.0 2.0 -6.0 -10.0
-8.0 -12.0 -6.0 2.0 -6.0 -10.0
-10.0 -12.0 -6.0 2.0 -8.0 -10.0
-8.0 -6.0 -6.0 2.0 -14.0 -12.0
-8.0 -12.0 -6.0 0.0 -14.0 -14.0
-6.0 -8.0 -6.0 -4.0 -14.0 -14.0
-6.0 -14.0 -6.0 -8.0 -14.0 -14.0
-6.0 -8.0 -6.0 -8.0 -14.0 -12.0
-8.0 -8.0 -14.0 -8.0 -14.0 -12.0
-14.0 -8.0 -12.0 -8.0 -14.0 -12.0
-14.0 -20.0 -12.0 -8.0 -14.0 -12.0
-12.0 -20.0 -4.0 -4.0 -14.0 -12.0
-6.0 -18.0 -4.0 -4.0 -14.0 -14.0
-12.0 -12.0 -12.0 -4.0 -10.0 -16.0
-12.0 -12.0 -12.0 0.0 -10.0 -16.0
-12.0 -10.0 -12.0 0.0 -10.0 -18.0
-12.0 -12.0 -10.0 -6.0 -10.0 -18.0
-8.0 -18.0 -10.0 -14.0 -14.0 -10.0
-8.0 -18.0 -10.0 -16.0 -14.0 -8.0
-8.0 -12.0 -10.0 -14.0 -8.0 -10.0
4.0 -10.0 -4.0 -12.0 -8.0 -10.0
-8.0 -10.0 -4.0 -12.0 -8.0 -10.0
-6.0 -10.0 -4.0 -6.0 -10.0 -10.0
-6.0 -12.0 -6.0 -6.0 -8.0 -4.0
-6.0 -12.0 -6.0 -16.0 -8.0 -12.0
-4.0 -12.0 -4.0 -16.0 -8.0 -14.0
-6.0 -10.0 -4.0 -16.0 -6.0 -16.0
-8.0 -10.0 -4.0 -12.0 -10.0 -16.0
