# Target: wrist_down
# Dominant_Vision: Open Hand
-2.0 0.0 0.0 0.0 0.0 0.0
0.0 0.0 0.0 0.0 0.0 0.0
0.0 0.0 0.0 0.0 -2.0 0.0
0.0 -4.0 0.0 -6.0 2.0 -4.0
0.0 2.0 6.0 -6.0 2.0 0.0
-4.0 -4.0 10.0 -8.0 4.0 0.0
-4.0 2.0 8.0 -8.0 4.0 0.0
-6.0 -32.0 8.0 0.0 2.0 0.0
-6.0 2.0 2.0 0.0 2.0 -8.0
-4.0 6.0 -2.0 0.0 2.0 -6.0
-4.0 8.0 -2.0 0.0 2.0 -6.0
-6.0 8.0 -2.0 0.0 6.0 0.0
-6.0 8.0 -2.0 0.0 0.0 6.0
-6.0 4.0 -2.0 0.0 0.0 6.0
-4.0 4.0 0.0 -2.0 0.0 4.0
-8.0 8.0 4.0 -2.0 0.0 2.0
-2.0 8.0 4.0 -2.0 2.0 2.0
-2.0 8.0 4.0 -42.0 0.0 2.0
-2.0 -24.0 2.0 -36.0 2.0 4.0
-2.0 -24.0 6.0 -36.0 0.0 4.0
-2.0 4.0 6.0 -10.0 0.0 4.0
-2.0 4.0 6.0 8.0 0.0 -2.0
-4.0 4.0 6.0 -2.0 4.0 0.0
-4.0 4.0 -4.0 2.0 4.0 -2.0
-4.0 6.0 2.0 2.0 2.0 -2.0
-6.0 8.0 -2.0 2.0 2.0 -2.0
-6.0 14.0 0.0 6.0 2.0 6.0
-10.0 22.0 0.0 12.0 4.0 6.0
-6.0 14.0 0.0 16.0 4.0 2.0
18.0 12.0 6.0 44.0 6.0 2.0
52.0 6.0 -6.0 66.0 6.0 2.0
58.0 6.0 6.0 88.0 18.0 4.0
56.0 16.0 6.0 100.0 28.0 6.0
58.0 16.0 10.0 100.0 30.0 10.0
60.0 16.0 10.0 100.0 40.0 10.0
62.0 12.0 10.0 100.0 62.0 12.0
60.0 6.0 20.0 100.0 62.0 12.0
70.0 6.0 34.0 100.0 92.0 12.0
100.0 6.0 40.0 100.0 100.0 20.0
100.0 18.0 42.0 100.0 100.0 20.0
100.0 18.0 52.0 100.0 100.0 24.0
100.0 18.0 64.0 100.0 100.0 14.0
100.0 24.0 72.0 100.0 100.0 24.0
100.0 26.0 86.0 100.0 100.0 28.0
100.0 26.0 94.0 100.0 100.0 28.0
100.0 30.0 96.0 100.0 100.0 30.0
100.0 32.0 96.0 100.0 100.0 30.0
100.0 42.0 96.0 100.0 100.0 30.0
100.0 38.0 100.0 100.0 100.0 26.0
100.0 44.0 100.0 100.0 100.0 24.0
100.0 38.0 100.0 100.0 100.0 16.0
100.0 32.0 100.0 100.0 100.0 16.0
100.0 32.0 92.0 100.0 100.0 24.0
100.0 32.0 92.0 100.0 100.0 24.0
100.0 28.0 92.0 100.0 100.0 18.0
100.0 28.0 86.0 100.0 100.0 18.0
100.0 28.0 84.0 100.0 100.0 16.0
100.0 18.0 86.0 100.0 100.0 14.0
100.0 18.0 84.0 100.0 100.0 14.0
100.0 18.0 88.0 100.0 100.0 14.0
100.0 16.0 84.0 100.0 100.0 6.0
100.0 14.0 70.0 100.0 100.0 6.0
100.0 14.0 68.0 100.0 96.0 6.0
100.0 6.0 62.0 100.0 86.0 6.0
100.0 2.0 54.0 100.0 70.0 4.0
100.0 2.0 26.0 100.0 38.0 2.0
100.0 2.0 24.0 100.0 36.0 0.0
100.0 2.0 18.0 100.0 22.0 -2.0
100.0 4.0 14.0 100.0 20.0 -10.0
100.0 6.0 8.0 70.0 18.0 -12.0
92.0 10.0 8.0 26.0 6.0 -12.0
48.0 14.0 8.0 12.0 -6.0 -10.0
48.0 14.0 8.0 12.0 -6.0 -10.0
46.0 14.0 8.0 12.0 -6.0 -2.0
42.0 16.0 6.0 2.0 -6.0 -10.0
6.0 16.0 -4.0 -10.0 -8.0 -10.0
-2.0 12.0 -6.0 -10.0 -6.0 -10.0
-10.0 10.0 -6.0 -10.0 -4.0 -8.0
-22.0 10.0 -6.0 -10.0 -4.0 -8.0
-44.0 10.0 -4.0 -10.0 -4.0 -6.0
-48.0 10.0 -4.0 -10.0 -4.0 -6.0
-48.0 10.0 -10.0 -8.0 -4.0 -6.0
-50.0 10.0 -10.0 -6.0 -4.0 -6.0
-48.0 8.0 -8.0 -6.0 -2.0 -6.0
-50.0 6.0 -8.0 -10.0 -10.0 -4.0
-52.0 0.0 -2.0 -18.0 -4.0 -6.0
-52.0 6.0 -2.0 -20.0 -4.0 -6.0
-42.0 8.0 -2.0 -22.0 -4.0 -6.0
-40.0 8.0 -2.0 -22.0 -4.0 -6.0
-40.0 4.0 -6.0 -14.0 -2.0 -16.0
-40.0 4.0 -10.0 -14.0 -6.0 -16.0
-48.0 14.0 -6.0 -14.0 -2.0 -6.0
-48.0 14.0 -4.0 -16.0 -6.0 -6.0
-44.0 8.0 -4.0 -10.0 -4.0 -6.0
-44.0 8.0 -8.0 -10.0 -8.0 -6.0
-48.0 0.0 -8.0 -10.0 -4.0 -10.0
-48.0 0.0 -2.0 -14.0 -4.0 -8.0
-42.0 0.0 -2.0 -16.0 -2.0 -8.0
-42.0 10.0 -4.0 -20.0 0.0 -8.0
-42.0 10.0 -4.0 -20.0 4.0 -8.0
-44.0 10.0 -4.0 -18.0 0.0 -12.0
-44.0 10.0 -2.0 -16.0 -6.0 -12.0
-48.0 10.0 -4.0 -18.0 -6.0 -12.0
-48.0 2.0 0.0 -18.0 4.0 -6.0
-48.0 2.0 -8.0 -20.0 4.0 -8.0
-48.0 4.0 -6.0 -20.0 -6.0 -8.0
-48.0 6.0 -6.0 -20.0 -6.0 -8.0
-42.0 6.0 -6.0 -12.0 0.0 -6.0
-42.0 6.0 -4.0 -12.0 0.0 -6.0
-36.0 6.0 -4.0 -12.0 -6.0 -6.0
-36.0 8.0 -4.0 -18.0 -6.0 -4.0
-36.0 10.0 -4.0 -20.0 -6.0 -4.0
-40.0 10.0 -4.0 -18.0 -4.0 0.0
-42.0 10.0 -6.0 -20.0 -4.0 -4.0
-42.0 2.0 -4.0 -16.0 -4.0 -4.0
-42.0 8.0 -4.0 -16.0 -2.0 -4.0
-42.0 6.0 -4.0 -14.0 -2.0 -2.0
-42.0 6.0 -4.0 -12.0 0.0 -2.0
-42.0 6.0 -4.0 -12.0 0.0 -8.0
-42.0 0.0 -4.0 -18.0 -2.0 -10.0
-40.0 4.0 -4.0 -18.0 -2.0 -8.0
-48.0 2.0 -4.0 -18.0 -6.0 -6.0
-48.0 4.0 -4.0 -16.0 -2.0 -6.0
-48.0 2.0 -4.0 -18.0 -4.0 -4.0
-48.0 4.0 -4.0 -18.0 2.0 -4.0
-48.0 4.0 -4.0 -18.0 0.0 -2.0
-42.0 4.0 -8.0 -18.0 2.0 -6.0
-44.0 2.0 -8.0 -26.0 2.0 -6.0
-36.0 2.0 -8.0 -26.0 2.0 -6.0
-44.0 6.0 -2.0 -26.0 0.0 -6.0
-36.0 10.0 -2.0 -20.0 0.0 -6.0
-40.0 10.0 0.0 -12.0 0.0 -6.0
-36.0 4.0 0.0 -12.0 0.0 0.0
-40.0 0.0 0.0 -10.0 -2.0 0.0
-44.0 4.0 -6.0 -10.0 -2.0 -4.0
-44.0 2.0 -2.0 -10.0 -2.0 -10.0
-40.0 4.0 -4.0 -10.0 0.0 -10.0
-40.0 2.0 -4.0 -10.0 0.0 -10.0
-40.0 4.0 -4.0 -10.0 0.0 -6.0
-38.0 4.0 -4.0 -10.0 0.0 -8.0
-38.0 4.0 -2.0 -12.0 0.0 -6.0
-40.0 4.0 -2.0 -26.0 -2.0 -6.0
-46.0 4.0 -12.0 -26.0 -4.0 -6.0
-46.0 4.0 -12.0 -26.0 -4.0 -8.0
-42.0 4.0 -12.0 -18.0 -4.0 -8.0
-42.0 4.0 -4.0 -22.0 -4.0 -12.0
-42.0 4.0 -4.0 -6.0 -4.0 -10.0
-44.0 6.0 -38.0 -22.0 -4.0 -10.0
-42.0 6.0 -38.0 -8.0 -2.0 -8.0
-42.0 6.0 -8.0 -12.0 -2.0 -6.0
-42.0 6.0 -6.0 -12.0 -4.0 -4.0
-50.0 6.0 -6.0 -18.0 -4.0 -4.0
-50.0 6.0 -6.0 -22.0 -2.0 -6.0
-48.0 4.0 -6.0 -18.0 -2.0 -12.0
-48.0 4.0 -6.0 -18.0 -8.0 -12.0
-48.0 4.0 -6.0 -18.0 -8.0 -6.0
-48.0 4.0 -6.0 -18.0 -4.0 -6.0
-54.0 8.0 -4.0 -20.0 -4.0 -6.0
-54.0 6.0 -4.0 -20.0 -4.0 -10.0
-46.0 6.0 0.0 -20.0 -4.0 -10.0
-42.0 6.0 -2.0 -20.0 2.0 -8.0
-46.0 8.0 -2.0 -20.0 -4.0 -8.0
-42.0 8.0 -2.0 -24.0 2.0 -10.0
-42.0 4.0 -8.0 -22.0 0.0 -10.0
-42.0 4.0 -12.0 -22.0 0.0 4.0
-42.0 2.0 -12.0 -20.0 -2.0 4.0
-46.0 8.0 0.0 -18.0 -2.0 -6.0
-46.0 8.0 0.0 -16.0 -4.0 -6.0
-46.0 8.0 2.0 -14.0 -4.0 -2.0
-48.0 4.0 -4.0 -16.0 -4.0 -2.0
-48.0 4.0 4.0 -14.0 0.0 -8.0
-48.0 8.0 -4.0 -14.0 0.0 -8.0
-48.0 8.0 -6.0 -14.0 0.0 2.0
-42.0 4.0 -6.0 -16.0 2.0 2.0
-46.0 4.0 -6.0 -18.0 4.0 -2.0
-46.0 2.0 -6.0 -16.0 2.0 -6.0
-46.0 4.0 -6.0 -14.0 -2.0 -6.0
-48.0 4.0 0.0 -12.0 -2.0 -6.0
-48.0 4.0 0.0 -14.0 -4.0 -2.0
-48.0 4.0 -10.0 -22.0 -2.0 -8.0
-54.0 4.0 -10.0 -22.0 -4.0 -8.0
-54.0 6.0 -14.0 -22.0 -4.0 -12.0
-54.0 8.0 -6.0 -22.0 -4.0 -12.0
-56.0 8.0 -6.0 -14.0 -4.0 -2.0
-56.0 -2.0 -2.0 -12.0 -4.0 -2.0
-56.0 -42.0 2.0 -12.0 -4.0 -2.0
-56.0 -42.0 -2.0 -12.0 -2.0 -10.0
-56.0 2.0 -8.0 -16.0 -2.0 -10.0
-50.0 2.0 -8.0 -18.0 -2.0 -8.0
-50.0 2.0 -8.0 -18.0 -2.0 -8.0
-50.0 0.0 -10.0 -18.0 -2.0 -8.0
-50.0 2.0 -10.0 -22.0 -2.0 -8.0
-52.0 -2.0 -6.0 -16.0 0.0 -10.0
-48.0 2.0 -4.0 -12.0 -6.0 -8.0
-48.0 0.0 -6.0 -12.0 -6.0 -6.0
-48.0 0.0 -6.0 -22.0 -6.0 2.0
-44.0 0.0 -6.0 -22.0 -6.0 2.0
-50.0 4.0 -10.0 -20.0 -6.0 -6.0
-44.0 4.0 -10.0 -20.0 -6.0 -10.0
-44.0 4.0 -10.0 -24.0 -6.0 -6.0
-44.0 2.0 -10.0 -24.0 -8.0 -12.0
-42.0 2.0 -4.0 -24.0 -8.0 -4.0
-52.0 2.0 -10.0 -22.0 0.0 -4.0
-48.0 2.0 -6.0 -24.0 0.0 0.0
-52.0 -2.0 -8.0 -24.0 0.0 0.0
-56.0 -2.0 -8.0 -24.0 0.0 -2.0
-56.0 4.0 -8.0 -24.0 0.0 -2.0
-56.0 4.0 -8.0 -22.0 0.0 -2.0
-50.0 2.0 -8.0 -20.0 0.0 -2.0
-48.0 2.0 -8.0 -20.0 -4.0 -2.0
-46.0 4.0 -8.0 -20.0 -4.0 -4.0
-46.0 4.0 -14.0 -24.0 -4.0 -6.0
-48.0 8.0 -14.0 -22.0 -4.0 -6.0
-48.0 0.0 -14.0 -24.0 -4.0 0.0
-58.0 6.0 -18.0 -22.0 -4.0 0.0
-50.0 2.0 -10.0 -26.0 -2.0 -4.0
-54.0 2.0 -10.0 -20.0 -2.0 -4.0
-50.0 -4.0 -10.0 -16.0 -2.0 -6.0
-54.0 -4.0 0.0 -16.0 -6.0 -4.0
-54.0 6.0 -8.0 -22.0 -6.0 -8.0
-54.0 6.0 -8.0 -22.0 0.0 -10.0
-54.0 6.0 -8.0 -22.0 0.0 -10.0
-52.0 6.0 -8.0 -24.0 0.0 -10.0
-50.0 8.0 -4.0 -24.0 -4.0 -12.0
-52.0 10.0 -4.0 -20.0 -4.0 -12.0
-54.0 10.0 -4.0 -16.0 -4.0 -12.0
-54.0 -2.0 -6.0 -16.0 -4.0 -8.0
-54.0 -2.0 -6.0 -26.0 -2.0 -10.0
-54.0 -2.0 -6.0 -26.0 -2.0 -10.0
