# Target: wrist_down
# Dominant_Vision: Open Hand
-6.0 4.0 4.0 0.0 4.0 0.0
0.0 4.0 4.0 0.0 2.0 0.0
-4.0 4.0 8.0 8.0 8.0 4.0
0.0 4.0 8.0 8.0 2.0 -2.0
0.0 2.0 14.0 2.0 -2.0 -2.0
0.0 4.0 4.0 2.0 -2.0 -4.0
6.0 2.0 0.0 8.0 2.0 -4.0
6.0 4.0 0.0 8.0 2.0 2.0
0.0 8.0 0.0 6.0 2.0 2.0
-4.0 8.0 8.0 6.0 2.0 2.0
0.0 8.0 8.0 8.0 2.0 0.0
-2.0 8.0 8.0 8.0 0.0 -2.0
-2.0 0.0 2.0 4.0 4.0 -4.0
-2.0 0.0 2.0 4.0 2.0 -4.0
-2.0 2.0 0.0 6.0 4.0 -4.0
0.0 4.0 0.0 6.0 2.0 -4.0
0.0 4.0 6.0 10.0 4.0 -2.0
0.0 -6.0 6.0 6.0 6.0 0.0
2.0 -6.0 10.0 10.0 6.0 0.0
-4.0 -2.0 10.0 6.0 4.0 0.0
-4.0 0.0 10.0 10.0 -2.0 -2.0
-4.0 -2.0 6.0 8.0 -2.0 -2.0
4.0 -2.0 4.0 8.0 4.0 -2.0
4.0 -2.0 4.0 6.0 4.0 -2.0
0.0 0.0 10.0 6.0 -2.0 -2.0
-6.0 0.0 12.0 6.0 -4.0 2.0
-6.0 2.0 12.0 2.0 -6.0 -8.0
-6.0 2.0 12.0 2.0 -6.0 -4.0
-4.0 2.0 2.0 2.0 8.0 -4.0
-4.0 2.0 0.0 10.0 10.0 -4.0
0.0 2.0 0.0 10.0 8.0 -2.0
0.0 0.0 0.0 30.0 -2.0 -2.0
0.0 0.0 4.0 30.0 -2.0 -2.0
-4.0 4.0 12.0 54.0 14.0 -2.0
-4.0 4.0 12.0 62.0 16.0 -2.0
10.0 8.0 10.0 84.0 18.0 2.0
22.0 6.0 10.0 96.0 26.0 6.0
32.0 8.0 14.0 100.0 30.0 6.0
58.0 22.0 20.0 100.0 56.0 10.0
68.0 22.0 22.0 100.0 64.0 10.0
84.0 30.0 30.0 100.0 88.0 12.0
94.0 36.0 46.0 100.0 94.0 14.0
100.0 36.0 50.0 100.0 100.0 12.0
100.0 36.0 52.0 100.0 100.0 10.0
100.0 46.0 52.0 100.0 100.0 10.0
100.0 58.0 56.0 100.0 100.0 14.0
100.0 62.0 64.0 100.0 100.0 16.0
100.0 62.0 80.0 100.0 100.0 16.0
100.0 66.0 84.0 100.0 100.0 20.0
100.0 72.0 88.0 100.0 100.0 24.0
100.0 76.0 88.0 100.0 100.0 24.0
100.0 76.0 90.0 100.0 100.0 24.0
100.0 76.0 94.0 100.0 100.0 18.0
100.0 78.0 100.0 100.0 100.0 18.0
100.0 84.0 100.0 100.0 100.0 18.0
100.0 84.0 100.0 100.0 100.0 22.0
100.0 84.0 100.0 100.0 100.0 22.0
100.0 84.0 100.0 100.0 100.0 18.0
100.0 90.0 100.0 100.0 100.0 18.0
100.0 90.0 100.0 100.0 100.0 22.0
100.0 88.0 100.0 100.0 100.0 22.0
100.0 88.0 100.0 100.0 100.0 22.0
100.0 90.0 100.0 100.0 100.0 22.0
100.0 92.0 100.0 100.0 100.0 22.0
100.0 92.0 100.0 100.0 100.0 22.0
100.0 92.0 100.0 100.0 100.0 22.0
100.0 98.0 100.0 100.0 100.0 26.0
100.0 96.0 100.0 100.0 100.0 26.0
100.0 98.0 100.0 100.0 100.0 18.0
100.0 100.0 100.0 100.0 100.0 16.0
100.0 100.0 100.0 100.0 100.0 16.0
100.0 94.0 100.0 100.0 100.0 16.0
100.0 88.0 100.0 100.0 100.0 22.0
100.0 94.0 100.0 100.0 100.0 14.0
100.0 94.0 100.0 100.0 100.0 14.0
100.0 94.0 100.0 100.0 100.0 8.0
100.0 92.0 100.0 100.0 100.0 14.0
100.0 92.0 100.0 100.0 100.0 16.0
100.0 92.0 100.0 100.0 100.0 16.0
100.0 90.0 100.0 100.0 100.0 16.0
100.0 90.0 100.0 100.0 100.0 18.0
100.0 84.0 100.0 100.0 100.0 18.0
100.0 80.0 92.0 100.0 100.0 14.0
100.0 76.0 88.0 100.0 100.0 14.0
100.0 76.0 86.0 100.0 100.0 14.0
100.0 62.0 76.0 100.0 100.0 4.0
100.0 60.0 72.0 100.0 100.0 4.0
100.0 52.0 72.0 100.0 100.0 10.0
100.0 48.0 68.0 100.0 100.0 10.0
100.0 42.0 56.0 100.0 100.0 10.0
100.0 32.0 52.0 100.0 100.0 10.0
100.0 24.0 46.0 100.0 100.0 10.0
100.0 24.0 44.0 100.0 90.0 2.0
84.0 16.0 38.0 100.0 70.0 0.0
74.0 12.0 34.0 100.0 70.0 0.0
64.0 16.0 18.0 100.0 48.0 0.0
58.0 14.0 18.0 100.0 48.0 0.0
50.0 22.0 16.0 88.0 38.0 -2.0
50.0 16.0 4.0 68.0 32.0 -6.0
50.0 16.0 4.0 58.0 26.0 -6.0
48.0 16.0 6.0 42.0 24.0 -8.0
48.0 16.0 6.0 38.0 18.0 -8.0
48.0 18.0 6.0 38.0 18.0 -4.0
44.0 18.0 6.0 40.0 18.0 -4.0
36.0 16.0 8.0 40.0 16.0 -8.0
32.0 12.0 10.0 38.0 16.0 -10.0
24.0 8.0 12.0 32.0 18.0 -10.0
14.0 8.0 12.0 38.0 20.0 0.0
14.0 10.0 12.0 42.0 20.0 0.0
14.0 10.0 10.0 44.0 16.0 -2.0
12.0 12.0 10.0 44.0 14.0 -4.0
12.0 10.0 10.0 34.0 12.0 -2.0
12.0 12.0 12.0 20.0 12.0 -2.0
14.0 14.0 12.0 24.0 12.0 0.0
14.0 14.0 12.0 24.0 12.0 -2.0
8.0 12.0 6.0 24.0 12.0 -6.0
8.0 12.0 6.0 32.0 12.0 -6.0
8.0 14.0 6.0 32.0 14.0 -6.0
10.0 14.0 12.0 38.0 14.0 -6.0
12.0 14.0 12.0 38.0 12.0 -4.0
12.0 12.0 10.0 36.0 12.0 -2.0
10.0 12.0 6.0 32.0 12.0 -2.0
8.0 10.0 6.0 30.0 14.0 -4.0
8.0 8.0 6.0 24.0 14.0 -4.0
8.0 8.0 4.0 24.0 12.0 -6.0
8.0 8.0 4.0 34.0 10.0 -4.0
10.0 12.0 10.0 34.0 10.0 -6.0
10.0 8.0 12.0 34.0 10.0 -8.0
8.0 6.0 12.0 32.0 12.0 -8.0
2.0 2.0 0.0 26.0 4.0 -8.0
2.0 6.0 0.0 26.0 12.0 -6.0
10.0 6.0 8.0 26.0 10.0 -6.0
10.0 8.0 12.0 26.0 12.0 -2.0
10.0 16.0 12.0 24.0 10.0 -2.0
8.0 12.0 10.0 24.0 6.0 -2.0
8.0 12.0 10.0 24.0 6.0 -2.0
6.0 8.0 10.0 32.0 6.0 -2.0
6.0 8.0 10.0 28.0 10.0 -2.0
6.0 6.0 10.0 28.0 10.0 -2.0
6.0 8.0 6.0 26.0 6.0 -6.0
4.0 8.0 4.0 20.0 6.0 -6.0
4.0 8.0 6.0 22.0 10.0 -8.0
6.0 6.0 8.0 22.0 10.0 -4.0
6.0 6.0 12.0 24.0 8.0 -8.0
4.0 -2.0 8.0 26.0 8.0 -4.0
4.0 -2.0 4.0 26.0 4.0 -2.0
10.0 6.0 4.0 26.0 4.0 -2.0
10.0 8.0 4.0 20.0 4.0 -4.0
8.0 6.0 -4.0 32.0 6.0 -6.0
6.0 8.0 -4.0 20.0 6.0 -6.0
6.0 8.0 10.0 26.0 12.0 -4.0
8.0 8.0 10.0 26.0 12.0 -4.0
8.0 8.0 6.0 26.0 12.0 -4.0
8.0 8.0 6.0 30.0 12.0 -4.0
6.0 8.0 6.0 30.0 0.0 -4.0
6.0 8.0 4.0 30.0 0.0 -4.0
6.0 8.0 2.0 30.0 6.0 -4.0
12.0 6.0 4.0 26.0 10.0 -4.0
14.0 6.0 4.0 26.0 10.0 -2.0
14.0 6.0 4.0 26.0 2.0 -2.0
10.0 0.0 8.0 40.0 2.0 -2.0
8.0 2.0 8.0 40.0 10.0 -4.0
4.0 2.0 6.0 38.0 10.0 2.0
4.0 6.0 6.0 26.0 10.0 -4.0
4.0 16.0 12.0 26.0 14.0 -4.0
4.0 16.0 12.0 28.0 10.0 -4.0
0.0 10.0 14.0 32.0 10.0 -6.0
6.0 10.0 0.0 34.0 4.0 -6.0
2.0 10.0 2.0 34.0 4.0 -6.0
6.0 10.0 2.0 36.0 6.0 -4.0
8.0 8.0 8.0 36.0 6.0 -4.0
8.0 4.0 8.0 30.0 14.0 -8.0
8.0 4.0 6.0 28.0 10.0 -8.0
8.0 4.0 2.0 28.0 10.0 2.0
14.0 6.0 6.0 28.0 8.0 2.0
4.0 10.0 12.0 24.0 8.0 2.0
10.0 10.0 12.0 26.0 10.0 2.0
8.0 6.0 2.0 26.0 10.0 2.0
10.0 6.0 2.0 30.0 10.0 -4.0
12.0 8.0 -2.0 30.0 8.0 -4.0
12.0 8.0 6.0 34.0 10.0 0.0
14.0 6.0 6.0 36.0 8.0 0.0
8.0 6.0 6.0 36.0 8.0 0.0
6.0 8.0 8.0 34.0 8.0 -4.0
6.0 8.0 10.0 30.0 12.0 -4.0
10.0 6.0 10.0 30.0 12.0 0.0
12.0 6.0 8.0 30.0 12.0 0.0
12.0 6.0 8.0 34.0 10.0 -4.0
10.0 6.0 6.0 32.0 10.0 -6.0
10.0 6.0 8.0 34.0 12.0 -4.0
10.0 8.0 14.0 34.0 12.0 -6.0
6.0 12.0 14.0 34.0 14.0 0.0
0.0 10.0 10.0 32.0 12.0 -6.0
0.0 10.0 10.0 32.0 8.0 -2.0
12.0 8.0 6.0 38.0 8.0 -6.0
12.0 8.0 6.0 38.0 14.0 -2.0
12.0 0.0 10.0 34.0 14.0 -2.0
16.0 10.0 16.0 34.0 4.0 -2.0
18.0 10.0 16.0 34.0 4.0 -2.0
16.0 10.0 10.0 34.0 4.0 -2.0
10.0 6.0 10.0 34.0 6.0 -2.0
2.0 6.0 12.0 28.0 6.0 -2.0
10.0 8.0 12.0 34.0 6.0 -2.0
2.0 8.0 4.0 30.0 10.0 -4.0
6.0 8.0 2.0 40.0 10.0 -4.0
4.0 8.0 2.0 30.0 10.0 -4.0
6.0 10.0 6.0 38.0 10.0 0.0
8.0 10.0 6.0 38.0 10.0 2.0
8.0 10.0 6.0 38.0 4.0 2.0
6.0 10.0 6.0 38.0 -2.0 2.0
6.0 8.0 6.0 34.0 -2.0 2.0
8.0 4.0 12.0 38.0 -2.0 -6.0
14.0 4.0 12.0 34.0 6.0 -2.0
14.0 4.0 10.0 38.0 10.0 -2.0
10.0 12.0 10.0 34.0 12.0 4.0
10.0 6.0 6.0 34.0 12.0 4.0
10.0 6.0 6.0 34.0 10.0 -2.0
10.0 6.0 6.0 38.0 10.0 -2.0
10.0 8.0 10.0 38.0 10.0 4.0
10.0 8.0 10.0 38.0 8.0 4.0
10.0 12.0 6.0 34.0 8.0 4.0
10.0 12.0 6.0 34.0 20.0 4.0
10.0 14.0 10.0 42.0 20.0 4.0
20.0 14.0 14.0 42.0 10.0 4.0
10.0 14.0 14.0 40.0 10.0 2.0
12.0 14.0 14.0 32.0 10.0 2.0
12.0 10.0 12.0 30.0 10.0 2.0
12.0 10.0 16.0 32.0 10.0 -8.0
8.0 10.0 4.0 38.0 10.0 -2.0
8.0 10.0 12.0 38.0 10.0 -2.0
16.0 10.0 8.0 30.0 12.0 -2.0
16.0 10.0 8.0 30.0 14.0 -2.0
16.0 10.0 4.0 36.0 14.0 -2.0
16.0 6.0 4.0 36.0 8.0 -4.0
10.0 6.0 8.0 36.0 8.0 -2.0
10.0 14.0 8.0 34.0 12.0 2.0
14.0 18.0 8.0 34.0 12.0 6.0
14.0 18.0 12.0 32.0 12.0 6.0
14.0 16.0 12.0 32.0 10.0 2.0
14.0 16.0 12.0 32.0 10.0 0.0
14.0 16.0 12.0 40.0 10.0 -2.0
12.0 16.0 12.0 36.0 2.0 -6.0
12.0 14.0 0.0 40.0 0.0 -6.0
12.0 14.0 0.0 36.0 0.0 -4.0
12.0 10.0 6.0 36.0 10.0 -2.0
10.0 8.0 10.0 28.0 10.0 2.0
10.0 8.0 12.0 28.0 10.0 2.0
14.0 8.0 10.0 30.0 10.0 -6.0
14.0 10.0 8.0 30.0 10.0 -6.0
12.0 10.0 8.0 30.0 10.0 -2.0
4.0 12.0 8.0 30.0 12.0 -2.0
12.0 12.0 8.0 34.0 12.0 -8.0
10.0 12.0 6.0 28.0 14.0 -8.0
10.0 6.0 6.0 38.0 14.0 2.0
