# Target: wrist_down
# Dominant_Vision: Open Hand
-12.0 0.0 -2.0 0.0 0.0 0.0
-2.0 0.0 -6.0 -2.0 0.0 0.0
-2.0 2.0 -6.0 -2.0 -2.0 0.0
6.0 2.0 -6.0 -2.0 -2.0 0.0
6.0 2.0 -2.0 0.0 2.0 -6.0
0.0 0.0 2.0 -2.0 6.0 -6.0
0.0 -4.0 2.0 -2.0 4.0 -4.0
-4.0 -4.0 0.0 -2.0 4.0 -4.0
-4.0 -4.0 0.0 -4.0 0.0 2.0
-4.0 -4.0 0.0 2.0 0.0 6.0
0.0 -4.0 0.0 -4.0 0.0 6.0
0.0 -2.0 2.0 -2.0 6.0 4.0
-2.0 6.0 4.0 -2.0 6.0 4.0
-4.0 -2.0 2.0 0.0 6.0 0.0
-4.0 -2.0 -2.0 0.0 8.0 0.0
-4.0 -2.0 -4.0 0.0 8.0 -2.0
-2.0 -2.0 -2.0 -4.0 -2.0 0.0
-2.0 -2.0 -4.0 0.0 -2.0 0.0
0.0 2.0 -2.0 -4.0 -2.0 2.0
0.0 -2.0 -2.0 8.0 -2.0 0.0
0.0 2.0 -2.0 -4.0 0.0 2.0
-6.0 -2.0 0.0 -8.0 -2.0 4.0
-6.0 4.0 0.0 -8.0 0.0 4.0
-6.0 -6.0 0.0 -2.0 -2.0 4.0
-4.0 4.0 -4.0 2.0 -2.0 2.0
-6.0 -2.0 -4.0 2.0 -2.0 0.0
-6.0 2.0 2.0 2.0 2.0 -2.0
-6.0 2.0 6.0 -2.0 6.0 -2.0
-6.0 4.0 6.0 -2.0 6.0 -2.0
-4.0 4.0 -6.0 -2.0 4.0 -2.0
-8.0 4.0 -6.0 -2.0 4.0 2.0
-8.0 2.0 2.0 -2.0 2.0 0.0
-8.0 2.0 2.0 -2.0 0.0 4.0
-8.0 0.0 2.0 2.0 0.0 0.0
-4.0 0.0 4.0 6.0 0.0 2.0
0.0 -4.0 6.0 12.0 0.0 0.0
8.0 0.0 8.0 24.0 2.0 2.0
8.0 0.0 6.0 26.0 6.0 4.0
32.0 8.0 2.0 60.0 6.0 4.0
38.0 10.0 2.0 64.0 6.0 4.0
72.0 8.0 6.0 82.0 16.0 8.0
78.0 10.0 10.0 92.0 16.0 16.0
82.0 16.0 10.0 100.0 36.0 16.0
84.0 20.0 10.0 100.0 38.0 18.0
86.0 20.0 18.0 100.0 54.0 18.0
100.0 24.0 36.0 100.0 74.0 20.0
100.0 26.0 40.0 100.0 86.0 20.0
100.0 28.0 40.0 100.0 100.0 22.0
100.0 34.0 46.0 100.0 100.0 16.0
100.0 34.0 48.0 100.0 100.0 16.0
100.0 42.0 50.0 100.0 100.0 16.0
100.0 54.0 64.0 100.0 100.0 20.0
100.0 54.0 76.0 100.0 100.0 24.0
100.0 54.0 80.0 100.0 100.0 24.0
100.0 52.0 88.0 100.0 100.0 24.0
100.0 54.0 90.0 100.0 100.0 24.0
100.0 64.0 98.0 100.0 100.0 24.0
100.0 68.0 98.0 100.0 100.0 24.0
100.0 72.0 98.0 100.0 100.0 22.0
100.0 76.0 96.0 100.0 100.0 22.0
100.0 76.0 96.0 100.0 100.0 22.0
100.0 76.0 100.0 100.0 100.0 24.0
100.0 76.0 100.0 100.0 100.0 22.0
100.0 76.0 100.0 100.0 100.0 24.0
100.0 78.0 100.0 100.0 100.0 22.0
100.0 78.0 100.0 100.0 100.0 18.0
100.0 78.0 100.0 100.0 100.0 18.0
100.0 78.0 100.0 100.0 100.0 26.0
100.0 78.0 100.0 100.0 100.0 26.0
100.0 80.0 100.0 100.0 100.0 26.0
100.0 80.0 100.0 100.0 100.0 28.0
100.0 82.0 100.0 100.0 100.0 28.0
100.0 82.0 100.0 100.0 100.0 28.0
100.0 82.0 100.0 100.0 100.0 20.0
100.0 82.0 100.0 100.0 100.0 18.0
100.0 78.0 100.0 100.0 100.0 20.0
100.0 86.0 100.0 100.0 100.0 22.0
100.0 86.0 100.0 100.0 100.0 24.0
100.0 86.0 100.0 100.0 100.0 24.0
100.0 86.0 100.0 100.0 100.0 24.0
100.0 76.0 100.0 100.0 100.0 24.0
100.0 76.0 100.0 100.0 100.0 30.0
100.0 76.0 100.0 100.0 100.0 30.0
100.0 76.0 100.0 100.0 100.0 28.0
100.0 78.0 100.0 100.0 100.0 26.0
100.0 78.0 100.0 100.0 100.0 24.0
100.0 78.0 100.0 100.0 100.0 22.0
100.0 76.0 100.0 100.0 100.0 22.0
100.0 76.0 100.0 100.0 100.0 26.0
100.0 74.0 100.0 100.0 100.0 26.0
100.0 72.0 100.0 100.0 100.0 24.0
100.0 72.0 100.0 100.0 100.0 22.0
100.0 72.0 100.0 100.0 100.0 22.0
100.0 68.0 100.0 100.0 100.0 20.0
100.0 68.0 100.0 100.0 100.0 20.0
100.0 74.0 100.0 100.0 100.0 18.0
100.0 74.0 100.0 100.0 100.0 20.0
100.0 66.0 100.0 100.0 100.0 20.0
100.0 66.0 100.0 100.0 100.0 26.0
100.0 66.0 100.0 100.0 100.0 26.0
100.0 66.0 100.0 100.0 100.0 24.0
100.0 64.0 100.0 100.0 100.0 18.0
100.0 62.0 100.0 100.0 100.0 14.0
100.0 62.0 100.0 100.0 100.0 14.0
100.0 60.0 100.0 100.0 100.0 20.0
100.0 58.0 100.0 100.0 100.0 20.0
100.0 58.0 100.0 100.0 100.0 16.0
100.0 58.0 100.0 100.0 100.0 14.0
100.0 48.0 100.0 100.0 100.0 16.0
100.0 46.0 100.0 100.0 100.0 16.0
100.0 44.0 98.0 100.0 100.0 16.0
100.0 38.0 90.0 100.0 100.0 16.0
100.0 34.0 72.0 100.0 100.0 12.0
100.0 26.0 72.0 100.0 100.0 12.0
100.0 20.0 68.0 100.0 100.0 4.0
100.0 20.0 66.0 100.0 94.0 4.0
100.0 20.0 62.0 100.0 82.0 8.0
100.0 10.0 56.0 100.0 82.0 8.0
100.0 6.0 44.0 100.0 64.0 2.0
100.0 6.0 42.0 100.0 52.0 0.0
100.0 6.0 26.0 100.0 40.0 2.0
92.0 8.0 26.0 100.0 36.0 -2.0
90.0 8.0 26.0 100.0 30.0 4.0
88.0 8.0 18.0 94.0 30.0 -2.0
86.0 10.0 18.0 76.0 22.0 -2.0
78.0 10.0 18.0 54.0 22.0 -2.0
70.0 16.0 6.0 42.0 18.0 0.0
60.0 10.0 6.0 22.0 14.0 0.0
52.0 10.0 6.0 22.0 10.0 0.0
40.0 8.0 6.0 16.0 4.0 -10.0
28.0 8.0 -4.0 10.0 4.0 -10.0
20.0 4.0 -4.0 2.0 4.0 4.0
4.0 4.0 -4.0 2.0 6.0 4.0
-10.0 4.0 0.0 -2.0 8.0 4.0
-24.0 -2.0 0.0 -2.0 8.0 -2.0
-30.0 6.0 -6.0 6.0 8.0 -2.0
-34.0 6.0 -6.0 6.0 0.0 -2.0
-36.0 6.0 -6.0 -8.0 4.0 -10.0
-36.0 6.0 -8.0 -8.0 4.0 -10.0
-36.0 4.0 -8.0 -12.0 8.0 -6.0
-36.0 2.0 -8.0 -16.0 8.0 -6.0
-40.0 2.0 2.0 -18.0 -2.0 -6.0
-42.0 4.0 2.0 -22.0 -2.0 -4.0
-42.0 4.0 6.0 -22.0 4.0 0.0
-44.0 2.0 -8.0 -22.0 4.0 -2.0
-44.0 2.0 -10.0 -28.0 4.0 -2.0
-44.0 2.0 -10.0 -30.0 0.0 -8.0
-52.0 2.0 -6.0 -30.0 0.0 -8.0
-46.0 2.0 -6.0 -14.0 0.0 -2.0
-46.0 6.0 -4.0 -14.0 0.0 -2.0
-44.0 6.0 -8.0 -18.0 0.0 0.0
-44.0 8.0 -4.0 -20.0 0.0 -4.0
-42.0 2.0 -8.0 -20.0 4.0 0.0
-48.0 8.0 -4.0 -20.0 4.0 -2.0
-48.0 2.0 -8.0 -18.0 4.0 0.0
-48.0 8.0 -8.0 -18.0 2.0 2.0
-52.0 2.0 -8.0 -16.0 0.0 2.0
-44.0 2.0 -4.0 -16.0 2.0 -6.0
-50.0 2.0 -4.0 -18.0 -2.0 -10.0
-42.0 2.0 -4.0 -20.0 4.0 -6.0
-44.0 -2.0 -4.0 -20.0 0.0 -6.0
-44.0 -2.0 -8.0 -26.0 4.0 -6.0
-46.0 6.0 -8.0 -28.0 4.0 -8.0
-46.0 6.0 -8.0 -28.0 4.0 -8.0
-48.0 0.0 -4.0 -20.0 2.0 -2.0
-48.0 0.0 -4.0 -20.0 2.0 -2.0
-48.0 2.0 -4.0 -20.0 4.0 -8.0
-46.0 2.0 -4.0 -18.0 4.0 -8.0
-46.0 2.0 -2.0 -16.0 -4.0 -8.0
-46.0 4.0 -2.0 -16.0 -4.0 -6.0
-46.0 4.0 -4.0 -16.0 -4.0 -12.0
-50.0 4.0 -4.0 -12.0 -2.0 -2.0
-50.0 4.0 4.0 -12.0 2.0 -4.0
-42.0 4.0 4.0 -12.0 2.0 -2.0
-42.0 0.0 -6.0 -16.0 2.0 -4.0
-40.0 0.0 -6.0 -16.0 2.0 -4.0
-44.0 0.0 -2.0 -16.0 -6.0 -4.0
-50.0 2.0 -2.0 -16.0 0.0 -4.0
-50.0 2.0 0.0 -20.0 -2.0 -2.0
-48.0 2.0 0.0 -16.0 -2.0 -2.0
-48.0 2.0 0.0 -20.0 -2.0 2.0
-52.0 2.0 0.0 -22.0 2.0 0.0
-52.0 -2.0 0.0 -22.0 2.0 0.0
-48.0 -2.0 0.0 -22.0 2.0 0.0
-48.0 2.0 0.0 -22.0 2.0 -4.0
-50.0 2.0 0.0 -16.0 2.0 -8.0
-50.0 2.0 -2.0 -16.0 2.0 -4.0
-50.0 -2.0 -2.0 -16.0 2.0 0.0
-46.0 -2.0 -2.0 -28.0 -2.0 0.0
-46.0 -2.0 -2.0 -28.0 -2.0 0.0
-46.0 6.0 2.0 -24.0 -6.0 -4.0
-52.0 8.0 2.0 -14.0 -6.0 -4.0
-50.0 6.0 -2.0 -14.0 -6.0 0.0
-50.0 4.0 -4.0 -16.0 0.0 0.0
-50.0 2.0 -2.0 -18.0 2.0 -6.0
-48.0 0.0 -4.0 -18.0 0.0 -6.0
-48.0 -2.0 -4.0 -16.0 0.0 0.0
-46.0 -2.0 -6.0 -16.0 -2.0 6.0
-46.0 0.0 -6.0 -24.0 0.0 6.0
-46.0 2.0 -6.0 -26.0 0.0 4.0
-46.0 2.0 -8.0 -24.0 0.0 -2.0
-46.0 0.0 -8.0 -16.0 4.0 -2.0
-46.0 0.0 -4.0 -16.0 4.0 -2.0
-44.0 -2.0 -4.0 -28.0 -2.0 -2.0
-42.0 -6.0 -4.0 -28.0 -2.0 4.0
-42.0 -6.0 -2.0 -24.0 -2.0 -2.0
-42.0 0.0 -2.0 -18.0 -4.0 2.0
-46.0 0.0 -8.0 -16.0 -4.0 -2.0
-46.0 -2.0 -8.0 -16.0 -4.0 -4.0
-48.0 -2.0 -6.0 -14.0 -4.0 -4.0
-48.0 -2.0 -6.0 -14.0 -4.0 -2.0
-48.0 -4.0 -4.0 -16.0 6.0 2.0
-44.0 -4.0 -2.0 -16.0 6.0 -2.0
-44.0 2.0 -2.0 -22.0 -2.0 -4.0
-46.0 2.0 -4.0 -16.0 -2.0 -4.0
-46.0 -4.0 -4.0 -18.0 -4.0 -8.0
-46.0 -4.0 -4.0 -16.0 -4.0 -2.0
-46.0 2.0 6.0 -18.0 -4.0 2.0
-46.0 4.0 -4.0 -22.0 -4.0 2.0
-52.0 4.0 -2.0 -22.0 4.0 0.0
-44.0 4.0 -4.0 -22.0 4.0 -4.0
-44.0 2.0 -4.0 -24.0 4.0 0.0
-44.0 2.0 -4.0 -24.0 -6.0 2.0
-44.0 0.0 -2.0 -22.0 4.0 2.0
-44.0 0.0 -2.0 -22.0 -2.0 -2.0
-50.0 0.0 -8.0 -22.0 4.0 -2.0
-44.0 0.0 -10.0 -20.0 -2.0 -4.0
-44.0 2.0 -10.0 -20.0 -2.0 -2.0
-38.0 6.0 -4.0 -18.0 -6.0 -2.0
-38.0 6.0 2.0 -18.0 -2.0 0.0
-46.0 2.0 2.0 -20.0 -2.0 0.0
