# Target: wrist_down
# Dominant_Vision: Open Hand
2.0 -8.0 -6.0 0.0 4.0 -12.0
6.0 -6.0 -6.0 0.0 4.0 -12.0
6.0 -6.0 -8.0 0.0 6.0 -12.0
4.0 -4.0 -8.0 0.0 6.0 -6.0
4.0 -4.0 -8.0 -4.0 6.0 -2.0
2.0 -6.0 -12.0 -4.0 6.0 -4.0
6.0 -10.0 -12.0 6.0 4.0 -4.0
4.0 -6.0 -12.0 6.0 6.0 -4.0
4.0 -6.0 -10.0 -4.0 6.0 -4.0
4.0 -6.0 -10.0 -4.0 6.0 -2.0
2.0 -8.0 -10.0 0.0 6.0 -2.0
2.0 -8.0 -10.0 0.0 6.0 2.0
-2.0 -8.0 -4.0 0.0 14.0 2.0
6.0 -10.0 -10.0 -12.0 14.0 -8.0
8.0 -10.0 -2.0 6.0 10.0 -8.0
8.0 -10.0 -10.0 -12.0 6.0 -4.0
8.0 -10.0 -10.0 14.0 6.0 -4.0
26.0 -10.0 -10.0 18.0 6.0 0.0
30.0 -10.0 -12.0 36.0 8.0 0.0
54.0 -6.0 -10.0 46.0 14.0 0.0
72.0 -2.0 -10.0 70.0 16.0 0.0
100.0 2.0 4.0 100.0 28.0 0.0
100.0 2.0 8.0 100.0 48.0 2.0
100.0 2.0 14.0 100.0 60.0 8.0
100.0 4.0 16.0 100.0 78.0 8.0
100.0 -2.0 34.0 100.0 100.0 10.0
100.0 2.0 46.0 100.0 100.0 10.0
100.0 -2.0 62.0 100.0 100.0 10.0
100.0 2.0 76.0 100.0 100.0 14.0
100.0 12.0 90.0 100.0 100.0 14.0
100.0 14.0 92.0 100.0 100.0 14.0
100.0 20.0 100.0 100.0 100.0 22.0
100.0 24.0 100.0 100.0 100.0 28.0
100.0 28.0 100.0 100.0 100.0 28.0
100.0 32.0 100.0 100.0 100.0 24.0
100.0 36.0 100.0 100.0 100.0 22.0
100.0 38.0 100.0 100.0 100.0 18.0
100.0 36.0 100.0 100.0 100.0 18.0
100.0 24.0 100.0 100.0 100.0 18.0
100.0 24.0 100.0 100.0 100.0 18.0
100.0 28.0 100.0 100.0 100.0 28.0
100.0 30.0 100.0 100.0 100.0 22.0
100.0 38.0 100.0 100.0 100.0 22.0
100.0 42.0 100.0 100.0 100.0 22.0
100.0 42.0 100.0 100.0 100.0 22.0
100.0 34.0 100.0 100.0 100.0 26.0
100.0 32.0 100.0 100.0 100.0 22.0
100.0 34.0 100.0 100.0 100.0 22.0
100.0 36.0 100.0 100.0 100.0 22.0
100.0 36.0 100.0 100.0 100.0 22.0
100.0 42.0 100.0 100.0 100.0 22.0
100.0 46.0 100.0 100.0 100.0 26.0
100.0 46.0 100.0 100.0 100.0 24.0
100.0 46.0 100.0 100.0 100.0 24.0
100.0 46.0 100.0 100.0 100.0 20.0
100.0 40.0 100.0 100.0 100.0 20.0
100.0 40.0 100.0 100.0 100.0 20.0
100.0 40.0 100.0 100.0 100.0 20.0
100.0 40.0 100.0 100.0 100.0 18.0
100.0 40.0 100.0 100.0 100.0 16.0
100.0 34.0 100.0 100.0 100.0 18.0
100.0 34.0 100.0 100.0 100.0 20.0
100.0 28.0 100.0 100.0 100.0 20.0
100.0 22.0 100.0 100.0 100.0 20.0
100.0 18.0 100.0 100.0 100.0 12.0
100.0 18.0 100.0 100.0 100.0 12.0
100.0 18.0 100.0 100.0 100.0 6.0
100.0 8.0 100.0 100.0 100.0 6.0
100.0 6.0 98.0 100.0 100.0 2.0
100.0 -4.0 98.0 100.0 100.0 2.0
100.0 -4.0 98.0 100.0 100.0 2.0
100.0 -4.0 82.0 100.0 74.0 -2.0
100.0 -4.0 78.0 100.0 66.0 2.0
100.0 -4.0 68.0 100.0 48.0 -2.0
100.0 -6.0 62.0 100.0 44.0 0.0
100.0 -4.0 60.0 100.0 44.0 -2.0
100.0 -10.0 52.0 100.0 36.0 -2.0
100.0 -4.0 52.0 100.0 32.0 -6.0
100.0 -6.0 42.0 100.0 32.0 -8.0
100.0 -4.0 40.0 100.0 26.0 -8.0
100.0 -4.0 36.0 100.0 16.0 -8.0
100.0 -2.0 36.0 90.0 16.0 -8.0
100.0 -4.0 36.0 58.0 10.0 -10.0
100.0 -6.0 28.0 86.0 12.0 0.0
100.0 -6.0 28.0 86.0 12.0 -8.0
88.0 -6.0 28.0 86.0 12.0 -6.0
82.0 0.0 24.0 86.0 12.0 -8.0
74.0 -6.0 24.0 86.0 10.0 -10.0
46.0 0.0 24.0 86.0 12.0 -10.0
44.0 0.0 22.0 82.0 10.0 -8.0
30.0 0.0 22.0 74.0 12.0 -8.0
28.0 2.0 20.0 54.0 10.0 -8.0
16.0 2.0 20.0 54.0 10.0 -12.0
16.0 2.0 18.0 60.0 8.0 -12.0
16.0 2.0 12.0 60.0 8.0 -6.0
20.0 0.0 12.0 60.0 4.0 -6.0
16.0 -2.0 12.0 58.0 4.0 -8.0
10.0 -2.0 12.0 56.0 2.0 -8.0
10.0 -12.0 12.0 50.0 10.0 -8.0
14.0 -12.0 14.0 46.0 12.0 -14.0
14.0 -10.0 14.0 46.0 12.0 -14.0
6.0 -10.0 14.0 46.0 12.0 -10.0
2.0 -10.0 14.0 56.0 10.0 -10.0
6.0 -10.0 16.0 58.0 8.0 -10.0
2.0 -8.0 16.0 58.0 6.0 -10.0
0.0 -8.0 12.0 54.0 2.0 -8.0
0.0 -4.0 12.0 54.0 2.0 -8.0
0.0 -4.0 12.0 54.0 2.0 -8.0
2.0 -4.0 14.0 56.0 4.0 -8.0
0.0 -8.0 14.0 52.0 6.0 -2.0
-2.0 -8.0 14.0 56.0 6.0 -2.0
-2.0 -8.0 10.0 56.0 6.0 -14.0
-2.0 -6.0 14.0 56.0 6.0 -14.0
2.0 -4.0 14.0 56.0 2.0 -6.0
2.0 -4.0 18.0 56.0 4.0 -6.0
6.0 -2.0 18.0 56.0 2.0 -6.0
2.0 0.0 18.0 58.0 4.0 -6.0
2.0 -2.0 20.0 56.0 4.0 -6.0
0.0 0.0 24.0 56.0 4.0 -2.0
0.0 -10.0 24.0 56.0 2.0 -6.0
0.0 -6.0 12.0 48.0 2.0 -6.0
0.0 -6.0 12.0 54.0 2.0 -6.0
0.0 -6.0 10.0 54.0 10.0 -6.0
0.0 -6.0 8.0 54.0 10.0 -8.0
-2.0 -6.0 8.0 56.0 10.0 -8.0
-2.0 -4.0 4.0 50.0 4.0 -8.0
2.0 -4.0 20.0 50.0 2.0 -8.0
2.0 -4.0 20.0 50.0 2.0 -8.0
2.0 -4.0 20.0 50.0 2.0 -8.0
2.0 -2.0 20.0 52.0 8.0 -10.0
2.0 -6.0 14.0 50.0 8.0 -10.0
2.0 -4.0 18.0 52.0 10.0 -10.0
0.0 -6.0 10.0 56.0 8.0 -10.0
0.0 -6.0 18.0 56.0 4.0 -6.0
4.0 -6.0 12.0 52.0 4.0 -6.0
4.0 -14.0 12.0 52.0 4.0 -6.0
-2.0 -14.0 12.0 58.0 6.0 -10.0
-2.0 -4.0 10.0 58.0 8.0 -2.0
-4.0 -4.0 12.0 52.0 8.0 -10.0
-4.0 -8.0 8.0 52.0 8.0 -8.0
0.0 -8.0 14.0 54.0 10.0 -8.0
6.0 -8.0 14.0 54.0 12.0 -4.0
4.0 -8.0 14.0 52.0 10.0 -4.0
4.0 -20.0 18.0 50.0 4.0 -8.0
-2.0 -20.0 18.0 50.0 4.0 -8.0
-6.0 -6.0 18.0 54.0 6.0 -6.0
-6.0 -6.0 20.0 54.0 6.0 -6.0
-2.0 -6.0 16.0 54.0 10.0 -6.0
-2.0 -8.0 16.0 48.0 6.0 -14.0
-2.0 -10.0 16.0 56.0 4.0 -2.0
-2.0 -8.0 10.0 56.0 0.0 0.0
-2.0 -8.0 10.0 58.0 4.0 0.0
-2.0 -6.0 8.0 56.0 6.0 -8.0
-2.0 -6.0 8.0 56.0 6.0 -8.0
-4.0 -6.0 14.0 54.0 4.0 -10.0
-4.0 -6.0 14.0 54.0 4.0 0.0
-4.0 -8.0 12.0 54.0 6.0 -4.0
-4.0 -12.0 10.0 56.0 6.0 -2.0
0.0 -8.0 10.0 50.0 4.0 -4.0
0.0 -4.0 10.0 52.0 4.0 -2.0
6.0 -4.0 10.0 50.0 6.0 -10.0
-2.0 -4.0 14.0 50.0 6.0 -8.0
-4.0 -4.0 10.0 50.0 4.0 -8.0
-4.0 -4.0 16.0 48.0 4.0 -8.0
4.0 0.0 12.0 52.0 4.0 -6.0
4.0 0.0 18.0 52.0 4.0 -12.0
-2.0 0.0 12.0 52.0 4.0 -6.0
-2.0 -2.0 14.0 48.0 6.0 -6.0
2.0 -6.0 14.0 48.0 6.0 -6.0
2.0 -6.0 14.0 58.0 6.0 -8.0
-2.0 -4.0 14.0 58.0 6.0 -10.0
-2.0 -2.0 14.0 52.0 4.0 -8.0
-2.0 -2.0 14.0 50.0 4.0 -10.0
2.0 -2.0 14.0 50.0 4.0 -8.0
-2.0 -2.0 16.0 48.0 4.0 -8.0
2.0 -8.0 8.0 48.0 6.0 -8.0
-2.0 -8.0 10.0 52.0 4.0 -8.0
-2.0 -8.0 10.0 54.0 4.0 -8.0
-6.0 -8.0 10.0 52.0 4.0 -8.0
-6.0 -8.0 14.0 50.0 2.0 -8.0
-62.0 -2.0 18.0 50.0 10.0 -8.0
2.0 0.0 18.0 54.0 10.0 -6.0
4.0 -2.0 18.0 56.0 10.0 -6.0
4.0 -4.0 16.0 56.0 12.0 -6.0
4.0 -4.0 14.0 56.0 2.0 -6.0
6.0 -4.0 12.0 56.0 12.0 -10.0
-4.0 -6.0 12.0 52.0 2.0 -10.0
-2.0 -6.0 16.0 52.0 0.0 -12.0
-2.0 -6.0 16.0 46.0 0.0 -14.0
0.0 -2.0 16.0 46.0 4.0 -14.0
0.0 -6.0 12.0 46.0 4.0 -14.0
-8.0 -10.0 12.0 46.0 4.0 -10.0
-8.0 -12.0 12.0 8.0 6.0 -14.0
-4.0 -12.0 16.0 8.0 6.0 -10.0
-2.0 -12.0 16.0 50.0 6.0 -10.0
-2.0 -12.0 16.0 50.0 4.0 -8.0
-2.0 -12.0 16.0 48.0 4.0 -10.0
0.0 -18.0 12.0 48.0 4.0 -6.0
0.0 -12.0 12.0 48.0 6.0 -10.0
0.0 -14.0 8.0 54.0 6.0 -6.0
2.0 -12.0 14.0 54.0 6.0 -4.0
-4.0 -14.0 8.0 52.0 6.0 -4.0
0.0 -16.0 8.0 52.0 6.0 -10.0
0.0 -16.0 8.0 56.0 2.0 -12.0
0.0 -16.0 8.0 56.0 2.0 -12.0
0.0 -10.0 8.0 56.0 2.0 -10.0
0.0 -12.0 8.0 56.0 6.0 -6.0
-2.0 -12.0 12.0 56.0 8.0 -2.0
-4.0 -12.0 14.0 46.0 8.0 -2.0
-4.0 -4.0 14.0 46.0 8.0 -4.0
2.0 -4.0 14.0 56.0 4.0 -6.0
2.0 -6.0 8.0 56.0 4.0 -14.0
-4.0 -6.0 8.0 46.0 4.0 -14.0
-4.0 -8.0 12.0 46.0 4.0 -10.0
-10.0 -8.0 12.0 48.0 2.0 -10.0
-2.0 -12.0 12.0 50.0 0.0 -10.0
-2.0 -12.0 6.0 50.0 0.0 -10.0
2.0 -12.0 6.0 56.0 6.0 -6.0
2.0 -10.0 4.0 56.0 6.0 -6.0
-2.0 -10.0 4.0 56.0 2.0 -2.0
-4.0 -10.0 12.0 56.0 2.0 -8.0
-6.0 -10.0 20.0 56.0 4.0 0.0
-4.0 -10.0 12.0 56.0 8.0 -12.0
-2.0 -12.0 12.0 50.0 6.0 -12.0
-2.0 -12.0 12.0 50.0 6.0 -12.0
-2.0 -12.0 12.0 50.0 6.0 -8.0
-2.0 -6.0 12.0 50.0 6.0 -8.0
-6.0 -6.0 2.0 50.0 8.0 -8.0
-6.0 -6.0 12.0 44.0 8.0 -8.0
0.0 -8.0 2.0 44.0 6.0 -8.0
2.0 -8.0 12.0 44.0 6.0 -8.0
2.0 -8.0 6.0 54.0 10.0 -6.0
-2.0 -10.0 10.0 56.0 10.0 -6.0
-2.0 -10.0 6.0 56.0 2.0 -8.0
-2.0 -10.0 4.0 56.0 2.0 -8.0
-2.0 -8.0 4.0 56.0 2.0 -8.0
