# Target: wrist_down
# Dominant_Vision: Open Hand
-2.0 -2.0 2.0 4.0 4.0 -4.0
-2.0 -2.0 2.0 4.0 0.0 -6.0
-6.0 -4.0 6.0 4.0 0.0 -10.0
-6.0 -4.0 8.0 4.0 0.0 -6.0
-6.0 2.0 10.0 2.0 -2.0 -6.0
0.0 2.0 10.0 0.0 0.0 -6.0
0.0 0.0 10.0 -6.0 0.0 -14.0
-2.0 0.0 10.0 0.0 0.0 -14.0
-2.0 2.0 6.0 0.0 -2.0 -14.0
-2.0 4.0 10.0 0.0 -2.0 -8.0
0.0 4.0 4.0 0.0 0.0 -10.0
0.0 4.0 8.0 0.0 0.0 -10.0
0.0 2.0 4.0 2.0 2.0 -10.0
-8.0 -4.0 8.0 2.0 2.0 -10.0
-30.0 -4.0 4.0 -4.0 4.0 -24.0
-30.0 0.0 6.0 -4.0 4.0 -24.0
-8.0 0.0 6.0 2.0 0.0 -8.0
0.0 -4.0 6.0 8.0 -2.0 -4.0
0.0 -4.0 8.0 2.0 0.0 -4.0
0.0 2.0 12.0 6.0 4.0 -8.0
2.0 2.0 12.0 0.0 4.0 -12.0
2.0 2.0 10.0 6.0 2.0 -12.0
2.0 2.0 6.0 10.0 0.0 -8.0
10.0 2.0 6.0 10.0 2.0 -8.0
24.0 2.0 2.0 6.0 6.0 -8.0
24.0 8.0 2.0 6.0 6.0 -2.0
28.0 8.0 4.0 14.0 6.0 2.0
28.0 8.0 16.0 14.0 6.0 2.0
34.0 8.0 14.0 14.0 6.0 -2.0
36.0 2.0 14.0 40.0 10.0 -2.0
46.0 10.0 8.0 54.0 8.0 -2.0
64.0 10.0 8.0 60.0 8.0 0.0
92.0 10.0 14.0 82.0 8.0 2.0
100.0 14.0 16.0 100.0 10.0 2.0
100.0 22.0 20.0 100.0 20.0 2.0
100.0 22.0 24.0 100.0 20.0 2.0
100.0 22.0 40.0 100.0 38.0 2.0
100.0 22.0 40.0 100.0 40.0 4.0
100.0 18.0 42.0 100.0 68.0 12.0
100.0 28.0 48.0 100.0 80.0 12.0
100.0 28.0 64.0 100.0 100.0 14.0
100.0 28.0 64.0 100.0 100.0 16.0
100.0 32.0 64.0 100.0 100.0 16.0
100.0 34.0 68.0 100.0 100.0 16.0
100.0 36.0 70.0 100.0 100.0 12.0
100.0 38.0 78.0 100.0 100.0 12.0
100.0 48.0 90.0 100.0 100.0 12.0
100.0 52.0 100.0 100.0 100.0 14.0
100.0 52.0 100.0 100.0 100.0 16.0
100.0 60.0 100.0 100.0 100.0 20.0
100.0 62.0 100.0 100.0 100.0 20.0
100.0 68.0 100.0 100.0 100.0 14.0
100.0 68.0 100.0 100.0 100.0 14.0
100.0 68.0 100.0 100.0 100.0 22.0
100.0 66.0 100.0 100.0 100.0 26.0
100.0 64.0 100.0 100.0 100.0 26.0
100.0 64.0 100.0 100.0 100.0 30.0
100.0 64.0 100.0 100.0 100.0 28.0
100.0 62.0 100.0 100.0 100.0 28.0
100.0 62.0 100.0 100.0 100.0 20.0
100.0 64.0 100.0 100.0 100.0 20.0
100.0 64.0 100.0 100.0 100.0 24.0
100.0 64.0 100.0 100.0 100.0 24.0
100.0 66.0 100.0 100.0 100.0 22.0
100.0 66.0 100.0 100.0 100.0 20.0
100.0 70.0 100.0 100.0 100.0 20.0
100.0 66.0 100.0 100.0 100.0 20.0
100.0 66.0 100.0 100.0 100.0 22.0
100.0 66.0 100.0 100.0 100.0 24.0
100.0 66.0 100.0 100.0 100.0 24.0
100.0 66.0 100.0 100.0 100.0 30.0
100.0 66.0 100.0 100.0 100.0 30.0
100.0 68.0 100.0 100.0 100.0 24.0
100.0 68.0 100.0 100.0 100.0 22.0
100.0 74.0 100.0 100.0 100.0 16.0
100.0 74.0 100.0 100.0 100.0 16.0
100.0 74.0 100.0 100.0 100.0 16.0
100.0 68.0 100.0 100.0 100.0 18.0
100.0 64.0 100.0 100.0 100.0 24.0
100.0 66.0 100.0 100.0 100.0 22.0
100.0 62.0 100.0 100.0 100.0 22.0
100.0 66.0 100.0 100.0 100.0 22.0
100.0 62.0 100.0 100.0 100.0 20.0
100.0 52.0 100.0 100.0 100.0 20.0
100.0 52.0 100.0 100.0 100.0 20.0
100.0 62.0 100.0 100.0 100.0 24.0
100.0 64.0 100.0 100.0 100.0 20.0
100.0 64.0 100.0 100.0 100.0 20.0
100.0 64.0 100.0 100.0 100.0 20.0
100.0 66.0 100.0 100.0 100.0 20.0
100.0 64.0 100.0 100.0 100.0 18.0
100.0 64.0 100.0 100.0 100.0 18.0
100.0 60.0 100.0 100.0 100.0 20.0
100.0 60.0 100.0 100.0 100.0 24.0
100.0 60.0 100.0 100.0 100.0 22.0
100.0 60.0 100.0 100.0 100.0 22.0
100.0 62.0 100.0 100.0 100.0 22.0
100.0 62.0 100.0 100.0 100.0 20.0
100.0 62.0 100.0 100.0 100.0 20.0
100.0 62.0 100.0 100.0 100.0 20.0
100.0 58.0 100.0 100.0 100.0 20.0
100.0 60.0 100.0 100.0 100.0 20.0
100.0 58.0 100.0 100.0 100.0 20.0
100.0 58.0 100.0 100.0 100.0 12.0
100.0 52.0 100.0 100.0 100.0 14.0
100.0 48.0 100.0 100.0 100.0 14.0
100.0 40.0 100.0 100.0 100.0 14.0
100.0 36.0 100.0 100.0 100.0 16.0
100.0 30.0 100.0 100.0 100.0 12.0
100.0 24.0 100.0 100.0 100.0 12.0
100.0 24.0 98.0 100.0 100.0 8.0
100.0 24.0 96.0 100.0 100.0 8.0
100.0 18.0 86.0 100.0 100.0 8.0
100.0 18.0 86.0 100.0 100.0 8.0
100.0 18.0 86.0 100.0 96.0 8.0
100.0 12.0 86.0 100.0 84.0 4.0
100.0 -2.0 64.0 100.0 74.0 4.0
100.0 -2.0 58.0 100.0 40.0 4.0
100.0 4.0 50.0 100.0 40.0 -4.0
100.0 4.0 46.0 100.0 36.0 -10.0
100.0 -2.0 44.0 100.0 26.0 -6.0
100.0 -2.0 44.0 100.0 24.0 -12.0
100.0 4.0 40.0 100.0 24.0 -14.0
100.0 4.0 36.0 100.0 18.0 -14.0
100.0 4.0 34.0 100.0 18.0 -10.0
100.0 10.0 34.0 88.0 18.0 -6.0
100.0 10.0 34.0 86.0 14.0 -6.0
100.0 10.0 34.0 72.0 6.0 -12.0
100.0 -2.0 28.0 68.0 6.0 -12.0
100.0 -2.0 28.0 72.0 10.0 -8.0
98.0 -2.0 26.0 76.0 12.0 -8.0
78.0 -2.0 26.0 78.0 12.0 -10.0
78.0 -4.0 26.0 78.0 12.0 -16.0
76.0 6.0 26.0 76.0 12.0 -16.0
74.0 10.0 26.0 74.0 12.0 -14.0
76.0 10.0 20.0 50.0 12.0 -6.0
72.0 8.0 20.0 50.0 10.0 -12.0
70.0 0.0 26.0 70.0 8.0 -12.0
70.0 0.0 30.0 70.0 8.0 -12.0
66.0 10.0 30.0 68.0 8.0 -2.0
68.0 10.0 30.0 68.0 10.0 -2.0
68.0 6.0 28.0 74.0 10.0 -2.0
68.0 6.0 26.0 74.0 8.0 -8.0
68.0 4.0 26.0 68.0 8.0 -8.0
68.0 2.0 26.0 66.0 14.0 -4.0
66.0 2.0 26.0 68.0 14.0 -4.0
66.0 2.0 26.0 66.0 14.0 -2.0
66.0 0.0 20.0 70.0 14.0 0.0
72.0 -2.0 20.0 66.0 6.0 0.0
72.0 -2.0 22.0 70.0 6.0 -4.0
70.0 -2.0 24.0 66.0 6.0 -4.0
68.0 2.0 24.0 72.0 6.0 -4.0
68.0 6.0 22.0 74.0 10.0 0.0
68.0 6.0 22.0 76.0 10.0 -8.0
72.0 8.0 26.0 74.0 10.0 -8.0
76.0 6.0 26.0 74.0 12.0 -18.0
76.0 8.0 22.0 74.0 12.0 -8.0
66.0 6.0 22.0 74.0 12.0 -6.0
64.0 6.0 24.0 74.0 6.0 -6.0
64.0 6.0 26.0 72.0 6.0 -6.0
64.0 4.0 26.0 74.0 4.0 -12.0
66.0 2.0 20.0 72.0 4.0 -4.0
66.0 2.0 20.0 74.0 4.0 -14.0
66.0 6.0 18.0 74.0 8.0 -4.0
76.0 6.0 18.0 74.0 6.0 -4.0
66.0 6.0 18.0 76.0 8.0 -4.0
66.0 4.0 24.0 74.0 6.0 -4.0
66.0 6.0 26.0 72.0 4.0 -10.0
66.0 4.0 26.0 72.0 0.0 -10.0
66.0 6.0 26.0 70.0 4.0 -6.0
66.0 -2.0 26.0 72.0 6.0 -6.0
68.0 2.0 30.0 70.0 6.0 -8.0
68.0 2.0 18.0 70.0 6.0 -8.0
68.0 2.0 30.0 68.0 6.0 -8.0
66.0 0.0 32.0 68.0 6.0 -4.0
68.0 0.0 32.0 68.0 6.0 -4.0
64.0 2.0 28.0 68.0 6.0 -4.0
64.0 4.0 28.0 68.0 6.0 -4.0
64.0 2.0 28.0 68.0 6.0 -10.0
64.0 2.0 22.0 68.0 6.0 0.0
62.0 0.0 24.0 66.0 4.0 -10.0
62.0 0.0 24.0 66.0 6.0 -4.0
62.0 0.0 26.0 66.0 4.0 -10.0
62.0 -2.0 26.0 68.0 10.0 -4.0
68.0 -6.0 26.0 68.0 6.0 -8.0
64.0 -4.0 26.0 66.0 12.0 -4.0
66.0 -8.0 26.0 66.0 12.0 -8.0
64.0 -8.0 26.0 66.0 12.0 -8.0
64.0 -8.0 30.0 66.0 6.0 -8.0
64.0 0.0 32.0 66.0 6.0 -8.0
62.0 2.0 30.0 66.0 6.0 -8.0
62.0 4.0 28.0 68.0 8.0 -8.0
62.0 4.0 26.0 68.0 8.0 -4.0
66.0 6.0 18.0 68.0 6.0 -4.0
66.0 6.0 18.0 70.0 -8.0 -4.0
62.0 2.0 26.0 68.0 -8.0 -8.0
62.0 -4.0 26.0 70.0 4.0 -6.0
56.0 -2.0 26.0 64.0 4.0 -6.0
60.0 -2.0 22.0 68.0 4.0 -6.0
58.0 2.0 22.0 64.0 4.0 -4.0
58.0 2.0 20.0 68.0 10.0 -2.0
58.0 -14.0 26.0 66.0 10.0 -2.0
58.0 -14.0 18.0 66.0 8.0 -4.0
64.0 0.0 26.0 64.0 8.0 -4.0
64.0 2.0 22.0 64.0 8.0 -8.0
68.0 2.0 22.0 64.0 8.0 2.0
64.0 -2.0 22.0 64.0 8.0 -8.0
62.0 -2.0 22.0 58.0 8.0 -2.0
62.0 -6.0 28.0 58.0 8.0 -10.0
62.0 -6.0 28.0 62.0 6.0 -10.0
44.0 -6.0 28.0 70.0 4.0 -10.0
44.0 -2.0 28.0 68.0 4.0 -8.0
62.0 -2.0 28.0 68.0 8.0 -6.0
64.0 -2.0 28.0 68.0 12.0 -2.0
70.0 4.0 26.0 68.0 8.0 -2.0
70.0 4.0 26.0 72.0 8.0 -2.0
70.0 4.0 26.0 74.0 2.0 -2.0
68.0 8.0 26.0 74.0 4.0 -2.0
64.0 8.0 22.0 68.0 2.0 -4.0
64.0 2.0 22.0 68.0 4.0 -4.0
62.0 2.0 20.0 66.0 6.0 -4.0
62.0 2.0 24.0 68.0 6.0 -2.0
62.0 -2.0 20.0 66.0 6.0 -4.0
64.0 -2.0 20.0 72.0 8.0 -4.0
66.0 4.0 20.0 64.0 8.0 -10.0
66.0 4.0 20.0 68.0 8.0 -10.0
64.0 2.0 18.0 66.0 4.0 -6.0
62.0 -2.0 26.0 68.0 8.0 -4.0
62.0 -2.0 18.0 66.0 10.0 -6.0
62.0 4.0 22.0 66.0 10.0 -6.0
