# Target: wrist_down
# Dominant_Vision: Open Hand
-2.0 -4.0 0.0 14.0 -2.0 -2.0
-2.0 -2.0 0.0 12.0 -2.0 0.0
-4.0 -4.0 -2.0 12.0 -2.0 -2.0
-8.0 -4.0 -4.0 6.0 -2.0 0.0
-8.0 -6.0 -4.0 6.0 0.0 4.0
-8.0 -6.0 -4.0 8.0 0.0 4.0
-8.0 -6.0 -2.0 8.0 -2.0 2.0
-8.0 -10.0 4.0 8.0 -2.0 2.0
-10.0 -6.0 -2.0 8.0 -2.0 4.0
-12.0 -6.0 0.0 8.0 -2.0 6.0
-12.0 -6.0 -12.0 8.0 -2.0 4.0
-8.0 -6.0 -10.0 -4.0 -2.0 0.0
-6.0 -8.0 -10.0 -4.0 0.0 0.0
-4.0 -8.0 -10.0 2.0 0.0 0.0
-6.0 -8.0 -10.0 12.0 6.0 -2.0
-4.0 -12.0 -10.0 14.0 0.0 -2.0
-2.0 -12.0 -10.0 14.0 0.0 -2.0
-2.0 -34.0 -8.0 10.0 -2.0 0.0
-8.0 -34.0 -4.0 10.0 -2.0 2.0
-8.0 -4.0 -2.0 10.0 -4.0 2.0
-8.0 -2.0 -2.0 12.0 0.0 -2.0
-8.0 -2.0 -2.0 8.0 -2.0 -2.0
-6.0 -36.0 -2.0 8.0 -2.0 -4.0
-8.0 -36.0 -4.0 8.0 -2.0 -4.0
-6.0 -36.0 -6.0 10.0 -2.0 -2.0
-2.0 -16.0 -6.0 10.0 0.0 -2.0
-2.0 -16.0 -4.0 8.0 2.0 -2.0
-2.0 -8.0 -4.0 4.0 2.0 -2.0
-8.0 -6.0 -4.0 8.0 4.0 0.0
-8.0 -8.0 -6.0 12.0 2.0 0.0
-8.0 -6.0 -4.0 12.0 2.0 0.0
-2.0 -10.0 -6.0 16.0 0.0 0.0
0.0 -4.0 -4.0 16.0 2.0 2.0
2.0 -4.0 -6.0 20.0 2.0 2.0
2.0 -4.0 -2.0 20.0 2.0 4.0
8.0 -8.0 -12.0 24.0 4.0 8.0
8.0 -8.0 0.0 28.0 2.0 8.0
8.0 -6.0 -2.0 30.0 4.0 10.0
8.0 -6.0 0.0 54.0 8.0 10.0
12.0 -2.0 0.0 72.0 12.0 4.0
16.0 -2.0 0.0 88.0 12.0 4.0
18.0 -2.0 0.0 98.0 12.0 8.0
24.0 -6.0 0.0 100.0 16.0 8.0
32.0 -6.0 4.0 100.0 22.0 10.0
46.0 -2.0 6.0 100.0 46.0 10.0
54.0 -2.0 6.0 100.0 48.0 10.0
76.0 -2.0 6.0 100.0 56.0 10.0
76.0 -2.0 6.0 100.0 72.0 12.0
84.0 -2.0 18.0 100.0 74.0 18.0
96.0 -2.0 30.0 100.0 92.0 18.0
100.0 0.0 30.0 100.0 100.0 22.0
100.0 8.0 36.0 100.0 100.0 26.0
100.0 0.0 48.0 100.0 100.0 26.0
100.0 8.0 50.0 100.0 100.0 26.0
100.0 4.0 50.0 100.0 100.0 28.0
100.0 12.0 58.0 100.0 100.0 24.0
100.0 4.0 60.0 100.0 100.0 26.0
100.0 10.0 70.0 100.0 100.0 26.0
100.0 10.0 70.0 100.0 100.0 26.0
100.0 16.0 84.0 100.0 100.0 28.0
100.0 16.0 84.0 100.0 100.0 26.0
100.0 12.0 84.0 100.0 100.0 28.0
100.0 12.0 90.0 100.0 100.0 28.0
100.0 12.0 92.0 100.0 100.0 32.0
100.0 16.0 92.0 100.0 100.0 28.0
100.0 20.0 92.0 100.0 100.0 26.0
100.0 20.0 88.0 100.0 100.0 26.0
100.0 10.0 88.0 100.0 100.0 22.0
100.0 10.0 96.0 100.0 100.0 22.0
100.0 8.0 96.0 100.0 100.0 12.0
100.0 16.0 94.0 100.0 100.0 12.0
100.0 14.0 88.0 100.0 100.0 26.0
100.0 20.0 88.0 100.0 100.0 28.0
100.0 16.0 88.0 100.0 100.0 28.0
100.0 16.0 90.0 100.0 100.0 28.0
100.0 14.0 90.0 100.0 100.0 26.0
100.0 4.0 90.0 100.0 100.0 26.0
100.0 14.0 90.0 100.0 100.0 24.0
100.0 6.0 92.0 100.0 100.0 24.0
100.0 14.0 86.0 100.0 100.0 22.0
100.0 14.0 92.0 100.0 100.0 22.0
100.0 14.0 92.0 100.0 100.0 28.0
100.0 14.0 92.0 100.0 100.0 28.0
100.0 10.0 92.0 100.0 100.0 28.0
100.0 10.0 92.0 100.0 100.0 28.0
100.0 16.0 98.0 100.0 100.0 26.0
100.0 16.0 92.0 100.0 100.0 26.0
100.0 10.0 96.0 100.0 100.0 28.0
100.0 10.0 92.0 100.0 100.0 28.0
100.0 12.0 88.0 100.0 100.0 28.0
100.0 12.0 88.0 100.0 100.0 30.0
100.0 12.0 94.0 100.0 100.0 30.0
100.0 14.0 94.0 100.0 100.0 24.0
100.0 14.0 92.0 100.0 100.0 24.0
100.0 12.0 92.0 100.0 100.0 30.0
100.0 12.0 90.0 100.0 100.0 32.0
100.0 12.0 94.0 100.0 100.0 32.0
100.0 10.0 92.0 100.0 100.0 28.0
100.0 10.0 92.0 100.0 100.0 28.0
100.0 10.0 92.0 100.0 100.0 28.0
100.0 8.0 92.0 100.0 100.0 26.0
100.0 4.0 92.0 100.0 100.0 24.0
100.0 4.0 96.0 100.0 100.0 24.0
100.0 8.0 96.0 100.0 100.0 28.0
100.0 8.0 94.0 100.0 100.0 30.0
100.0 12.0 92.0 100.0 100.0 30.0
100.0 10.0 92.0 100.0 100.0 24.0
100.0 10.0 90.0 100.0 100.0 24.0
100.0 8.0 90.0 100.0 100.0 24.0
100.0 8.0 92.0 100.0 100.0 24.0
100.0 8.0 92.0 100.0 100.0 30.0
100.0 8.0 92.0 100.0 100.0 28.0
100.0 8.0 86.0 100.0 100.0 28.0
100.0 8.0 84.0 100.0 100.0 28.0
100.0 8.0 84.0 100.0 100.0 30.0
100.0 8.0 84.0 100.0 100.0 34.0
100.0 8.0 86.0 100.0 100.0 30.0
100.0 6.0 86.0 100.0 100.0 26.0
100.0 2.0 84.0 100.0 100.0 22.0
100.0 2.0 84.0 100.0 100.0 22.0
100.0 6.0 84.0 100.0 100.0 14.0
100.0 6.0 82.0 100.0 100.0 18.0
100.0 2.0 78.0 100.0 100.0 18.0
100.0 0.0 78.0 100.0 100.0 18.0
100.0 -6.0 76.0 100.0 100.0 14.0
100.0 -6.0 74.0 100.0 100.0 14.0
100.0 -6.0 74.0 100.0 100.0 14.0
100.0 -6.0 62.0 100.0 100.0 12.0
100.0 -6.0 62.0 100.0 100.0 12.0
100.0 -6.0 58.0 100.0 94.0 12.0
100.0 -8.0 56.0 100.0 82.0 10.0
100.0 -8.0 54.0 100.0 80.0 8.0
100.0 -6.0 50.0 100.0 70.0 8.0
100.0 -6.0 34.0 100.0 62.0 12.0
100.0 -10.0 34.0 100.0 56.0 12.0
100.0 -10.0 34.0 100.0 50.0 6.0
100.0 -8.0 24.0 100.0 42.0 2.0
100.0 -8.0 20.0 100.0 30.0 2.0
100.0 -8.0 20.0 100.0 30.0 2.0
100.0 -4.0 20.0 100.0 26.0 6.0
100.0 -8.0 12.0 100.0 16.0 6.0
100.0 -12.0 12.0 100.0 16.0 4.0
100.0 -12.0 16.0 100.0 16.0 -4.0
100.0 -12.0 16.0 88.0 12.0 4.0
72.0 -6.0 12.0 84.0 12.0 0.0
68.0 -6.0 6.0 84.0 12.0 2.0
68.0 -4.0 -4.0 84.0 14.0 0.0
68.0 -4.0 -4.0 74.0 12.0 2.0
68.0 -2.0 -2.0 74.0 8.0 -6.0
64.0 -8.0 -2.0 74.0 6.0 -2.0
64.0 -8.0 -4.0 70.0 8.0 -6.0
68.0 -10.0 -4.0 72.0 10.0 -2.0
68.0 -10.0 2.0 70.0 10.0 4.0
66.0 -10.0 2.0 72.0 10.0 4.0
62.0 -12.0 -10.0 62.0 14.0 4.0
62.0 -12.0 -10.0 64.0 14.0 2.0
64.0 -6.0 2.0 62.0 8.0 2.0
64.0 -6.0 2.0 64.0 8.0 2.0
64.0 0.0 -4.0 64.0 2.0 6.0
62.0 -4.0 -4.0 64.0 10.0 0.0
62.0 -4.0 -4.0 64.0 4.0 4.0
60.0 -4.0 2.0 60.0 10.0 2.0
56.0 -8.0 -6.0 58.0 8.0 2.0
60.0 -8.0 -6.0 54.0 8.0 2.0
56.0 -8.0 -6.0 54.0 8.0 0.0
60.0 -2.0 -4.0 54.0 8.0 4.0
60.0 -2.0 -2.0 56.0 8.0 0.0
60.0 -8.0 -2.0 54.0 8.0 0.0
54.0 -10.0 -8.0 54.0 10.0 0.0
38.0 -10.0 -8.0 54.0 10.0 -2.0
16.0 -6.0 0.0 52.0 10.0 -2.0
14.0 -6.0 2.0 52.0 16.0 -2.0
14.0 -4.0 0.0 46.0 16.0 -2.0
14.0 -6.0 2.0 52.0 14.0 0.0
10.0 -10.0 2.0 52.0 4.0 0.0
14.0 -10.0 2.0 52.0 14.0 0.0
12.0 -4.0 -2.0 52.0 4.0 0.0
12.0 -4.0 -2.0 50.0 10.0 2.0
12.0 -4.0 -2.0 50.0 8.0 8.0
12.0 -6.0 -4.0 46.0 10.0 8.0
18.0 -6.0 -4.0 46.0 8.0 -4.0
18.0 -6.0 0.0 40.0 10.0 -4.0
20.0 -8.0 0.0 48.0 8.0 2.0
20.0 -10.0 0.0 50.0 8.0 6.0
20.0 -8.0 -2.0 50.0 8.0 2.0
18.0 -6.0 0.0 48.0 6.0 -2.0
18.0 -6.0 -30.0 42.0 8.0 -2.0
16.0 -6.0 -2.0 42.0 6.0 -2.0
16.0 -2.0 -2.0 40.0 8.0 2.0
14.0 -2.0 -2.0 40.0 6.0 2.0
14.0 -2.0 -2.0 40.0 0.0 0.0
14.0 -4.0 -2.0 48.0 0.0 0.0
16.0 -10.0 -2.0 52.0 6.0 0.0
20.0 -10.0 -2.0 50.0 6.0 4.0
20.0 -10.0 -2.0 50.0 6.0 4.0
18.0 -10.0 -4.0 48.0 6.0 6.0
4.0 -6.0 -8.0 48.0 12.0 4.0
4.0 -6.0 -4.0 44.0 6.0 4.0
10.0 -6.0 -4.0 44.0 2.0 4.0
14.0 -10.0 -4.0 44.0 2.0 -4.0
18.0 -10.0 -4.0 46.0 4.0 2.0
14.0 -10.0 -2.0 38.0 4.0 0.0
10.0 -10.0 -2.0 46.0 4.0 2.0
8.0 -2.0 -4.0 46.0 8.0 0.0
8.0 -10.0 -6.0 46.0 6.0 0.0
12.0 -10.0 -4.0 50.0 6.0 0.0
12.0 -10.0 -6.0 50.0 6.0 0.0
12.0 -8.0 0.0 50.0 14.0 0.0
12.0 -8.0 -2.0 46.0 14.0 -6.0
12.0 -8.0 2.0 46.0 10.0 -6.0
14.0 -8.0 -2.0 44.0 8.0 -6.0
14.0 -8.0 -8.0 44.0 6.0 -6.0
14.0 -14.0 -8.0 42.0 6.0 2.0
8.0 -14.0 -6.0 42.0 6.0 2.0
10.0 -14.0 0.0 38.0 6.0 2.0
10.0 -8.0 -6.0 46.0 10.0 0.0
12.0 -14.0 -4.0 42.0 4.0 4.0
14.0 -12.0 -4.0 42.0 10.0 2.0
14.0 -12.0 -2.0 42.0 2.0 2.0
14.0 -12.0 -2.0 48.0 2.0 -2.0
14.0 -10.0 -2.0 48.0 2.0 -4.0
14.0 -6.0 0.0 48.0 6.0 -6.0
14.0 -10.0 0.0 48.0 6.0 -8.0
18.0 -6.0 0.0 50.0 6.0 -8.0
18.0 -6.0 -2.0 50.0 6.0 -6.0
18.0 -6.0 -8.0 40.0 6.0 2.0
18.0 -6.0 -8.0 40.0 6.0 2.0
