# Target: wrist_down
# Dominant_Vision: Open Hand
0.0 6.0 0.0 -2.0 0.0 2.0
0.0 6.0 0.0 0.0 -4.0 0.0
0.0 6.0 6.0 0.0 -4.0 2.0
4.0 8.0 10.0 0.0 -4.0 0.0
10.0 8.0 10.0 2.0 -4.0 0.0
10.0 8.0 10.0 -6.0 -6.0 0.0
0.0 6.0 2.0 -6.0 2.0 -4.0
-2.0 4.0 2.0 -6.0 2.0 -4.0
-2.0 4.0 4.0 -4.0 2.0 -4.0
-2.0 8.0 14.0 -2.0 -2.0 2.0
4.0 10.0 8.0 0.0 -4.0 2.0
4.0 8.0 8.0 -2.0 -2.0 2.0
4.0 12.0 8.0 2.0 0.0 2.0
2.0 8.0 10.0 -2.0 2.0 -4.0
8.0 14.0 10.0 2.0 0.0 -4.0
2.0 8.0 10.0 -2.0 2.0 -4.0
4.0 12.0 8.0 2.0 -2.0 -8.0
4.0 12.0 4.0 -2.0 4.0 -8.0
4.0 12.0 8.0 4.0 0.0 -8.0
4.0 12.0 10.0 4.0 0.0 -4.0
6.0 8.0 10.0 4.0 0.0 -4.0
8.0 8.0 10.0 -2.0 0.0 2.0
8.0 12.0 14.0 -2.0 0.0 0.0
6.0 14.0 6.0 -2.0 0.0 0.0
2.0 14.0 6.0 -2.0 0.0 0.0
0.0 12.0 4.0 -2.0 0.0 0.0
-2.0 4.0 2.0 2.0 -2.0 0.0
0.0 4.0 4.0 2.0 -6.0 -4.0
10.0 14.0 2.0 6.0 -6.0 -4.0
10.0 14.0 10.0 4.0 4.0 -4.0
8.0 8.0 10.0 6.0 4.0 -4.0
2.0 6.0 10.0 8.0 -36.0 4.0
8.0 8.0 8.0 12.0 -36.0 4.0
16.0 10.0 6.0 12.0 -4.0 4.0
16.0 14.0 6.0 14.0 4.0 4.0
26.0 14.0 6.0 14.0 8.0 4.0
30.0 14.0 6.0 44.0 12.0 4.0
30.0 14.0 6.0 76.0 18.0 6.0
38.0 18.0 10.0 100.0 38.0 6.0
38.0 12.0 10.0 100.0 38.0 6.0
52.0 16.0 24.0 100.0 58.0 6.0
56.0 16.0 24.0 100.0 70.0 14.0
80.0 18.0 28.0 100.0 90.0 18.0
90.0 18.0 42.0 100.0 100.0 18.0
100.0 14.0 50.0 100.0 100.0 14.0
100.0 10.0 54.0 100.0 100.0 14.0
100.0 14.0 64.0 100.0 100.0 18.0
100.0 22.0 70.0 100.0 100.0 30.0
100.0 32.0 80.0 100.0 100.0 20.0
100.0 42.0 92.0 100.0 100.0 20.0
100.0 42.0 100.0 100.0 100.0 20.0
100.0 40.0 100.0 100.0 100.0 20.0
100.0 40.0 100.0 100.0 100.0 28.0
100.0 40.0 100.0 100.0 100.0 20.0
100.0 42.0 100.0 100.0 100.0 26.0
100.0 42.0 100.0 100.0 100.0 24.0
100.0 44.0 100.0 100.0 100.0 26.0
100.0 46.0 100.0 100.0 100.0 24.0
100.0 44.0 100.0 100.0 100.0 24.0
100.0 44.0 100.0 100.0 100.0 20.0
100.0 44.0 100.0 100.0 100.0 20.0
100.0 44.0 100.0 100.0 100.0 20.0
100.0 36.0 100.0 100.0 100.0 20.0
100.0 32.0 98.0 100.0 100.0 20.0
100.0 24.0 92.0 100.0 100.0 24.0
100.0 24.0 78.0 100.0 100.0 16.0
100.0 26.0 60.0 100.0 100.0 16.0
100.0 26.0 76.0 100.0 100.0 16.0
100.0 22.0 76.0 100.0 100.0 18.0
100.0 18.0 76.0 100.0 100.0 18.0
100.0 18.0 74.0 100.0 100.0 18.0
100.0 12.0 68.0 100.0 96.0 18.0
98.0 8.0 56.0 100.0 76.0 10.0
84.0 8.0 42.0 100.0 68.0 10.0
84.0 8.0 42.0 100.0 56.0 2.0
84.0 14.0 36.0 100.0 50.0 2.0
74.0 14.0 30.0 100.0 48.0 4.0
72.0 16.0 30.0 100.0 38.0 4.0
66.0 12.0 30.0 100.0 22.0 -4.0
56.0 8.0 24.0 100.0 22.0 -4.0
58.0 8.0 22.0 80.0 22.0 -6.0
54.0 12.0 18.0 58.0 18.0 -4.0
52.0 12.0 20.0 58.0 18.0 -2.0
48.0 12.0 14.0 58.0 14.0 -2.0
14.0 6.0 4.0 36.0 -2.0 -2.0
14.0 6.0 4.0 28.0 -2.0 -2.0
14.0 14.0 10.0 24.0 2.0 0.0
14.0 16.0 12.0 14.0 2.0 0.0
12.0 14.0 12.0 10.0 0.0 2.0
-32.0 8.0 2.0 10.0 -8.0 -2.0
-32.0 8.0 0.0 10.0 -8.0 2.0
-28.0 8.0 0.0 10.0 -6.0 0.0
-28.0 10.0 4.0 10.0 -6.0 0.0
-34.0 2.0 6.0 10.0 -6.0 0.0
-36.0 10.0 6.0 2.0 4.0 -4.0
-38.0 4.0 4.0 2.0 4.0 6.0
-38.0 6.0 4.0 2.0 2.0 -4.0
-36.0 6.0 4.0 2.0 2.0 -6.0
-30.0 6.0 -2.0 -14.0 -8.0 -6.0
-30.0 2.0 -2.0 -14.0 2.0 0.0
-30.0 2.0 0.0 -12.0 2.0 2.0
-30.0 8.0 0.0 -12.0 2.0 4.0
-30.0 8.0 -2.0 -18.0 -4.0 4.0
-36.0 8.0 -2.0 -24.0 -4.0 4.0
-40.0 12.0 -2.0 -24.0 -2.0 0.0
-42.0 14.0 -4.0 -24.0 -2.0 0.0
-42.0 14.0 -4.0 -20.0 -2.0 0.0
-42.0 14.0 -2.0 -26.0 -4.0 2.0
-42.0 14.0 2.0 -20.0 -4.0 2.0
-42.0 10.0 -2.0 -26.0 -4.0 4.0
-42.0 4.0 -2.0 -20.0 -4.0 -2.0
-44.0 0.0 -2.0 -20.0 -8.0 -2.0
-44.0 4.0 4.0 -20.0 -8.0 -4.0
-38.0 4.0 4.0 -22.0 -8.0 -6.0
-38.0 4.0 -4.0 -22.0 -2.0 -6.0
-44.0 4.0 -4.0 -22.0 -2.0 0.0
-44.0 4.0 -4.0 -22.0 -14.0 0.0
-44.0 8.0 -2.0 -20.0 -14.0 0.0
-38.0 12.0 -2.0 -24.0 -6.0 2.0
-46.0 12.0 -6.0 -18.0 -6.0 2.0
-46.0 10.0 -6.0 -24.0 -6.0 2.0
-46.0 6.0 -6.0 -18.0 -4.0 2.0
-46.0 4.0 -8.0 -18.0 -4.0 2.0
-46.0 6.0 -8.0 -18.0 -6.0 -4.0
-50.0 8.0 -4.0 -18.0 -6.0 -6.0
-50.0 8.0 -4.0 -24.0 -6.0 -6.0
-50.0 10.0 -4.0 -26.0 -6.0 -2.0
-50.0 8.0 -6.0 -26.0 -10.0 -2.0
-54.0 8.0 -2.0 -30.0 -6.0 -2.0
-96.0 8.0 -2.0 -24.0 -6.0 -8.0
-96.0 -2.0 -2.0 -30.0 -6.0 -8.0
-44.0 8.0 2.0 -24.0 -6.0 -12.0
-44.0 8.0 -4.0 -22.0 -8.0 -8.0
-44.0 8.0 2.0 -18.0 -6.0 -6.0
-44.0 8.0 0.0 -22.0 -8.0 -2.0
-46.0 2.0 0.0 -26.0 -8.0 -4.0
-48.0 2.0 0.0 -30.0 -8.0 -2.0
-46.0 4.0 0.0 -30.0 -6.0 -4.0
-44.0 6.0 0.0 -32.0 -6.0 -4.0
-44.0 6.0 0.0 -22.0 -10.0 -4.0
-38.0 6.0 -10.0 -22.0 -10.0 0.0
-38.0 0.0 -4.0 -22.0 -10.0 0.0
-38.0 8.0 -4.0 -22.0 -14.0 -6.0
-40.0 8.0 -4.0 -30.0 -14.0 -6.0
-42.0 8.0 -8.0 -22.0 -6.0 -4.0
-46.0 10.0 -8.0 -24.0 -6.0 -2.0
-84.0 10.0 -8.0 -22.0 -6.0 -2.0
-84.0 10.0 6.0 -22.0 -6.0 -2.0
-44.0 10.0 6.0 -20.0 -4.0 -2.0
-42.0 12.0 2.0 -20.0 -4.0 0.0
-40.0 12.0 0.0 -20.0 -4.0 2.0
-40.0 16.0 -4.0 -24.0 -6.0 0.0
-40.0 6.0 0.0 -24.0 -6.0 4.0
-44.0 6.0 -4.0 -18.0 -4.0 -4.0
-44.0 6.0 0.0 -18.0 -4.0 -4.0
-42.0 0.0 0.0 -22.0 -4.0 -4.0
-42.0 -30.0 0.0 -22.0 -2.0 -6.0
-42.0 -30.0 -2.0 -22.0 -2.0 -6.0
-42.0 10.0 -4.0 -20.0 -4.0 -12.0
-38.0 10.0 -8.0 -20.0 -4.0 -6.0
-38.0 10.0 -4.0 -18.0 -4.0 -6.0
-38.0 10.0 0.0 -24.0 -4.0 -2.0
-36.0 10.0 0.0 -22.0 -8.0 -6.0
-36.0 10.0 -2.0 -24.0 -4.0 -6.0
-36.0 10.0 -2.0 -24.0 -2.0 -6.0
-40.0 10.0 2.0 -26.0 -2.0 -6.0
-40.0 10.0 2.0 -24.0 0.0 2.0
-44.0 10.0 -2.0 -22.0 0.0 2.0
-46.0 4.0 -2.0 -22.0 -4.0 2.0
-44.0 6.0 0.0 -24.0 -4.0 -4.0
-42.0 6.0 0.0 -24.0 -4.0 -4.0
-38.0 10.0 0.0 -24.0 0.0 -4.0
-40.0 10.0 -2.0 -18.0 -6.0 -8.0
-40.0 10.0 -2.0 -20.0 -8.0 -2.0
-46.0 6.0 -2.0 -20.0 -8.0 4.0
-46.0 10.0 -4.0 -20.0 -6.0 4.0
-46.0 6.0 -4.0 -20.0 -4.0 -4.0
-46.0 10.0 -2.0 -20.0 -2.0 -4.0
-42.0 10.0 2.0 -20.0 -2.0 -4.0
-50.0 10.0 -2.0 -20.0 -2.0 -2.0
-42.0 10.0 -2.0 -20.0 -4.0 -2.0
-42.0 10.0 -2.0 -22.0 -8.0 0.0
-40.0 6.0 2.0 -24.0 -8.0 0.0
-40.0 6.0 4.0 -26.0 -8.0 -2.0
-42.0 10.0 2.0 -26.0 -4.0 -6.0
-92.0 10.0 -4.0 -26.0 -4.0 -6.0
-42.0 10.0 -4.0 -24.0 -4.0 -6.0
-48.0 8.0 0.0 -24.0 0.0 -6.0
-42.0 4.0 0.0 -26.0 0.0 -6.0
-42.0 4.0 0.0 -26.0 -4.0 -8.0
-40.0 4.0 0.0 -20.0 -8.0 -2.0
-40.0 8.0 0.0 -18.0 -8.0 -4.0
-40.0 8.0 0.0 -20.0 -8.0 -4.0
-40.0 4.0 8.0 -22.0 -8.0 -8.0
-38.0 -2.0 -4.0 -64.0 -6.0 -8.0
-38.0 -2.0 0.0 -24.0 -6.0 2.0
-46.0 6.0 0.0 -24.0 -2.0 2.0
-46.0 6.0 6.0 -24.0 -2.0 0.0
-46.0 6.0 6.0 -26.0 -2.0 0.0
-44.0 14.0 -2.0 -26.0 -2.0 2.0
-44.0 16.0 -6.0 -26.0 -2.0 2.0
-42.0 16.0 -6.0 -24.0 -4.0 2.0
-42.0 4.0 -6.0 -24.0 -8.0 -2.0
-42.0 4.0 -6.0 -26.0 -6.0 -6.0
-40.0 8.0 -2.0 -26.0 -8.0 -6.0
-38.0 8.0 0.0 -24.0 -6.0 -6.0
-38.0 4.0 6.0 -24.0 -6.0 -4.0
-42.0 4.0 6.0 -24.0 -6.0 -4.0
-44.0 4.0 0.0 -24.0 -6.0 -4.0
-44.0 10.0 -6.0 -24.0 -6.0 -4.0
-44.0 12.0 0.0 -24.0 -6.0 -4.0
-36.0 12.0 0.0 -24.0 -10.0 -6.0
-36.0 10.0 0.0 -24.0 -10.0 -4.0
-36.0 8.0 0.0 -22.0 -8.0 -4.0
-46.0 4.0 0.0 -24.0 -6.0 -2.0
-48.0 2.0 -2.0 -24.0 -8.0 -2.0
-48.0 4.0 -4.0 -24.0 -8.0 -2.0
-48.0 4.0 -4.0 -22.0 -8.0 -2.0
-46.0 4.0 0.0 -22.0 -8.0 -2.0
-46.0 4.0 0.0 -22.0 -6.0 -6.0
-46.0 12.0 -6.0 -20.0 -8.0 -2.0
-44.0 12.0 -6.0 -20.0 -8.0 -12.0
-40.0 12.0 0.0 -16.0 -8.0 -8.0
-40.0 12.0 0.0 -24.0 -2.0 -8.0
-42.0 10.0 0.0 -16.0 -2.0 0.0
-42.0 16.0 0.0 -24.0 -2.0 0.0
-42.0 10.0 4.0 -24.0 -4.0 2.0
-42.0 12.0 0.0 -24.0 -4.0 2.0
-44.0 10.0 0.0 -22.0 -4.0 2.0
-44.0 6.0 -2.0 -22.0 -4.0 2.0
-40.0 6.0 -4.0 -22.0 -8.0 0.0
-40.0 6.0 -8.0 -24.0 -8.0 0.0
-44.0 10.0 -8.0 -24.0 -4.0 -2.0
-46.0 10.0 -8.0 -18.0 -2.0 -2.0
-50.0 10.0 2.0 -18.0 -4.0 -4.0
-50.0 4.0 2.0 -18.0 -4.0 -2.0
-46.0 4.0 -4.0 -26.0 -4.0 -4.0
-46.0 12.0 -4.0 -26.0 -6.0 2.0
