# Target: wrist_down
# Dominant_Vision: Open Hand
0.0 2.0 -10.0 -2.0 2.0 0.0
0.0 6.0 -10.0 -2.0 4.0 0.0
0.0 6.0 -22.0 -2.0 4.0 2.0
-6.0 6.0 -22.0 -4.0 4.0 2.0
-6.0 8.0 -20.0 -4.0 4.0 2.0
4.0 8.0 -12.0 -4.0 6.0 2.0
4.0 8.0 -8.0 -4.0 6.0 2.0
0.0 8.0 -8.0 -4.0 4.0 2.0
0.0 8.0 -14.0 -6.0 2.0 2.0
2.0 -6.0 -16.0 -6.0 2.0 2.0
2.0 -6.0 -16.0 -8.0 2.0 2.0
2.0 4.0 -16.0 -6.0 2.0 -2.0
-2.0 4.0 -10.0 -6.0 4.0 -4.0
-2.0 4.0 -10.0 0.0 4.0 -4.0
-2.0 8.0 -12.0 -4.0 4.0 -2.0
2.0 8.0 -12.0 -2.0 2.0 -2.0
2.0 2.0 -16.0 -4.0 2.0 -2.0
0.0 2.0 -16.0 -8.0 6.0 -2.0
0.0 2.0 -16.0 -12.0 6.0 -4.0
0.0 10.0 -16.0 -12.0 2.0 0.0
2.0 10.0 -16.0 2.0 2.0 0.0
0.0 10.0 -16.0 2.0 4.0 0.0
4.0 8.0 -22.0 -10.0 4.0 0.0
-4.0 6.0 -8.0 -10.0 4.0 2.0
-4.0 6.0 -8.0 -10.0 6.0 2.0
-4.0 4.0 -8.0 -2.0 8.0 0.0
-4.0 6.0 -14.0 -12.0 8.0 -6.0
-4.0 2.0 -14.0 -8.0 4.0 0.0
-14.0 2.0 -14.0 -12.0 4.0 0.0
-14.0 2.0 -18.0 -8.0 4.0 0.0
-14.0 4.0 -18.0 -8.0 4.0 0.0
-10.0 6.0 -10.0 -8.0 4.0 -4.0
-10.0 6.0 -10.0 -4.0 4.0 -4.0
-6.0 4.0 -14.0 -4.0 4.0 2.0
-4.0 2.0 -14.0 -8.0 4.0 2.0
-4.0 2.0 -10.0 -8.0 4.0 4.0
-4.0 2.0 -6.0 -2.0 10.0 -4.0
-4.0 6.0 -10.0 0.0 10.0 0.0
2.0 6.0 -8.0 18.0 12.0 0.0
2.0 4.0 -12.0 50.0 10.0 0.0
2.0 2.0 -14.0 60.0 14.0 0.0
8.0 2.0 -14.0 74.0 16.0 8.0
28.0 6.0 -8.0 100.0 22.0 12.0
32.0 16.0 -8.0 100.0 30.0 12.0
54.0 24.0 -8.0 100.0 38.0 8.0
58.0 26.0 -2.0 100.0 50.0 4.0
72.0 26.0 8.0 100.0 64.0 4.0
96.0 32.0 14.0 100.0 70.0 14.0
100.0 48.0 32.0 100.0 100.0 18.0
100.0 54.0 36.0 100.0 100.0 22.0
100.0 54.0 40.0 100.0 100.0 24.0
100.0 54.0 42.0 100.0 100.0 24.0
100.0 56.0 42.0 100.0 100.0 24.0
100.0 62.0 42.0 100.0 100.0 20.0
100.0 72.0 48.0 100.0 100.0 20.0
100.0 74.0 54.0 100.0 100.0 22.0
100.0 78.0 60.0 100.0 100.0 22.0
100.0 88.0 60.0 100.0 100.0 20.0
100.0 88.0 64.0 100.0 100.0 20.0
100.0 90.0 64.0 100.0 100.0 16.0
100.0 90.0 74.0 100.0 100.0 16.0
100.0 92.0 80.0 100.0 100.0 20.0
100.0 92.0 80.0 100.0 100.0 20.0
100.0 92.0 82.0 100.0 100.0 24.0
100.0 94.0 84.0 100.0 100.0 28.0
100.0 98.0 100.0 100.0 100.0 30.0
100.0 98.0 100.0 100.0 100.0 38.0
100.0 100.0 100.0 100.0 100.0 38.0
100.0 100.0 100.0 100.0 100.0 38.0
100.0 100.0 100.0 100.0 100.0 32.0
100.0 100.0 100.0 100.0 100.0 38.0
100.0 100.0 100.0 100.0 100.0 36.0
100.0 100.0 100.0 100.0 100.0 36.0
100.0 100.0 100.0 100.0 100.0 30.0
100.0 100.0 100.0 100.0 100.0 30.0
100.0 100.0 100.0 100.0 100.0 30.0
100.0 100.0 100.0 100.0 100.0 22.0
100.0 100.0 100.0 100.0 100.0 22.0
100.0 100.0 100.0 100.0 100.0 22.0
100.0 100.0 90.0 100.0 100.0 22.0
100.0 100.0 90.0 100.0 100.0 20.0
100.0 100.0 98.0 100.0 100.0 20.0
100.0 100.0 100.0 100.0 100.0 22.0
100.0 98.0 100.0 100.0 100.0 24.0
100.0 96.0 100.0 100.0 100.0 24.0
100.0 96.0 100.0 100.0 100.0 24.0
100.0 92.0 100.0 100.0 100.0 24.0
100.0 94.0 100.0 100.0 100.0 22.0
100.0 92.0 92.0 100.0 100.0 22.0
100.0 88.0 84.0 100.0 100.0 22.0
100.0 82.0 74.0 100.0 100.0 22.0
100.0 74.0 62.0 100.0 100.0 22.0
100.0 64.0 62.0 100.0 100.0 22.0
100.0 58.0 58.0 100.0 100.0 18.0
100.0 50.0 48.0 100.0 100.0 16.0
100.0 38.0 48.0 100.0 100.0 16.0
100.0 32.0 48.0 100.0 100.0 12.0
100.0 32.0 30.0 100.0 100.0 8.0
96.0 32.0 30.0 100.0 100.0 8.0
96.0 22.0 24.0 100.0 94.0 8.0
78.0 22.0 14.0 100.0 82.0 6.0
74.0 22.0 10.0 100.0 66.0 6.0
64.0 20.0 8.0 100.0 56.0 4.0
56.0 20.0 0.0 100.0 46.0 2.0
48.0 18.0 -4.0 100.0 46.0 4.0
32.0 8.0 -4.0 100.0 30.0 2.0
30.0 18.0 -16.0 100.0 28.0 2.0
24.0 14.0 -16.0 84.0 26.0 -2.0
22.0 18.0 -18.0 68.0 20.0 -2.0
8.0 14.0 -16.0 50.0 20.0 -2.0
0.0 8.0 -16.0 48.0 20.0 -6.0
0.0 8.0 -16.0 18.0 20.0 -6.0
-8.0 14.0 -24.0 18.0 8.0 -6.0
-8.0 14.0 -24.0 18.0 8.0 0.0
-18.0 14.0 -28.0 32.0 10.0 0.0
-26.0 10.0 -26.0 18.0 18.0 2.0
-26.0 14.0 -30.0 18.0 18.0 2.0
-26.0 10.0 -26.0 14.0 16.0 2.0
-26.0 10.0 -24.0 18.0 10.0 2.0
-28.0 6.0 -22.0 18.0 8.0 2.0
-28.0 10.0 -22.0 18.0 8.0 0.0
-30.0 10.0 -16.0 18.0 8.0 -6.0
-30.0 14.0 -16.0 18.0 8.0 -6.0
-30.0 14.0 -18.0 18.0 12.0 -4.0
-28.0 12.0 -18.0 18.0 12.0 2.0
-28.0 6.0 -18.0 28.0 12.0 -4.0
-26.0 4.0 -26.0 18.0 12.0 -4.0
-20.0 4.0 -26.0 28.0 8.0 -4.0
-20.0 6.0 -26.0 18.0 8.0 -2.0
-26.0 8.0 -20.0 30.0 8.0 4.0
-28.0 8.0 -26.0 18.0 8.0 4.0
-26.0 10.0 -22.0 16.0 8.0 4.0
-24.0 6.0 -22.0 16.0 10.0 -2.0
-24.0 8.0 -22.0 28.0 10.0 -4.0
-26.0 8.0 -30.0 28.0 10.0 -6.0
-26.0 14.0 -30.0 26.0 8.0 -6.0
-26.0 14.0 -24.0 26.0 8.0 0.0
-26.0 6.0 -20.0 10.0 4.0 0.0
-26.0 6.0 -20.0 28.0 2.0 2.0
-24.0 6.0 -14.0 28.0 2.0 4.0
-24.0 8.0 -14.0 28.0 2.0 4.0
-30.0 10.0 -14.0 18.0 6.0 4.0
-30.0 12.0 -14.0 14.0 6.0 4.0
-30.0 12.0 -14.0 14.0 10.0 4.0
-30.0 6.0 -14.0 8.0 10.0 2.0
-30.0 6.0 -22.0 8.0 10.0 0.0
-30.0 2.0 -14.0 8.0 12.0 0.0
-20.0 8.0 -14.0 12.0 12.0 0.0
-20.0 8.0 -14.0 14.0 12.0 -4.0
-22.0 10.0 -14.0 14.0 10.0 -4.0
-22.0 12.0 -16.0 14.0 4.0 -2.0
-20.0 10.0 -18.0 26.0 10.0 -2.0
-20.0 12.0 -30.0 18.0 6.0 -2.0
-20.0 14.0 -22.0 30.0 10.0 -2.0
-18.0 14.0 -22.0 18.0 14.0 0.0
-18.0 14.0 -22.0 14.0 14.0 0.0
-24.0 12.0 -22.0 14.0 4.0 0.0
-24.0 2.0 -22.0 18.0 4.0 -4.0
-20.0 2.0 -24.0 18.0 8.0 2.0
-18.0 8.0 -24.0 32.0 8.0 -4.0
-18.0 8.0 -24.0 14.0 8.0 -4.0
-24.0 8.0 -24.0 14.0 8.0 -4.0
-24.0 12.0 -24.0 14.0 8.0 -2.0
-24.0 12.0 -18.0 28.0 8.0 2.0
-18.0 10.0 -18.0 28.0 8.0 -2.0
-20.0 10.0 -16.0 18.0 8.0 -2.0
-20.0 10.0 -16.0 18.0 8.0 -2.0
-20.0 10.0 -16.0 16.0 8.0 -2.0
-20.0 2.0 -22.0 12.0 8.0 -2.0
-16.0 2.0 -22.0 16.0 8.0 6.0
-16.0 8.0 -22.0 28.0 12.0 0.0
-20.0 14.0 -22.0 28.0 12.0 2.0
-20.0 14.0 -24.0 14.0 8.0 0.0
-18.0 10.0 -24.0 14.0 8.0 -4.0
-14.0 10.0 -24.0 16.0 4.0 -6.0
-18.0 2.0 -24.0 18.0 4.0 -6.0
-18.0 8.0 -20.0 30.0 8.0 -6.0
-18.0 8.0 -16.0 30.0 8.0 -2.0
-16.0 8.0 -14.0 28.0 8.0 -2.0
-14.0 8.0 -14.0 28.0 6.0 0.0
-14.0 8.0 -18.0 30.0 12.0 0.0
-14.0 8.0 -24.0 30.0 6.0 2.0
-24.0 10.0 -24.0 28.0 6.0 6.0
-24.0 8.0 -24.0 14.0 6.0 6.0
-24.0 6.0 -24.0 16.0 6.0 6.0
-16.0 6.0 -22.0 16.0 12.0 6.0
-16.0 2.0 -24.0 16.0 6.0 6.0
-16.0 2.0 -22.0 26.0 8.0 6.0
-18.0 2.0 -24.0 16.0 8.0 0.0
-20.0 2.0 -20.0 30.0 8.0 0.0
-20.0 2.0 -20.0 18.0 10.0 2.0
-22.0 2.0 -16.0 18.0 10.0 2.0
-20.0 6.0 -20.0 18.0 10.0 2.0
-18.0 6.0 -22.0 18.0 10.0 0.0
-18.0 6.0 -22.0 18.0 6.0 2.0
-16.0 6.0 -24.0 18.0 4.0 -2.0
-18.0 4.0 -24.0 16.0 4.0 2.0
-18.0 8.0 -26.0 16.0 4.0 4.0
-18.0 2.0 -28.0 16.0 4.0 4.0
-20.0 14.0 -26.0 16.0 4.0 4.0
-20.0 8.0 -18.0 16.0 16.0 0.0
-18.0 14.0 -18.0 18.0 16.0 0.0
-18.0 8.0 -16.0 18.0 6.0 0.0
-20.0 14.0 -20.0 18.0 6.0 2.0
-20.0 6.0 -22.0 18.0 6.0 4.0
-20.0 6.0 -22.0 30.0 4.0 4.0
-20.0 6.0 -22.0 18.0 4.0 6.0
-12.0 8.0 -20.0 32.0 4.0 6.0
-12.0 14.0 -20.0 38.0 4.0 6.0
-16.0 14.0 -18.0 38.0 8.0 4.0
-16.0 8.0 -18.0 34.0 8.0 0.0
-10.0 6.0 -18.0 34.0 8.0 -4.0
-10.0 6.0 -20.0 34.0 10.0 0.0
-14.0 0.0 -20.0 30.0 10.0 2.0
-14.0 6.0 -18.0 30.0 8.0 6.0
-14.0 8.0 -14.0 28.0 8.0 6.0
-8.0 12.0 -14.0 28.0 8.0 6.0
-8.0 8.0 -14.0 28.0 8.0 6.0
-8.0 4.0 -22.0 28.0 16.0 6.0
-8.0 4.0 -20.0 28.0 16.0 6.0
-6.0 10.0 -22.0 32.0 14.0 2.0
-6.0 16.0 -20.0 32.0 12.0 2.0
-16.0 10.0 -24.0 32.0 12.0 2.0
-16.0 10.0 -18.0 32.0 10.0 0.0
-16.0 10.0 -24.0 32.0 10.0 -2.0
-12.0 6.0 -18.0 34.0 10.0 -2.0
-14.0 8.0 -28.0 34.0 10.0 -4.0
-14.0 8.0 -20.0 34.0 10.0 2.0
-16.0 8.0 -20.0 34.0 10.0 2.0
-20.0 4.0 -16.0 34.0 10.0 2.0
-16.0 4.0 -14.0 34.0 10.0 -2.0
-10.0 8.0 -16.0 30.0 10.0 -2.0
-8.0 12.0 -20.0 18.0 6.0 -4.0
-10.0 12.0 -22.0 28.0 6.0 -4.0
-12.0 10.0 -24.0 28.0 8.0 0.0
-12.0 6.0 -28.0 30.0 8.0 0.0
