# Target: wrist_down
# Dominant_Vision: Open Hand
12.0 0.0 2.0 4.0 0.0 2.0
12.0 -2.0 2.0 12.0 2.0 0.0
14.0 -6.0 2.0 12.0 2.0 2.0
12.0 -2.0 8.0 14.0 0.0 2.0
10.0 6.0 0.0 14.0 -4.0 2.0
10.0 6.0 6.0 14.0 -4.0 0.0
14.0 4.0 6.0 6.0 -2.0 0.0
14.0 4.0 6.0 4.0 0.0 0.0
14.0 4.0 0.0 6.0 -2.0 -2.0
14.0 4.0 0.0 10.0 2.0 -6.0
16.0 -2.0 8.0 10.0 -2.0 -6.0
16.0 -2.0 8.0 8.0 -4.0 -6.0
16.0 -2.0 8.0 6.0 -4.0 -4.0
12.0 -10.0 4.0 8.0 -4.0 -4.0
12.0 -2.0 4.0 10.0 0.0 -2.0
12.0 4.0 4.0 10.0 0.0 0.0
12.0 4.0 2.0 14.0 0.0 -2.0
12.0 4.0 8.0 6.0 -4.0 -2.0
4.0 -2.0 8.0 6.0 -4.0 -2.0
12.0 -2.0 10.0 6.0 -10.0 4.0
14.0 -2.0 10.0 10.0 -10.0 4.0
14.0 -2.0 8.0 10.0 -10.0 0.0
10.0 -2.0 6.0 8.0 -2.0 -2.0
10.0 -2.0 6.0 8.0 -4.0 -2.0
10.0 -2.0 6.0 12.0 -4.0 0.0
20.0 -2.0 6.0 12.0 -10.0 0.0
20.0 4.0 6.0 12.0 -10.0 0.0
16.0 0.0 6.0 10.0 2.0 0.0
16.0 8.0 4.0 10.0 2.0 2.0
10.0 0.0 4.0 6.0 -10.0 2.0
10.0 0.0 10.0 6.0 -10.0 2.0
10.0 0.0 10.0 6.0 0.0 4.0
16.0 4.0 10.0 8.0 0.0 4.0
16.0 4.0 6.0 8.0 -4.0 6.0
16.0 4.0 4.0 8.0 -4.0 8.0
14.0 4.0 4.0 8.0 -6.0 8.0
14.0 6.0 8.0 8.0 -6.0 4.0
14.0 6.0 10.0 22.0 -6.0 4.0
14.0 6.0 8.0 26.0 -6.0 4.0
20.0 10.0 4.0 26.0 0.0 8.0
20.0 14.0 4.0 44.0 2.0 8.0
56.0 14.0 14.0 58.0 2.0 6.0
62.0 16.0 14.0 72.0 2.0 4.0
86.0 16.0 14.0 90.0 4.0 6.0
88.0 16.0 24.0 100.0 8.0 8.0
100.0 22.0 28.0 100.0 28.0 10.0
100.0 22.0 34.0 100.0 30.0 12.0
100.0 28.0 42.0 100.0 42.0 14.0
100.0 30.0 48.0 100.0 60.0 22.0
100.0 32.0 56.0 100.0 68.0 22.0
100.0 32.0 56.0 100.0 82.0 18.0
100.0 32.0 60.0 100.0 100.0 16.0
100.0 32.0 60.0 100.0 100.0 18.0
100.0 32.0 64.0 100.0 100.0 22.0
100.0 34.0 66.0 100.0 100.0 22.0
100.0 52.0 90.0 100.0 100.0 26.0
100.0 56.0 100.0 100.0 100.0 28.0
100.0 68.0 100.0 100.0 100.0 28.0
100.0 68.0 100.0 100.0 100.0 26.0
100.0 66.0 100.0 100.0 100.0 26.0
100.0 64.0 100.0 100.0 100.0 28.0
100.0 66.0 100.0 100.0 100.0 32.0
100.0 74.0 100.0 100.0 100.0 28.0
100.0 78.0 100.0 100.0 100.0 26.0
100.0 78.0 100.0 100.0 100.0 26.0
100.0 78.0 100.0 100.0 100.0 32.0
100.0 74.0 100.0 100.0 100.0 32.0
100.0 80.0 100.0 100.0 100.0 30.0
100.0 80.0 100.0 100.0 100.0 30.0
100.0 84.0 100.0 100.0 100.0 30.0
100.0 84.0 100.0 100.0 100.0 30.0
100.0 84.0 100.0 100.0 100.0 30.0
100.0 84.0 100.0 100.0 100.0 28.0
100.0 86.0 100.0 100.0 100.0 28.0
100.0 88.0 100.0 100.0 100.0 28.0
100.0 88.0 100.0 100.0 100.0 30.0
100.0 84.0 100.0 100.0 100.0 36.0
100.0 82.0 100.0 100.0 100.0 38.0
100.0 82.0 100.0 100.0 100.0 36.0
100.0 82.0 100.0 100.0 100.0 28.0
100.0 86.0 100.0 100.0 100.0 28.0
100.0 86.0 100.0 100.0 100.0 38.0
100.0 86.0 100.0 100.0 100.0 38.0
100.0 94.0 100.0 100.0 100.0 34.0
100.0 94.0 100.0 100.0 100.0 34.0
100.0 94.0 100.0 100.0 100.0 36.0
100.0 98.0 100.0 100.0 100.0 36.0
100.0 98.0 100.0 100.0 100.0 36.0
100.0 100.0 100.0 100.0 100.0 36.0
100.0 100.0 100.0 100.0 100.0 34.0
100.0 98.0 100.0 100.0 100.0 48.0
100.0 98.0 100.0 100.0 100.0 38.0
100.0 100.0 100.0 100.0 100.0 38.0
100.0 100.0 100.0 100.0 100.0 38.0
100.0 100.0 100.0 100.0 100.0 36.0
100.0 100.0 100.0 100.0 100.0 46.0
100.0 100.0 100.0 100.0 100.0 42.0
100.0 100.0 100.0 100.0 100.0 44.0
100.0 100.0 100.0 100.0 100.0 42.0
100.0 100.0 100.0 100.0 100.0 44.0
100.0 100.0 100.0 100.0 100.0 40.0
100.0 100.0 100.0 100.0 100.0 40.0
100.0 100.0 100.0 100.0 100.0 40.0
100.0 100.0 100.0 100.0 100.0 44.0
100.0 100.0 100.0 100.0 100.0 44.0
100.0 100.0 100.0 100.0 100.0 46.0
100.0 100.0 100.0 100.0 100.0 46.0
100.0 100.0 100.0 100.0 100.0 50.0
100.0 100.0 100.0 100.0 100.0 50.0
100.0 100.0 100.0 100.0 100.0 52.0
100.0 100.0 100.0 100.0 100.0 50.0
100.0 100.0 100.0 100.0 100.0 50.0
100.0 100.0 100.0 100.0 100.0 48.0
100.0 100.0 100.0 100.0 100.0 36.0
100.0 100.0 100.0 100.0 100.0 36.0
100.0 100.0 100.0 100.0 100.0 42.0
100.0 100.0 100.0 100.0 100.0 50.0
100.0 98.0 100.0 100.0 100.0 50.0
100.0 98.0 100.0 100.0 100.0 50.0
100.0 100.0 100.0 100.0 100.0 46.0
100.0 100.0 100.0 100.0 100.0 46.0
100.0 96.0 100.0 100.0 100.0 46.0
100.0 94.0 100.0 100.0 100.0 44.0
100.0 94.0 100.0 100.0 100.0 44.0
100.0 84.0 100.0 100.0 100.0 42.0
100.0 68.0 100.0 100.0 100.0 44.0
100.0 58.0 100.0 100.0 100.0 38.0
100.0 54.0 100.0 100.0 100.0 38.0
100.0 54.0 100.0 100.0 100.0 28.0
100.0 46.0 100.0 100.0 100.0 28.0
100.0 40.0 100.0 100.0 100.0 30.0
100.0 38.0 100.0 100.0 96.0 34.0
100.0 34.0 100.0 100.0 84.0 34.0
100.0 26.0 100.0 100.0 72.0 30.0
100.0 26.0 100.0 100.0 66.0 24.0
100.0 20.0 100.0 100.0 56.0 16.0
100.0 20.0 100.0 100.0 48.0 16.0
100.0 16.0 88.0 100.0 40.0 14.0
100.0 16.0 86.0 100.0 34.0 12.0
100.0 18.0 84.0 100.0 26.0 12.0
100.0 18.0 76.0 100.0 26.0 8.0
100.0 20.0 64.0 100.0 28.0 12.0
100.0 28.0 52.0 100.0 28.0 10.0
100.0 20.0 52.0 100.0 16.0 10.0
100.0 18.0 46.0 100.0 14.0 6.0
100.0 16.0 46.0 100.0 14.0 6.0
96.0 16.0 44.0 100.0 14.0 6.0
90.0 16.0 44.0 100.0 6.0 12.0
68.0 16.0 36.0 100.0 6.0 12.0
54.0 16.0 42.0 98.0 6.0 6.0
42.0 8.0 40.0 96.0 8.0 -4.0
34.0 8.0 40.0 96.0 8.0 -4.0
24.0 12.0 32.0 96.0 8.0 -4.0
24.0 12.0 32.0 84.0 8.0 -2.0
24.0 12.0 30.0 82.0 4.0 0.0
16.0 6.0 30.0 80.0 4.0 4.0
14.0 14.0 26.0 74.0 6.0 4.0
16.0 14.0 34.0 74.0 6.0 4.0
16.0 14.0 36.0 70.0 4.0 2.0
16.0 14.0 36.0 70.0 4.0 4.0
14.0 12.0 34.0 66.0 4.0 4.0
12.0 14.0 32.0 60.0 6.0 6.0
12.0 14.0 32.0 56.0 4.0 4.0
16.0 14.0 28.0 56.0 2.0 0.0
16.0 14.0 28.0 52.0 0.0 0.0
10.0 14.0 28.0 58.0 2.0 0.0
6.0 16.0 28.0 52.0 0.0 0.0
6.0 16.0 30.0 52.0 0.0 0.0
8.0 18.0 28.0 44.0 0.0 0.0
8.0 6.0 24.0 52.0 2.0 2.0
4.0 18.0 24.0 52.0 4.0 2.0
4.0 16.0 20.0 52.0 4.0 2.0
4.0 16.0 28.0 52.0 4.0 2.0
6.0 16.0 30.0 56.0 4.0 0.0
8.0 12.0 30.0 56.0 0.0 0.0
8.0 12.0 26.0 54.0 0.0 0.0
8.0 8.0 26.0 48.0 2.0 0.0
10.0 6.0 28.0 48.0 2.0 0.0
10.0 4.0 28.0 52.0 0.0 2.0
0.0 4.0 18.0 52.0 0.0 4.0
0.0 8.0 18.0 54.0 0.0 4.0
0.0 10.0 20.0 54.0 2.0 2.0
6.0 14.0 20.0 56.0 6.0 2.0
2.0 10.0 20.0 56.0 6.0 2.0
6.0 8.0 20.0 52.0 2.0 2.0
6.0 8.0 26.0 52.0 2.0 6.0
6.0 8.0 26.0 54.0 4.0 6.0
2.0 14.0 26.0 54.0 6.0 6.0
2.0 10.0 22.0 50.0 4.0 4.0
4.0 14.0 22.0 48.0 6.0 4.0
4.0 12.0 24.0 48.0 4.0 4.0
-20.0 12.0 24.0 44.0 6.0 6.0
-20.0 4.0 30.0 58.0 4.0 6.0
-16.0 4.0 30.0 50.0 4.0 6.0
-8.0 6.0 30.0 58.0 4.0 0.0
-6.0 16.0 32.0 50.0 0.0 0.0
-6.0 16.0 24.0 54.0 6.0 6.0
-6.0 16.0 24.0 54.0 -2.0 6.0
-12.0 14.0 16.0 54.0 -2.0 6.0
-12.0 8.0 16.0 50.0 -8.0 0.0
-14.0 8.0 16.0 50.0 -8.0 8.0
-14.0 8.0 14.0 48.0 -2.0 6.0
-26.0 14.0 14.0 50.0 8.0 6.0
-26.0 4.0 24.0 54.0 -2.0 4.0
-16.0 16.0 26.0 54.0 6.0 4.0
-10.0 8.0 24.0 54.0 4.0 4.0
-10.0 16.0 20.0 54.0 4.0 8.0
-10.0 14.0 18.0 56.0 2.0 8.0
-8.0 14.0 20.0 54.0 2.0 10.0
-6.0 14.0 18.0 40.0 2.0 8.0
-6.0 10.0 18.0 38.0 4.0 8.0
-6.0 16.0 18.0 38.0 8.0 6.0
-6.0 14.0 24.0 40.0 8.0 0.0
-8.0 14.0 24.0 42.0 4.0 0.0
-10.0 14.0 18.0 40.0 0.0 0.0
-14.0 10.0 14.0 38.0 0.0 0.0
-10.0 10.0 14.0 38.0 0.0 0.0
-2.0 6.0 24.0 38.0 0.0 2.0
-2.0 6.0 24.0 42.0 4.0 6.0
-4.0 6.0 22.0 34.0 4.0 4.0
-10.0 16.0 20.0 40.0 4.0 4.0
-12.0 8.0 22.0 40.0 10.0 2.0
-12.0 14.0 18.0 40.0 10.0 2.0
-12.0 8.0 22.0 40.0 10.0 2.0
-14.0 8.0 20.0 40.0 6.0 4.0
-14.0 6.0 26.0 40.0 4.0 4.0
-10.0 6.0 26.0 40.0 0.0 14.0
-8.0 6.0 26.0 36.0 0.0 14.0
-10.0 8.0 26.0 40.0 0.0 8.0
