# Target: wrist_down
# Dominant_Vision: Open Hand
0.0 0.0 -4.0 10.0 26.0 -4.0
0.0 0.0 -4.0 10.0 34.0 -2.0
-2.0 0.0 -4.0 10.0 34.0 -2.0
4.0 -6.0 -4.0 6.0 32.0 0.0
-2.0 -6.0 -4.0 6.0 32.0 0.0
4.0 -8.0 -2.0 12.0 26.0 2.0
4.0 -6.0 -6.0 12.0 28.0 -2.0
4.0 -10.0 2.0 12.0 24.0 -2.0
4.0 -4.0 -6.0 10.0 28.0 -2.0
2.0 0.0 0.0 8.0 30.0 2.0
2.0 0.0 -6.0 10.0 30.0 2.0
2.0 -2.0 0.0 12.0 30.0 2.0
0.0 -2.0 0.0 12.0 36.0 0.0
4.0 -6.0 4.0 -8.0 36.0 0.0
0.0 -8.0 0.0 -8.0 32.0 -4.0
0.0 -8.0 0.0 0.0 30.0 -4.0
0.0 -2.0 -6.0 0.0 30.0 -4.0
-10.0 -2.0 -6.0 -4.0 30.0 8.0
-10.0 0.0 -6.0 -4.0 30.0 8.0
6.0 0.0 -2.0 -4.0 30.0 4.0
6.0 0.0 -2.0 -8.0 30.0 2.0
2.0 -2.0 -2.0 -8.0 30.0 4.0
0.0 -2.0 -2.0 -8.0 34.0 8.0
0.0 -2.0 -4.0 -8.0 34.0 8.0
0.0 0.0 -2.0 -6.0 38.0 4.0
-4.0 -2.0 -2.0 -4.0 38.0 0.0
0.0 -4.0 -2.0 -4.0 34.0 -2.0
0.0 -4.0 -4.0 -4.0 32.0 -2.0
6.0 -6.0 -4.0 -6.0 32.0 -2.0
0.0 -6.0 -4.0 -6.0 26.0 -2.0
4.0 -6.0 -4.0 0.0 34.0 2.0
4.0 -6.0 -4.0 12.0 34.0 -2.0
6.0 4.0 -4.0 16.0 34.0 -2.0
10.0 4.0 -10.0 30.0 36.0 -2.0
12.0 6.0 -10.0 40.0 38.0 2.0
20.0 0.0 -2.0 58.0 38.0 4.0
22.0 4.0 2.0 76.0 44.0 8.0
30.0 4.0 -2.0 100.0 56.0 12.0
38.0 4.0 12.0 100.0 66.0 12.0
44.0 0.0 14.0 100.0 74.0 12.0
56.0 0.0 14.0 100.0 100.0 10.0
66.0 2.0 22.0 100.0 100.0 18.0
72.0 4.0 22.0 100.0 100.0 18.0
100.0 10.0 48.0 100.0 100.0 22.0
100.0 16.0 64.0 100.0 100.0 24.0
100.0 18.0 66.0 100.0 100.0 24.0
100.0 18.0 84.0 100.0 100.0 24.0
100.0 18.0 88.0 100.0 100.0 26.0
100.0 20.0 98.0 100.0 100.0 26.0
100.0 32.0 98.0 100.0 100.0 32.0
100.0 32.0 100.0 100.0 100.0 32.0
100.0 32.0 100.0 100.0 100.0 30.0
100.0 34.0 100.0 100.0 100.0 28.0
100.0 38.0 100.0 100.0 100.0 28.0
100.0 34.0 100.0 100.0 100.0 28.0
100.0 32.0 100.0 100.0 100.0 30.0
100.0 32.0 100.0 100.0 100.0 30.0
100.0 32.0 100.0 100.0 100.0 24.0
100.0 20.0 100.0 100.0 100.0 24.0
100.0 20.0 100.0 100.0 100.0 24.0
100.0 24.0 100.0 100.0 100.0 24.0
100.0 24.0 100.0 100.0 100.0 24.0
100.0 22.0 98.0 100.0 100.0 26.0
100.0 22.0 96.0 100.0 100.0 26.0
100.0 22.0 98.0 100.0 100.0 26.0
100.0 22.0 96.0 100.0 100.0 24.0
100.0 12.0 92.0 100.0 100.0 22.0
100.0 6.0 88.0 100.0 100.0 22.0
100.0 8.0 78.0 100.0 100.0 10.0
100.0 6.0 68.0 100.0 100.0 10.0
100.0 2.0 66.0 100.0 100.0 12.0
100.0 2.0 64.0 100.0 100.0 16.0
100.0 2.0 60.0 100.0 100.0 12.0
100.0 6.0 42.0 100.0 94.0 0.0
100.0 6.0 42.0 100.0 86.0 0.0
100.0 6.0 40.0 100.0 82.0 6.0
100.0 4.0 36.0 100.0 60.0 8.0
100.0 4.0 32.0 100.0 60.0 6.0
100.0 4.0 28.0 100.0 58.0 8.0
100.0 6.0 26.0 100.0 56.0 2.0
48.0 2.0 14.0 100.0 56.0 8.0
48.0 2.0 14.0 100.0 52.0 8.0
30.0 2.0 16.0 88.0 52.0 8.0
14.0 2.0 16.0 68.0 48.0 -2.0
12.0 -2.0 10.0 68.0 46.0 -2.0
10.0 -2.0 10.0 64.0 46.0 0.0
10.0 2.0 10.0 52.0 46.0 0.0
8.0 2.0 8.0 44.0 42.0 0.0
2.0 2.0 6.0 44.0 42.0 -2.0
2.0 0.0 8.0 42.0 40.0 -2.0
8.0 0.0 6.0 42.0 40.0 -2.0
8.0 0.0 2.0 42.0 40.0 -4.0
10.0 -4.0 2.0 42.0 44.0 2.0
10.0 -4.0 2.0 42.0 44.0 0.0
0.0 0.0 0.0 40.0 42.0 0.0
0.0 0.0 0.0 40.0 40.0 0.0
10.0 0.0 -10.0 40.0 38.0 -6.0
16.0 0.0 2.0 40.0 38.0 -2.0
16.0 0.0 0.0 40.0 38.0 -10.0
4.0 0.0 4.0 40.0 40.0 -10.0
4.0 0.0 2.0 40.0 40.0 -10.0
10.0 -2.0 2.0 44.0 40.0 -6.0
12.0 -2.0 2.0 44.0 40.0 0.0
12.0 -2.0 2.0 34.0 36.0 0.0
12.0 -2.0 0.0 28.0 34.0 0.0
-2.0 -4.0 0.0 28.0 36.0 -2.0
-2.0 -4.0 -4.0 28.0 38.0 0.0
8.0 -2.0 -4.0 28.0 38.0 0.0
8.0 -2.0 0.0 20.0 38.0 0.0
8.0 -12.0 0.0 20.0 36.0 -4.0
8.0 -12.0 -2.0 18.0 36.0 -4.0
6.0 -4.0 -2.0 16.0 36.0 -6.0
8.0 -4.0 -2.0 16.0 38.0 -4.0
6.0 0.0 -6.0 16.0 38.0 -6.0
0.0 0.0 -6.0 22.0 40.0 -4.0
0.0 -2.0 -4.0 22.0 36.0 -4.0
4.0 -4.0 0.0 22.0 38.0 -4.0
4.0 -4.0 0.0 14.0 36.0 -4.0
4.0 10.0 0.0 14.0 38.0 -4.0
6.0 10.0 2.0 14.0 30.0 -4.0
6.0 0.0 2.0 14.0 38.0 -2.0
6.0 0.0 2.0 14.0 42.0 -4.0
4.0 -6.0 2.0 14.0 42.0 -2.0
6.0 -6.0 2.0 14.0 34.0 -2.0
4.0 -6.0 2.0 14.0 34.0 2.0
4.0 0.0 2.0 14.0 34.0 2.0
4.0 0.0 8.0 14.0 40.0 0.0
4.0 0.0 -4.0 16.0 44.0 -2.0
4.0 2.0 0.0 18.0 44.0 0.0
4.0 8.0 -4.0 18.0 44.0 -4.0
4.0 8.0 -2.0 18.0 34.0 -46.0
4.0 -2.0 -4.0 14.0 34.0 -46.0
4.0 -2.0 -2.0 14.0 40.0 -4.0
8.0 -2.0 0.0 14.0 40.0 -4.0
6.0 -6.0 0.0 14.0 34.0 -4.0
6.0 -6.0 2.0 14.0 30.0 -4.0
6.0 -4.0 2.0 16.0 30.0 -2.0
0.0 -4.0 2.0 22.0 28.0 8.0
4.0 0.0 -4.0 22.0 38.0 8.0
2.0 2.0 -4.0 22.0 28.0 -2.0
2.0 2.0 -6.0 20.0 36.0 -10.0
2.0 -4.0 -6.0 16.0 28.0 -2.0
4.0 -6.0 -32.0 14.0 36.0 -8.0
4.0 -6.0 -32.0 10.0 38.0 -2.0
2.0 0.0 -22.0 10.0 38.0 -6.0
2.0 2.0 -22.0 10.0 30.0 -6.0
-8.0 6.0 -36.0 -30.0 30.0 -46.0
4.0 6.0 -36.0 -30.0 36.0 -46.0
0.0 2.0 -6.0 12.0 36.0 -2.0
0.0 2.0 -6.0 16.0 36.0 -2.0
0.0 0.0 -4.0 18.0 36.0 2.0
0.0 0.0 2.0 18.0 36.0 8.0
2.0 0.0 2.0 18.0 38.0 8.0
-2.0 2.0 -8.0 16.0 40.0 -4.0
-2.0 2.0 -8.0 16.0 38.0 -4.0
-2.0 2.0 10.0 16.0 40.0 -4.0
4.0 0.0 10.0 12.0 34.0 -4.0
4.0 -2.0 8.0 10.0 34.0 -4.0
4.0 -2.0 6.0 10.0 34.0 -2.0
4.0 2.0 6.0 12.0 36.0 2.0
2.0 2.0 6.0 20.0 36.0 -2.0
2.0 2.0 6.0 20.0 36.0 -2.0
2.0 4.0 -4.0 20.0 36.0 -6.0
2.0 0.0 6.0 18.0 32.0 -2.0
2.0 0.0 4.0 14.0 40.0 -8.0
0.0 0.0 4.0 14.0 36.0 -2.0
2.0 2.0 4.0 14.0 36.0 -8.0
0.0 2.0 2.0 18.0 0.0 -2.0
0.0 2.0 2.0 14.0 0.0 -8.0
0.0 -4.0 2.0 14.0 34.0 -2.0
2.0 -4.0 6.0 14.0 34.0 -8.0
2.0 -2.0 6.0 16.0 34.0 -2.0
2.0 2.0 0.0 16.0 34.0 -6.0
-2.0 2.0 0.0 10.0 34.0 -2.0
-2.0 2.0 4.0 10.0 36.0 0.0
-2.0 2.0 4.0 20.0 34.0 0.0
-4.0 2.0 2.0 20.0 38.0 0.0
-44.0 -4.0 2.0 18.0 36.0 -2.0
-44.0 -4.0 2.0 12.0 36.0 2.0
-4.0 -6.0 4.0 18.0 34.0 8.0
-2.0 2.0 4.0 18.0 32.0 8.0
-2.0 -10.0 4.0 18.0 34.0 -2.0
-2.0 2.0 8.0 18.0 38.0 -2.0
-2.0 4.0 4.0 18.0 38.0 -4.0
-2.0 4.0 4.0 20.0 38.0 2.0
2.0 4.0 2.0 18.0 38.0 -4.0
2.0 2.0 0.0 16.0 38.0 2.0
8.0 6.0 0.0 10.0 30.0 4.0
6.0 2.0 0.0 6.0 30.0 4.0
8.0 0.0 2.0 6.0 42.0 -2.0
6.0 0.0 0.0 16.0 42.0 -2.0
6.0 0.0 2.0 16.0 38.0 0.0
-8.0 0.0 0.0 12.0 36.0 2.0
-8.0 -8.0 2.0 12.0 38.0 2.0
4.0 -8.0 0.0 12.0 36.0 2.0
4.0 -8.0 2.0 14.0 36.0 2.0
2.0 -8.0 -4.0 14.0 36.0 2.0
0.0 -2.0 -4.0 14.0 40.0 2.0
0.0 -2.0 -6.0 14.0 42.0 0.0
0.0 4.0 -4.0 6.0 42.0 0.0
6.0 4.0 0.0 6.0 42.0 0.0
-4.0 2.0 0.0 8.0 42.0 0.0
6.0 0.0 0.0 8.0 38.0 8.0
-4.0 0.0 0.0 12.0 32.0 8.0
2.0 2.0 2.0 12.0 32.0 0.0
-4.0 2.0 4.0 16.0 36.0 -2.0
-6.0 2.0 8.0 20.0 40.0 -2.0
-6.0 2.0 8.0 20.0 40.0 -4.0
-2.0 0.0 0.0 20.0 32.0 -4.0
2.0 0.0 -2.0 20.0 32.0 2.0
-2.0 6.0 -2.0 20.0 38.0 4.0
2.0 6.0 2.0 12.0 38.0 2.0
2.0 -2.0 2.0 12.0 38.0 -2.0
4.0 -2.0 4.0 12.0 36.0 -2.0
4.0 -8.0 2.0 18.0 36.0 0.0
4.0 0.0 -2.0 12.0 42.0 0.0
4.0 0.0 -2.0 16.0 42.0 2.0
2.0 0.0 2.0 16.0 42.0 -2.0
4.0 -10.0 2.0 16.0 38.0 0.0
2.0 -10.0 0.0 18.0 38.0 0.0
-2.0 -6.0 0.0 8.0 40.0 6.0
-2.0 -2.0 2.0 10.0 40.0 6.0
-2.0 -2.0 2.0 10.0 34.0 6.0
0.0 -2.0 10.0 12.0 34.0 -4.0
0.0 -2.0 6.0 12.0 34.0 0.0
2.0 2.0 6.0 20.0 38.0 -2.0
2.0 0.0 6.0 12.0 38.0 -2.0
2.0 0.0 -2.0 16.0 38.0 -2.0
-2.0 -2.0 2.0 12.0 38.0 4.0
2.0 -6.0 2.0 16.0 36.0 4.0
0.0 -4.0 4.0 16.0 36.0 2.0
2.0 -4.0 4.0 20.0 36.0 -2.0
4.0 -4.0 0.0 16.0 36.0 0.0
