# Target: wrist_down
# Dominant_Vision: Open Hand
-12.0 0.0 0.0 -4.0 -8.0 0.0
-8.0 0.0 0.0 -2.0 0.0 4.0
-14.0 -2.0 -4.0 -2.0 6.0 4.0
-14.0 -2.0 -4.0 0.0 6.0 4.0
-16.0 4.0 -4.0 0.0 0.0 4.0
-16.0 4.0 -2.0 -2.0 -2.0 4.0
-14.0 -44.0 -2.0 -2.0 -2.0 -2.0
-10.0 -44.0 -2.0 -4.0 -2.0 -2.0
-10.0 -14.0 0.0 -12.0 4.0 -2.0
-12.0 -2.0 -6.0 -12.0 4.0 -2.0
-14.0 4.0 -2.0 0.0 0.0 -6.0
-14.0 10.0 -2.0 0.0 0.0 -6.0
-12.0 10.0 -2.0 0.0 0.0 -6.0
-12.0 8.0 -2.0 0.0 4.0 -2.0
-10.0 8.0 -2.0 6.0 4.0 2.0
-10.0 8.0 0.0 0.0 4.0 2.0
-12.0 6.0 4.0 0.0 -2.0 0.0
-12.0 6.0 10.0 -10.0 4.0 0.0
-12.0 6.0 4.0 0.0 -2.0 -2.0
-18.0 8.0 4.0 -4.0 -2.0 -4.0
-18.0 10.0 -2.0 -4.0 -6.0 -4.0
-10.0 10.0 -2.0 -12.0 -6.0 -2.0
-10.0 10.0 -2.0 -12.0 -6.0 0.0
-10.0 10.0 0.0 -4.0 -2.0 -2.0
-16.0 8.0 0.0 -4.0 -8.0 0.0
-16.0 10.0 0.0 -2.0 2.0 -4.0
-16.0 8.0 0.0 -2.0 6.0 6.0
-12.0 8.0 0.0 0.0 6.0 4.0
-12.0 8.0 0.0 0.0 0.0 6.0
-12.0 0.0 0.0 6.0 0.0 4.0
-10.0 0.0 0.0 10.0 0.0 6.0
-8.0 10.0 0.0 14.0 10.0 6.0
-2.0 12.0 0.0 36.0 10.0 10.0
4.0 10.0 4.0 36.0 10.0 10.0
10.0 8.0 8.0 48.0 10.0 12.0
22.0 2.0 8.0 90.0 10.0 14.0
52.0 4.0 10.0 100.0 30.0 14.0
62.0 4.0 10.0 100.0 36.0 18.0
78.0 16.0 20.0 100.0 60.0 22.0
90.0 16.0 30.0 100.0 80.0 22.0
100.0 16.0 58.0 100.0 100.0 22.0
100.0 16.0 66.0 100.0 100.0 22.0
100.0 20.0 82.0 100.0 100.0 24.0
100.0 26.0 84.0 100.0 100.0 24.0
100.0 30.0 94.0 100.0 100.0 26.0
100.0 30.0 100.0 100.0 100.0 28.0
100.0 30.0 100.0 100.0 100.0 28.0
100.0 42.0 100.0 100.0 100.0 30.0
100.0 36.0 100.0 100.0 100.0 36.0
100.0 40.0 100.0 100.0 100.0 36.0
100.0 40.0 100.0 100.0 100.0 34.0
100.0 40.0 100.0 100.0 100.0 30.0
100.0 36.0 100.0 100.0 100.0 30.0
100.0 36.0 100.0 100.0 100.0 32.0
100.0 30.0 100.0 100.0 100.0 32.0
100.0 30.0 100.0 100.0 100.0 26.0
100.0 24.0 100.0 100.0 100.0 22.0
100.0 24.0 100.0 100.0 100.0 22.0
100.0 20.0 92.0 100.0 100.0 22.0
100.0 20.0 92.0 100.0 100.0 20.0
100.0 6.0 92.0 100.0 100.0 20.0
100.0 6.0 88.0 100.0 100.0 12.0
100.0 2.0 86.0 100.0 100.0 12.0
100.0 12.0 82.0 100.0 100.0 12.0
100.0 -2.0 68.0 100.0 76.0 12.0
100.0 -2.0 62.0 100.0 74.0 8.0
100.0 -2.0 58.0 100.0 58.0 4.0
100.0 2.0 46.0 100.0 48.0 4.0
100.0 4.0 36.0 100.0 32.0 6.0
100.0 2.0 36.0 100.0 32.0 6.0
100.0 6.0 26.0 100.0 22.0 0.0
100.0 6.0 26.0 100.0 22.0 0.0
100.0 6.0 24.0 100.0 18.0 0.0
100.0 6.0 22.0 88.0 18.0 -2.0
100.0 6.0 20.0 88.0 18.0 -6.0
100.0 6.0 14.0 60.0 4.0 -6.0
100.0 6.0 8.0 60.0 -32.0 -46.0
60.0 6.0 8.0 52.0 4.0 -6.0
58.0 6.0 6.0 46.0 8.0 -6.0
58.0 6.0 6.0 50.0 10.0 4.0
52.0 2.0 4.0 44.0 12.0 4.0
16.0 2.0 4.0 44.0 12.0 2.0
14.0 6.0 8.0 36.0 8.0 -2.0
14.0 6.0 8.0 36.0 8.0 -2.0
14.0 6.0 8.0 34.0 8.0 -2.0
14.0 4.0 0.0 36.0 6.0 0.0
10.0 6.0 -6.0 34.0 6.0 4.0
6.0 8.0 -6.0 24.0 6.0 4.0
6.0 8.0 4.0 18.0 8.0 4.0
10.0 6.0 4.0 18.0 8.0 2.0
10.0 2.0 -2.0 16.0 8.0 2.0
10.0 6.0 -2.0 16.0 8.0 2.0
8.0 2.0 6.0 22.0 4.0 0.0
4.0 0.0 8.0 28.0 8.0 2.0
4.0 0.0 10.0 30.0 4.0 0.0
10.0 4.0 10.0 32.0 4.0 0.0
10.0 8.0 4.0 32.0 4.0 0.0
12.0 8.0 4.0 30.0 4.0 -4.0
8.0 8.0 4.0 26.0 2.0 -4.0
8.0 6.0 12.0 26.0 2.0 -4.0
8.0 6.0 12.0 24.0 -2.0 -4.0
10.0 2.0 4.0 26.0 -2.0 0.0
10.0 0.0 4.0 24.0 -2.0 0.0
10.0 0.0 4.0 28.0 0.0 0.0
12.0 8.0 8.0 24.0 6.0 0.0
12.0 8.0 8.0 32.0 8.0 4.0
10.0 2.0 8.0 30.0 8.0 4.0
10.0 2.0 8.0 30.0 8.0 0.0
10.0 4.0 0.0 30.0 4.0 -4.0
2.0 4.0 0.0 20.0 8.0 -4.0
2.0 4.0 8.0 26.0 -4.0 -4.0
4.0 4.0 8.0 24.0 -2.0 4.0
10.0 4.0 6.0 24.0 -2.0 4.0
12.0 4.0 4.0 8.0 0.0 2.0
10.0 4.0 4.0 8.0 0.0 2.0
2.0 4.0 8.0 0.0 0.0 4.0
2.0 4.0 8.0 10.0 8.0 4.0
2.0 4.0 8.0 8.0 8.0 4.0
8.0 6.0 6.0 8.0 -4.0 0.0
8.0 4.0 0.0 8.0 -4.0 0.0
8.0 4.0 -2.0 2.0 4.0 0.0
4.0 4.0 0.0 2.0 4.0 0.0
8.0 4.0 0.0 2.0 4.0 0.0
4.0 2.0 2.0 10.0 2.0 -8.0
8.0 -4.0 2.0 10.0 0.0 -6.0
6.0 -4.0 2.0 10.0 0.0 -6.0
8.0 6.0 2.0 4.0 0.0 -2.0
6.0 8.0 4.0 4.0 -4.0 0.0
4.0 6.0 4.0 4.0 -4.0 0.0
4.0 8.0 4.0 4.0 -2.0 -6.0
4.0 4.0 6.0 4.0 -2.0 -6.0
2.0 2.0 6.0 8.0 -2.0 -6.0
0.0 2.0 6.0 8.0 -4.0 4.0
0.0 4.0 0.0 8.0 -4.0 4.0
0.0 12.0 0.0 0.0 -4.0 4.0
2.0 4.0 0.0 0.0 0.0 4.0
6.0 6.0 10.0 -4.0 6.0 -10.0
6.0 4.0 0.0 2.0 6.0 4.0
6.0 -2.0 10.0 2.0 6.0 -12.0
2.0 -2.0 6.0 4.0 4.0 -2.0
2.0 -6.0 6.0 6.0 0.0 -2.0
2.0 -2.0 4.0 8.0 2.0 4.0
2.0 -2.0 4.0 6.0 2.0 4.0
2.0 -2.0 4.0 4.0 4.0 0.0
6.0 0.0 2.0 4.0 4.0 -2.0
6.0 4.0 2.0 6.0 2.0 -4.0
6.0 8.0 2.0 6.0 0.0 -4.0
6.0 8.0 2.0 6.0 0.0 0.0
4.0 6.0 2.0 4.0 0.0 2.0
2.0 4.0 2.0 10.0 0.0 2.0
2.0 4.0 4.0 8.0 2.0 2.0
0.0 8.0 8.0 8.0 2.0 -2.0
0.0 8.0 8.0 4.0 2.0 -6.0
0.0 2.0 4.0 -2.0 2.0 -6.0
2.0 2.0 4.0 2.0 0.0 4.0
2.0 4.0 4.0 2.0 0.0 4.0
0.0 4.0 8.0 2.0 0.0 4.0
-2.0 4.0 2.0 2.0 -4.0 0.0
0.0 0.0 6.0 8.0 -4.0 0.0
-2.0 0.0 6.0 0.0 2.0 2.0
4.0 2.0 6.0 6.0 2.0 4.0
4.0 4.0 2.0 2.0 0.0 4.0
4.0 4.0 2.0 6.0 0.0 4.0
4.0 4.0 2.0 2.0 0.0 4.0
4.0 0.0 2.0 0.0 -4.0 -6.0
2.0 -2.0 2.0 0.0 4.0 -6.0
2.0 -6.0 2.0 0.0 4.0 2.0
4.0 -6.0 4.0 8.0 4.0 2.0
8.0 4.0 6.0 8.0 4.0 -6.0
4.0 4.0 6.0 2.0 2.0 -8.0
2.0 4.0 6.0 0.0 4.0 -8.0
2.0 8.0 6.0 0.0 -6.0 0.0
2.0 8.0 8.0 0.0 -2.0 0.0
2.0 -2.0 16.0 -4.0 -2.0 0.0
4.0 -2.0 16.0 -4.0 -2.0 0.0
2.0 -2.0 0.0 -4.0 -4.0 -2.0
4.0 2.0 0.0 4.0 -4.0 -2.0
2.0 2.0 0.0 -4.0 2.0 -8.0
6.0 2.0 10.0 2.0 2.0 -8.0
-2.0 -2.0 2.0 0.0 -2.0 -8.0
-2.0 -4.0 10.0 2.0 -2.0 -2.0
-2.0 -4.0 6.0 0.0 0.0 2.0
6.0 0.0 6.0 0.0 2.0 2.0
6.0 0.0 4.0 0.0 0.0 0.0
6.0 4.0 4.0 4.0 -4.0 0.0
6.0 10.0 8.0 4.0 -4.0 0.0
6.0 10.0 8.0 6.0 4.0 0.0
6.0 8.0 -2.0 8.0 12.0 0.0
6.0 2.0 -2.0 6.0 12.0 -2.0
6.0 2.0 -2.0 4.0 8.0 -4.0
6.0 2.0 -2.0 4.0 2.0 -4.0
6.0 8.0 -2.0 4.0 0.0 0.0
6.0 4.0 6.0 4.0 0.0 0.0
6.0 12.0 6.0 4.0 0.0 0.0
6.0 4.0 6.0 10.0 2.0 0.0
6.0 6.0 6.0 10.0 2.0 0.0
8.0 6.0 6.0 4.0 2.0 0.0
12.0 6.0 8.0 4.0 2.0 2.0
12.0 0.0 8.0 4.0 0.0 4.0
0.0 0.0 8.0 8.0 0.0 4.0
0.0 4.0 8.0 10.0 -2.0 4.0
0.0 4.0 6.0 10.0 0.0 -4.0
4.0 4.0 6.0 10.0 0.0 -4.0
8.0 4.0 6.0 6.0 4.0 -2.0
8.0 0.0 2.0 6.0 8.0 4.0
8.0 0.0 2.0 6.0 8.0 -2.0
0.0 4.0 2.0 8.0 -4.0 -2.0
6.0 4.0 2.0 8.0 -4.0 -2.0
6.0 4.0 10.0 4.0 -6.0 2.0
6.0 0.0 6.0 4.0 0.0 2.0
4.0 -4.0 6.0 2.0 -4.0 -4.0
4.0 -4.0 4.0 0.0 -4.0 -4.0
4.0 2.0 4.0 0.0 -4.0 -4.0
4.0 4.0 4.0 4.0 0.0 -8.0
8.0 4.0 0.0 4.0 0.0 -8.0
-2.0 4.0 -2.0 0.0 -4.0 -2.0
0.0 4.0 -2.0 0.0 -4.0 2.0
-2.0 0.0 2.0 -4.0 -4.0 2.0
0.0 4.0 2.0 -2.0 -4.0 2.0
6.0 4.0 2.0 -2.0 2.0 -4.0
8.0 4.0 2.0 0.0 6.0 -4.0
6.0 6.0 2.0 0.0 6.0 -2.0
8.0 6.0 4.0 0.0 2.0 0.0
-2.0 6.0 2.0 0.0 0.0 -2.0
-2.0 2.0 2.0 0.0 2.0 0.0
-2.0 2.0 2.0 0.0 0.0 -6.0
-2.0 2.0 6.0 0.0 0.0 2.0
-2.0 10.0 6.0 6.0 -2.0 4.0
-2.0 12.0 6.0 0.0 -2.0 4.0
2.0 10.0 0.0 6.0 2.0 4.0
4.0 8.0 6.0 0.0 2.0 -2.0
4.0 -2.0 6.0 6.0 -2.0 4.0
