# Target: wrist_down
# Dominant_Vision: Open Hand
0.0 0.0 -6.0 0.0 -2.0 0.0
-2.0 0.0 -12.0 -4.0 0.0 -2.0
-2.0 4.0 -12.0 -4.0 -2.0 -2.0
-4.0 -8.0 -10.0 0.0 2.0 -8.0
0.0 0.0 -10.0 0.0 2.0 -2.0
4.0 -6.0 -10.0 -4.0 2.0 -8.0
4.0 -6.0 -6.0 -4.0 2.0 -8.0
0.0 -6.0 -2.0 -4.0 -2.0 -8.0
-6.0 2.0 -2.0 -2.0 -2.0 -8.0
-6.0 2.0 -6.0 -2.0 0.0 -8.0
-4.0 2.0 -6.0 -2.0 0.0 -6.0
-2.0 2.0 -6.0 -6.0 2.0 -8.0
-2.0 0.0 -6.0 0.0 4.0 -6.0
-2.0 -4.0 -12.0 -6.0 2.0 -6.0
-4.0 -4.0 0.0 -12.0 -2.0 -6.0
-4.0 0.0 2.0 -12.0 -2.0 -6.0
0.0 2.0 2.0 -2.0 0.0 -6.0
0.0 0.0 0.0 -2.0 0.0 -6.0
-6.0 2.0 -4.0 -2.0 2.0 -6.0
-32.0 -8.0 -8.0 -2.0 2.0 -6.0
-6.0 2.0 -8.0 0.0 2.0 -6.0
4.0 2.0 -4.0 2.0 4.0 -8.0
4.0 2.0 -4.0 8.0 2.0 -8.0
10.0 2.0 -8.0 8.0 4.0 -8.0
14.0 8.0 -8.0 12.0 6.0 -6.0
22.0 8.0 -8.0 36.0 8.0 -4.0
38.0 0.0 -4.0 60.0 20.0 0.0
60.0 0.0 -2.0 90.0 22.0 0.0
82.0 2.0 4.0 100.0 34.0 4.0
100.0 2.0 20.0 100.0 54.0 4.0
100.0 14.0 22.0 100.0 56.0 6.0
100.0 8.0 34.0 100.0 98.0 6.0
100.0 10.0 48.0 100.0 100.0 10.0
100.0 10.0 58.0 100.0 100.0 10.0
100.0 16.0 72.0 100.0 100.0 10.0
100.0 18.0 74.0 100.0 100.0 14.0
100.0 20.0 74.0 100.0 100.0 18.0
100.0 30.0 82.0 100.0 100.0 18.0
100.0 30.0 82.0 100.0 100.0 16.0
100.0 30.0 90.0 100.0 100.0 16.0
100.0 24.0 100.0 100.0 100.0 18.0
100.0 24.0 100.0 100.0 100.0 22.0
100.0 32.0 100.0 100.0 100.0 22.0
100.0 40.0 100.0 100.0 100.0 18.0
100.0 42.0 100.0 100.0 100.0 18.0
100.0 40.0 100.0 100.0 100.0 24.0
100.0 46.0 100.0 100.0 100.0 24.0
100.0 50.0 100.0 100.0 100.0 24.0
100.0 50.0 100.0 100.0 100.0 22.0
100.0 50.0 100.0 100.0 100.0 22.0
100.0 50.0 100.0 100.0 100.0 28.0
100.0 48.0 100.0 100.0 100.0 28.0
100.0 50.0 100.0 100.0 100.0 22.0
100.0 46.0 100.0 100.0 100.0 22.0
100.0 38.0 100.0 100.0 100.0 28.0
100.0 38.0 100.0 100.0 100.0 28.0
100.0 42.0 100.0 100.0 100.0 28.0
100.0 48.0 100.0 100.0 100.0 22.0
100.0 50.0 100.0 100.0 100.0 22.0
100.0 54.0 100.0 100.0 100.0 20.0
100.0 56.0 100.0 100.0 100.0 20.0
100.0 54.0 100.0 100.0 100.0 20.0
100.0 46.0 100.0 100.0 100.0 20.0
100.0 46.0 100.0 100.0 100.0 26.0
100.0 48.0 100.0 100.0 100.0 20.0
100.0 48.0 100.0 100.0 100.0 26.0
100.0 50.0 100.0 100.0 100.0 22.0
100.0 48.0 100.0 100.0 100.0 24.0
100.0 46.0 100.0 100.0 100.0 22.0
100.0 46.0 100.0 100.0 100.0 16.0
100.0 48.0 100.0 100.0 100.0 16.0
100.0 48.0 100.0 100.0 100.0 16.0
100.0 48.0 100.0 100.0 100.0 18.0
100.0 44.0 100.0 100.0 100.0 18.0
100.0 44.0 100.0 100.0 100.0 18.0
100.0 38.0 100.0 100.0 100.0 18.0
100.0 34.0 100.0 100.0 100.0 16.0
100.0 14.0 100.0 100.0 100.0 4.0
100.0 14.0 100.0 100.0 100.0 4.0
100.0 20.0 100.0 100.0 100.0 6.0
100.0 22.0 100.0 100.0 100.0 6.0
100.0 20.0 100.0 100.0 100.0 6.0
100.0 16.0 100.0 100.0 100.0 10.0
100.0 6.0 100.0 100.0 100.0 10.0
100.0 -16.0 96.0 100.0 100.0 6.0
100.0 6.0 96.0 100.0 100.0 0.0
100.0 8.0 88.0 100.0 100.0 0.0
100.0 10.0 82.0 100.0 100.0 2.0
100.0 8.0 76.0 100.0 90.0 2.0
100.0 10.0 74.0 100.0 74.0 2.0
100.0 10.0 70.0 100.0 68.0 -2.0
100.0 10.0 64.0 100.0 32.0 -2.0
100.0 4.0 60.0 100.0 32.0 -6.0
100.0 2.0 46.0 100.0 32.0 -2.0
100.0 2.0 36.0 100.0 24.0 -6.0
100.0 -14.0 34.0 100.0 24.0 -4.0
100.0 -2.0 32.0 100.0 20.0 -6.0
100.0 -2.0 32.0 100.0 14.0 -12.0
100.0 8.0 34.0 100.0 10.0 -12.0
100.0 16.0 38.0 100.0 8.0 -4.0
100.0 16.0 38.0 84.0 4.0 -2.0
100.0 16.0 38.0 84.0 8.0 -2.0
98.0 14.0 30.0 86.0 10.0 -2.0
90.0 12.0 30.0 88.0 10.0 -4.0
82.0 4.0 30.0 86.0 6.0 -12.0
66.0 4.0 28.0 86.0 6.0 -12.0
48.0 4.0 28.0 76.0 -2.0 -2.0
48.0 4.0 28.0 76.0 10.0 -2.0
48.0 0.0 28.0 64.0 2.0 -8.0
44.0 0.0 26.0 50.0 10.0 -8.0
44.0 0.0 24.0 42.0 4.0 -8.0
44.0 6.0 24.0 38.0 4.0 -8.0
44.0 6.0 22.0 38.0 4.0 -6.0
44.0 6.0 18.0 36.0 4.0 -6.0
48.0 10.0 18.0 38.0 0.0 -4.0
48.0 12.0 20.0 36.0 4.0 -4.0
38.0 12.0 20.0 30.0 -2.0 -14.0
34.0 2.0 20.0 24.0 2.0 -14.0
34.0 2.0 20.0 28.0 -6.0 -14.0
34.0 2.0 20.0 18.0 0.0 -12.0
38.0 6.0 26.0 22.0 0.0 -16.0
26.0 6.0 24.0 20.0 0.0 -16.0
36.0 8.0 24.0 22.0 6.0 -16.0
36.0 8.0 20.0 26.0 4.0 -16.0
38.0 6.0 20.0 26.0 4.0 -16.0
38.0 2.0 20.0 26.0 0.0 -18.0
38.0 2.0 20.0 26.0 0.0 -18.0
38.0 -2.0 20.0 26.0 4.0 -42.0
40.0 -2.0 26.0 22.0 4.0 -16.0
40.0 2.0 24.0 22.0 4.0 -12.0
40.0 6.0 24.0 24.0 6.0 -12.0
40.0 10.0 24.0 24.0 6.0 -12.0
40.0 10.0 24.0 24.0 0.0 -12.0
44.0 2.0 18.0 22.0 0.0 -12.0
44.0 0.0 18.0 22.0 0.0 -10.0
44.0 0.0 20.0 24.0 0.0 -10.0
42.0 4.0 24.0 24.0 -2.0 -10.0
40.0 4.0 24.0 22.0 2.0 -10.0
38.0 4.0 16.0 20.0 -2.0 -8.0
40.0 0.0 16.0 20.0 0.0 -8.0
38.0 8.0 22.0 28.0 -6.0 -8.0
42.0 10.0 22.0 28.0 -2.0 -10.0
40.0 10.0 22.0 22.0 -2.0 -12.0
40.0 10.0 18.0 18.0 2.0 -16.0
40.0 10.0 18.0 18.0 2.0 -12.0
36.0 10.0 26.0 20.0 2.0 -6.0
38.0 6.0 26.0 22.0 2.0 -6.0
32.0 6.0 16.0 22.0 2.0 -8.0
38.0 4.0 16.0 24.0 -8.0 -8.0
34.0 2.0 18.0 26.0 -10.0 -10.0
40.0 -2.0 24.0 26.0 -10.0 -10.0
36.0 -2.0 24.0 12.0 6.0 -6.0
36.0 0.0 24.0 12.0 10.0 -6.0
36.0 2.0 24.0 12.0 6.0 -16.0
44.0 0.0 16.0 18.0 6.0 -16.0
46.0 2.0 16.0 18.0 6.0 -14.0
46.0 0.0 -8.0 26.0 10.0 -14.0
46.0 2.0 26.0 26.0 10.0 -14.0
42.0 2.0 26.0 20.0 4.0 -12.0
38.0 4.0 26.0 20.0 4.0 -12.0
38.0 14.0 26.0 18.0 4.0 -16.0
38.0 14.0 22.0 18.0 4.0 -16.0
32.0 10.0 20.0 18.0 6.0 -8.0
32.0 2.0 20.0 20.0 6.0 -4.0
34.0 2.0 20.0 20.0 6.0 -4.0
38.0 6.0 26.0 10.0 4.0 -4.0
36.0 6.0 30.0 10.0 4.0 -4.0
36.0 12.0 26.0 14.0 4.0 -8.0
36.0 4.0 20.0 20.0 -2.0 -4.0
40.0 8.0 12.0 20.0 -2.0 -6.0
40.0 4.0 16.0 20.0 -2.0 -6.0
40.0 2.0 16.0 18.0 2.0 -8.0
40.0 2.0 16.0 18.0 6.0 -8.0
40.0 0.0 20.0 22.0 6.0 -8.0
40.0 0.0 22.0 24.0 -2.0 -2.0
36.0 0.0 24.0 24.0 -2.0 -2.0
38.0 0.0 24.0 24.0 6.0 -8.0
38.0 0.0 22.0 30.0 6.0 -8.0
38.0 0.0 22.0 30.0 4.0 -10.0
36.0 -2.0 16.0 24.0 4.0 -10.0
36.0 -2.0 14.0 22.0 2.0 -14.0
36.0 4.0 14.0 24.0 4.0 -14.0
36.0 4.0 24.0 22.0 6.0 -12.0
36.0 0.0 24.0 22.0 6.0 -2.0
36.0 0.0 24.0 18.0 4.0 -2.0
34.0 6.0 18.0 20.0 2.0 -8.0
36.0 6.0 18.0 18.0 2.0 -8.0
34.0 10.0 18.0 20.0 2.0 -14.0
36.0 10.0 18.0 20.0 4.0 -8.0
36.0 10.0 18.0 24.0 4.0 -8.0
36.0 10.0 18.0 24.0 0.0 -8.0
40.0 10.0 22.0 22.0 0.0 -2.0
42.0 10.0 22.0 22.0 0.0 -2.0
40.0 10.0 20.0 22.0 2.0 -8.0
38.0 6.0 18.0 22.0 2.0 -10.0
38.0 0.0 18.0 20.0 2.0 -10.0
32.0 2.0 20.0 16.0 2.0 -10.0
36.0 2.0 20.0 20.0 0.0 -4.0
36.0 8.0 20.0 22.0 -2.0 -4.0
36.0 8.0 22.0 22.0 -2.0 -8.0
34.0 4.0 22.0 22.0 2.0 -10.0
34.0 0.0 14.0 16.0 4.0 -8.0
36.0 0.0 -16.0 -10.0 2.0 -2.0
36.0 -6.0 12.0 14.0 0.0 -2.0
34.0 -6.0 12.0 6.0 0.0 -14.0
34.0 -4.0 18.0 14.0 0.0 -18.0
34.0 4.0 18.0 20.0 6.0 -18.0
38.0 10.0 10.0 22.0 -4.0 -38.0
38.0 10.0 10.0 22.0 6.0 -18.0
40.0 10.0 22.0 20.0 -2.0 -18.0
40.0 6.0 24.0 20.0 6.0 -6.0
40.0 6.0 22.0 20.0 0.0 -6.0
34.0 6.0 22.0 22.0 6.0 -12.0
34.0 6.0 22.0 18.0 6.0 -12.0
34.0 4.0 24.0 18.0 8.0 -8.0
40.0 4.0 24.0 16.0 8.0 -8.0
38.0 4.0 22.0 16.0 4.0 -8.0
38.0 4.0 22.0 16.0 0.0 -8.0
38.0 4.0 22.0 16.0 0.0 -8.0
38.0 12.0 22.0 22.0 2.0 -10.0
38.0 12.0 22.0 18.0 2.0 -10.0
38.0 4.0 22.0 18.0 2.0 -10.0
32.0 4.0 22.0 18.0 0.0 -8.0
32.0 2.0 18.0 18.0 0.0 -10.0
38.0 0.0 18.0 18.0 0.0 -12.0
38.0 0.0 18.0 30.0 4.0 -14.0
34.0 8.0 18.0 30.0 4.0 -14.0
34.0 8.0 18.0 28.0 2.0 -14.0
38.0 8.0 20.0 20.0 -2.0 -14.0
38.0 10.0 22.0 12.0 -2.0 -14.0
38.0 8.0 22.0 12.0 0.0 -8.0
38.0 8.0 16.0 22.0 2.0 -8.0
38.0 2.0 16.0 22.0 2.0 -10.0
42.0 -2.0 16.0 24.0 6.0 -12.0
34.0 -10.0 24.0 28.0 2.0 -14.0
24.0 -2.0 22.0 28.0 0.0 -14.0
24.0 2.0 22.0 12.0 0.0 -12.0
24.0 4.0 22.0 12.0 0.0 -10.0
28.0 2.0 22.0 12.0 4.0 -10.0
32.0 4.0 24.0 16.0 -2.0 -8.0
40.0 4.0 16.0 10.0 2.0 -8.0
32.0 4.0 20.0 16.0 2.0 -8.0
32.0 0.0 18.0 18.0 4.0 -8.0
32.0 0.0 20.0 18.0 4.0 -8.0
38.0 2.0 18.0 6.0 0.0 -8.0
38.0 2.0 14.0 6.0 0.0 -12.0
38.0 2.0 14.0 22.0 0.0 -12.0
38.0 4.0 20.0 22.0 2.0 -6.0
38.0 4.0 28.0 16.0 2.0 -6.0
34.0 2.0 24.0 16.0 2.0 -6.0
34.0 2.0 26.0 18.0 0.0 -10.0
36.0 2.0 24.0 18.0 0.0 -10.0
