# Target: wrist_down
# Dominant_Vision: Open Hand
2.0 0.0 2.0 10.0 -8.0 0.0
0.0 0.0 0.0 6.0 0.0 0.0
0.0 2.0 2.0 12.0 6.0 -4.0
-6.0 2.0 10.0 12.0 8.0 -4.0
-2.0 8.0 12.0 14.0 6.0 0.0
-6.0 2.0 12.0 12.0 -2.0 0.0
-4.0 8.0 6.0 10.0 -2.0 -2.0
-6.0 2.0 0.0 10.0 -2.0 -2.0
-4.0 0.0 2.0 10.0 0.0 -2.0
-6.0 0.0 2.0 10.0 0.0 -2.0
-2.0 6.0 8.0 6.0 0.0 0.0
0.0 6.0 18.0 6.0 2.0 0.0
2.0 0.0 18.0 8.0 2.0 -4.0
0.0 -4.0 10.0 10.0 -2.0 -6.0
2.0 0.0 8.0 10.0 -2.0 -4.0
2.0 0.0 0.0 10.0 4.0 -8.0
2.0 0.0 0.0 12.0 4.0 -8.0
0.0 2.0 2.0 12.0 -2.0 -8.0
0.0 4.0 4.0 16.0 -2.0 -8.0
16.0 4.0 2.0 32.0 -2.0 -6.0
20.0 4.0 10.0 42.0 2.0 -6.0
24.0 8.0 10.0 66.0 4.0 8.0
38.0 10.0 10.0 74.0 18.0 8.0
66.0 10.0 12.0 98.0 20.0 8.0
66.0 10.0 8.0 100.0 30.0 8.0
66.0 12.0 12.0 100.0 46.0 8.0
100.0 10.0 28.0 100.0 76.0 8.0
100.0 10.0 28.0 100.0 88.0 10.0
100.0 8.0 44.0 100.0 100.0 10.0
100.0 8.0 64.0 100.0 100.0 18.0
100.0 16.0 70.0 100.0 100.0 18.0
100.0 16.0 92.0 100.0 100.0 18.0
100.0 18.0 100.0 100.0 100.0 20.0
100.0 18.0 100.0 100.0 100.0 26.0
100.0 18.0 100.0 100.0 100.0 28.0
100.0 28.0 100.0 100.0 100.0 26.0
100.0 24.0 100.0 100.0 100.0 26.0
100.0 28.0 100.0 100.0 100.0 26.0
100.0 32.0 100.0 100.0 100.0 26.0
100.0 32.0 100.0 100.0 100.0 22.0
100.0 30.0 100.0 100.0 100.0 16.0
100.0 30.0 100.0 100.0 100.0 14.0
100.0 28.0 100.0 100.0 100.0 16.0
100.0 28.0 100.0 100.0 100.0 16.0
100.0 28.0 100.0 100.0 100.0 24.0
100.0 16.0 100.0 100.0 100.0 16.0
100.0 16.0 100.0 100.0 100.0 14.0
100.0 18.0 100.0 100.0 100.0 12.0
100.0 18.0 100.0 100.0 100.0 10.0
100.0 14.0 80.0 100.0 100.0 12.0
100.0 10.0 76.0 100.0 86.0 12.0
100.0 10.0 72.0 100.0 66.0 12.0
100.0 2.0 66.0 100.0 52.0 4.0
100.0 0.0 54.0 100.0 34.0 -2.0
100.0 0.0 50.0 100.0 34.0 4.0
100.0 2.0 44.0 100.0 34.0 -2.0
100.0 2.0 40.0 100.0 20.0 -2.0
100.0 0.0 36.0 100.0 16.0 -4.0
100.0 0.0 36.0 100.0 16.0 -2.0
100.0 4.0 34.0 100.0 16.0 -6.0
100.0 4.0 30.0 100.0 16.0 -6.0
100.0 6.0 28.0 70.0 8.0 -6.0
100.0 6.0 18.0 66.0 8.0 -4.0
100.0 8.0 26.0 66.0 8.0 -2.0
100.0 8.0 18.0 66.0 10.0 -2.0
44.0 0.0 22.0 68.0 8.0 -2.0
38.0 0.0 20.0 72.0 8.0 -2.0
38.0 0.0 20.0 80.0 8.0 -2.0
38.0 0.0 20.0 80.0 8.0 -6.0
38.0 0.0 18.0 70.0 -2.0 -6.0
36.0 4.0 20.0 62.0 -2.0 0.0
38.0 4.0 20.0 62.0 -2.0 0.0
36.0 4.0 20.0 62.0 4.0 -2.0
38.0 6.0 22.0 62.0 4.0 -2.0
36.0 6.0 22.0 62.0 4.0 -6.0
38.0 2.0 22.0 64.0 4.0 -6.0
34.0 2.0 22.0 64.0 8.0 -6.0
36.0 2.0 22.0 64.0 8.0 -4.0
36.0 6.0 20.0 56.0 2.0 -2.0
36.0 10.0 20.0 58.0 0.0 -2.0
26.0 6.0 18.0 56.0 2.0 2.0
26.0 10.0 16.0 58.0 4.0 -2.0
28.0 8.0 18.0 52.0 6.0 0.0
28.0 12.0 16.0 58.0 6.0 0.0
32.0 8.0 16.0 58.0 4.0 0.0
32.0 0.0 14.0 58.0 0.0 -6.0
38.0 0.0 16.0 62.0 4.0 -6.0
38.0 8.0 18.0 54.0 8.0 -6.0
34.0 8.0 22.0 54.0 8.0 -4.0
30.0 8.0 22.0 54.0 4.0 -4.0
26.0 10.0 22.0 50.0 0.0 0.0
-16.0 10.0 10.0 40.0 4.0 0.0
-16.0 6.0 6.0 50.0 6.0 -2.0
-26.0 2.0 6.0 44.0 8.0 -4.0
26.0 6.0 14.0 52.0 8.0 -6.0
-38.0 -38.0 16.0 48.0 4.0 -4.0
32.0 0.0 20.0 48.0 -2.0 -2.0
32.0 0.0 20.0 48.0 4.0 -2.0
32.0 4.0 18.0 46.0 -2.0 -6.0
26.0 6.0 10.0 46.0 0.0 -6.0
20.0 6.0 10.0 48.0 0.0 -6.0
20.0 6.0 10.0 48.0 0.0 -4.0
26.0 8.0 12.0 48.0 4.0 -4.0
26.0 2.0 12.0 36.0 -2.0 -4.0
26.0 4.0 12.0 28.0 -12.0 -4.0
26.0 4.0 16.0 28.0 -12.0 -4.0
26.0 8.0 16.0 28.0 0.0 -4.0
24.0 8.0 18.0 30.0 8.0 -4.0
24.0 6.0 18.0 32.0 8.0 -4.0
24.0 6.0 18.0 34.0 8.0 -4.0
30.0 6.0 18.0 34.0 2.0 -10.0
30.0 14.0 18.0 34.0 2.0 -10.0
24.0 0.0 20.0 32.0 2.0 -6.0
20.0 2.0 20.0 24.0 4.0 -4.0
22.0 2.0 10.0 26.0 4.0 -4.0
20.0 4.0 10.0 26.0 -2.0 -4.0
22.0 8.0 16.0 28.0 -2.0 -2.0
24.0 8.0 16.0 28.0 4.0 -2.0
24.0 8.0 16.0 28.0 4.0 -2.0
-22.0 6.0 16.0 20.0 6.0 -4.0
-22.0 6.0 16.0 26.0 2.0 -4.0
-20.0 -2.0 16.0 26.0 6.0 -2.0
-18.0 4.0 18.0 34.0 2.0 -2.0
-18.0 4.0 18.0 34.0 0.0 -2.0
-18.0 6.0 18.0 30.0 0.0 -2.0
-18.0 8.0 18.0 30.0 -6.0 4.0
-18.0 8.0 18.0 30.0 -2.0 -8.0
-22.0 10.0 18.0 24.0 -2.0 -8.0
-24.0 6.0 14.0 24.0 -2.0 -8.0
-22.0 2.0 14.0 24.0 -6.0 -2.0
-24.0 2.0 18.0 24.0 -6.0 -2.0
-18.0 -4.0 18.0 24.0 -6.0 -2.0
-24.0 2.0 12.0 26.0 6.0 2.0
-18.0 2.0 12.0 36.0 6.0 2.0
-24.0 8.0 16.0 32.0 2.0 0.0
-24.0 8.0 16.0 32.0 0.0 0.0
-26.0 8.0 18.0 32.0 2.0 0.0
-26.0 0.0 18.0 28.0 0.0 6.0
-26.0 2.0 18.0 28.0 0.0 0.0
-28.0 2.0 18.0 28.0 -2.0 -4.0
-26.0 2.0 18.0 28.0 0.0 -4.0
-24.0 6.0 18.0 22.0 0.0 -4.0
-24.0 6.0 18.0 26.0 0.0 -4.0
-24.0 4.0 16.0 22.0 -2.0 -6.0
-26.0 0.0 10.0 26.0 -2.0 -6.0
-26.0 0.0 10.0 26.0 -2.0 -2.0
-26.0 0.0 18.0 26.0 -2.0 4.0
-26.0 0.0 18.0 24.0 0.0 -2.0
-24.0 0.0 16.0 22.0 0.0 -2.0
-24.0 6.0 16.0 22.0 -2.0 -2.0
-24.0 6.0 16.0 22.0 -2.0 -4.0
-22.0 6.0 16.0 22.0 0.0 -4.0
-22.0 -2.0 16.0 26.0 2.0 -6.0
-32.0 -2.0 10.0 28.0 2.0 -6.0
-32.0 2.0 20.0 26.0 4.0 0.0
-30.0 2.0 18.0 28.0 4.0 0.0
-30.0 -36.0 18.0 30.0 0.0 0.0
-30.0 -36.0 16.0 30.0 0.0 0.0
-26.0 4.0 14.0 24.0 0.0 -8.0
-26.0 4.0 12.0 18.0 -2.0 -6.0
-22.0 0.0 14.0 24.0 0.0 -6.0
-30.0 0.0 12.0 28.0 2.0 -4.0
-24.0 -2.0 10.0 34.0 2.0 -2.0
-24.0 6.0 8.0 34.0 -2.0 0.0
-24.0 6.0 6.0 26.0 -2.0 -2.0
-24.0 6.0 6.0 26.0 0.0 0.0
-24.0 4.0 10.0 14.0 0.0 -2.0
-26.0 4.0 12.0 18.0 0.0 0.0
-24.0 4.0 12.0 18.0 2.0 2.0
-26.0 4.0 16.0 26.0 2.0 2.0
-24.0 4.0 16.0 26.0 2.0 0.0
-24.0 0.0 16.0 26.0 0.0 0.0
-24.0 0.0 20.0 26.0 0.0 -2.0
-26.0 0.0 20.0 26.0 2.0 -2.0
-26.0 0.0 20.0 28.0 2.0 -2.0
-28.0 0.0 14.0 22.0 2.0 -4.0
-24.0 0.0 16.0 22.0 0.0 -6.0
-30.0 0.0 12.0 22.0 0.0 -6.0
-30.0 8.0 12.0 26.0 0.0 -6.0
-30.0 2.0 12.0 26.0 0.0 -2.0
-26.0 8.0 12.0 24.0 0.0 -2.0
-24.0 2.0 14.0 24.0 0.0 -4.0
-26.0 2.0 12.0 20.0 0.0 -4.0
-26.0 0.0 14.0 32.0 -4.0 -4.0
-26.0 -10.0 12.0 24.0 -4.0 -2.0
-28.0 -10.0 16.0 28.0 -6.0 -4.0
-28.0 -2.0 14.0 24.0 -6.0 -10.0
-28.0 -2.0 14.0 26.0 0.0 -10.0
-28.0 -2.0 14.0 24.0 2.0 -4.0
-30.0 6.0 12.0 26.0 0.0 -4.0
-30.0 6.0 14.0 26.0 2.0 0.0
-26.0 4.0 12.0 26.0 6.0 0.0
-26.0 4.0 14.0 26.0 6.0 0.0
-26.0 -36.0 14.0 14.0 0.0 -2.0
-38.0 14.0 14.0 14.0 -2.0 -6.0
-38.0 -4.0 14.0 22.0 -2.0 -6.0
-30.0 6.0 12.0 26.0 0.0 -2.0
-28.0 0.0 18.0 26.0 0.0 -2.0
-30.0 6.0 12.0 26.0 0.0 4.0
-26.0 8.0 10.0 26.0 0.0 0.0
-24.0 8.0 10.0 24.0 -2.0 0.0
-22.0 8.0 8.0 24.0 0.0 -4.0
-24.0 8.0 8.0 24.0 -2.0 -4.0
-26.0 4.0 6.0 28.0 -4.0 -2.0
-30.0 0.0 2.0 28.0 -4.0 -2.0
-30.0 0.0 -4.0 28.0 -2.0 -4.0
-30.0 6.0 2.0 22.0 -2.0 -4.0
-22.0 6.0 8.0 22.0 2.0 -4.0
-22.0 6.0 8.0 22.0 -2.0 -8.0
-22.0 6.0 6.0 24.0 -2.0 -2.0
-22.0 6.0 6.0 24.0 -2.0 -2.0
-26.0 6.0 6.0 28.0 6.0 -2.0
-24.0 2.0 6.0 28.0 6.0 -2.0
-26.0 -2.0 6.0 22.0 -2.0 -2.0
-24.0 -2.0 6.0 22.0 -2.0 -2.0
-26.0 8.0 8.0 22.0 -2.0 -2.0
-26.0 8.0 4.0 22.0 0.0 6.0
-26.0 8.0 6.0 24.0 4.0 -8.0
-28.0 2.0 4.0 22.0 0.0 -8.0
-26.0 2.0 0.0 24.0 0.0 -8.0
-30.0 2.0 0.0 26.0 0.0 -2.0
-24.0 0.0 -2.0 26.0 0.0 8.0
-24.0 0.0 2.0 20.0 0.0 8.0
-24.0 8.0 4.0 16.0 0.0 0.0
-26.0 8.0 6.0 16.0 -6.0 0.0
-26.0 8.0 6.0 16.0 -2.0 -2.0
-24.0 8.0 2.0 20.0 -2.0 -2.0
-24.0 4.0 0.0 20.0 2.0 -2.0
-26.0 4.0 2.0 16.0 2.0 -6.0
