# Target: wrist_down
# Dominant_Vision: Open Hand
2.0 -2.0 -2.0 -12.0 4.0 0.0
2.0 0.0 -8.0 0.0 0.0 8.0
6.0 2.0 -8.0 -4.0 4.0 14.0
6.0 2.0 -10.0 0.0 0.0 14.0
4.0 6.0 -12.0 -4.0 6.0 14.0
4.0 0.0 -12.0 -6.0 0.0 14.0
8.0 6.0 -10.0 -6.0 2.0 12.0
8.0 2.0 -2.0 -10.0 2.0 8.0
6.0 6.0 -2.0 -10.0 2.0 8.0
2.0 2.0 -2.0 -10.0 2.0 10.0
2.0 6.0 2.0 -8.0 2.0 10.0
0.0 10.0 -4.0 -8.0 0.0 6.0
2.0 10.0 -2.0 -6.0 0.0 6.0
-24.0 4.0 -4.0 -6.0 0.0 6.0
2.0 2.0 -8.0 -6.0 0.0 8.0
2.0 2.0 -10.0 -6.0 0.0 2.0
2.0 12.0 -10.0 -6.0 0.0 8.0
0.0 12.0 -10.0 -4.0 0.0 8.0
0.0 4.0 -8.0 -4.0 0.0 8.0
4.0 4.0 -8.0 -6.0 0.0 8.0
4.0 4.0 -8.0 -6.0 2.0 4.0
4.0 4.0 -8.0 -10.0 0.0 2.0
4.0 -2.0 -8.0 -6.0 -4.0 4.0
4.0 0.0 -10.0 -10.0 -4.0 6.0
6.0 0.0 -10.0 -6.0 -4.0 8.0
6.0 2.0 -4.0 -4.0 -4.0 8.0
22.0 8.0 -4.0 14.0 2.0 8.0
28.0 8.0 -8.0 18.0 -4.0 8.0
42.0 8.0 -8.0 30.0 6.0 8.0
70.0 12.0 -12.0 44.0 2.0 10.0
100.0 16.0 2.0 62.0 6.0 8.0
100.0 16.0 8.0 72.0 12.0 18.0
100.0 14.0 10.0 84.0 22.0 12.0
100.0 12.0 10.0 100.0 26.0 14.0
100.0 12.0 18.0 100.0 28.0 14.0
100.0 12.0 18.0 100.0 32.0 18.0
100.0 12.0 16.0 100.0 34.0 20.0
100.0 6.0 14.0 100.0 50.0 20.0
100.0 6.0 14.0 100.0 50.0 18.0
100.0 16.0 14.0 100.0 54.0 16.0
100.0 22.0 34.0 100.0 70.0 18.0
100.0 24.0 34.0 100.0 88.0 24.0
100.0 24.0 56.0 100.0 100.0 24.0
100.0 26.0 70.0 100.0 100.0 22.0
100.0 26.0 72.0 100.0 100.0 20.0
100.0 30.0 86.0 100.0 100.0 22.0
100.0 30.0 86.0 100.0 100.0 26.0
100.0 32.0 88.0 100.0 100.0 34.0
100.0 32.0 94.0 100.0 100.0 34.0
100.0 42.0 94.0 100.0 100.0 34.0
100.0 38.0 100.0 100.0 100.0 30.0
100.0 42.0 100.0 100.0 100.0 30.0
100.0 46.0 100.0 100.0 100.0 30.0
100.0 46.0 100.0 100.0 100.0 30.0
100.0 46.0 100.0 100.0 100.0 24.0
100.0 42.0 100.0 100.0 100.0 30.0
100.0 42.0 100.0 100.0 100.0 30.0
100.0 48.0 100.0 100.0 100.0 30.0
100.0 48.0 100.0 100.0 100.0 34.0
100.0 44.0 100.0 100.0 100.0 32.0
100.0 44.0 100.0 100.0 100.0 32.0
100.0 50.0 100.0 100.0 100.0 32.0
100.0 54.0 100.0 100.0 100.0 30.0
100.0 52.0 100.0 100.0 100.0 28.0
100.0 52.0 100.0 100.0 100.0 28.0
100.0 46.0 100.0 100.0 100.0 34.0
100.0 40.0 100.0 100.0 100.0 34.0
100.0 40.0 100.0 100.0 100.0 34.0
100.0 36.0 100.0 100.0 100.0 34.0
100.0 50.0 100.0 100.0 100.0 34.0
100.0 50.0 100.0 100.0 100.0 34.0
100.0 50.0 100.0 100.0 100.0 30.0
100.0 50.0 100.0 100.0 100.0 30.0
100.0 48.0 100.0 100.0 100.0 30.0
100.0 42.0 100.0 100.0 100.0 26.0
100.0 42.0 100.0 100.0 100.0 26.0
100.0 34.0 100.0 100.0 100.0 26.0
100.0 34.0 100.0 100.0 100.0 30.0
100.0 34.0 100.0 100.0 100.0 30.0
100.0 34.0 100.0 100.0 100.0 30.0
100.0 34.0 100.0 100.0 100.0 28.0
100.0 34.0 100.0 100.0 100.0 24.0
100.0 24.0 100.0 100.0 100.0 24.0
100.0 24.0 100.0 100.0 100.0 22.0
100.0 22.0 92.0 100.0 100.0 20.0
100.0 22.0 86.0 100.0 100.0 18.0
100.0 22.0 84.0 100.0 100.0 18.0
100.0 18.0 70.0 100.0 98.0 16.0
100.0 18.0 68.0 100.0 90.0 14.0
100.0 16.0 58.0 100.0 72.0 12.0
100.0 8.0 50.0 100.0 58.0 12.0
100.0 8.0 42.0 100.0 56.0 12.0
100.0 8.0 46.0 100.0 48.0 12.0
100.0 12.0 42.0 100.0 46.0 12.0
100.0 22.0 42.0 100.0 34.0 14.0
100.0 22.0 42.0 100.0 34.0 14.0
100.0 26.0 34.0 100.0 28.0 8.0
100.0 26.0 30.0 100.0 24.0 8.0
100.0 18.0 30.0 100.0 24.0 8.0
100.0 16.0 30.0 100.0 24.0 8.0
100.0 16.0 18.0 100.0 18.0 8.0
100.0 22.0 18.0 100.0 18.0 6.0
100.0 22.0 22.0 100.0 18.0 6.0
100.0 20.0 26.0 100.0 18.0 6.0
100.0 18.0 22.0 100.0 16.0 4.0
100.0 18.0 20.0 100.0 14.0 8.0
100.0 16.0 18.0 100.0 14.0 10.0
100.0 16.0 18.0 100.0 14.0 10.0
100.0 16.0 18.0 100.0 14.0 10.0
100.0 18.0 20.0 100.0 14.0 8.0
100.0 18.0 26.0 100.0 14.0 10.0
100.0 18.0 26.0 100.0 6.0 2.0
100.0 18.0 26.0 98.0 14.0 8.0
100.0 20.0 12.0 98.0 6.0 8.0
100.0 20.0 10.0 98.0 12.0 8.0
100.0 20.0 12.0 94.0 6.0 8.0
100.0 20.0 8.0 94.0 10.0 8.0
100.0 24.0 14.0 94.0 10.0 6.0
100.0 22.0 8.0 90.0 10.0 8.0
100.0 22.0 6.0 90.0 8.0 4.0
100.0 22.0 6.0 90.0 8.0 4.0
100.0 18.0 10.0 92.0 8.0 4.0
100.0 18.0 10.0 90.0 8.0 4.0
100.0 18.0 14.0 92.0 8.0 10.0
100.0 22.0 8.0 90.0 8.0 10.0
100.0 22.0 12.0 98.0 14.0 8.0
100.0 12.0 12.0 90.0 14.0 6.0
100.0 12.0 12.0 100.0 12.0 8.0
100.0 14.0 8.0 98.0 10.0 8.0
100.0 14.0 8.0 98.0 8.0 8.0
100.0 14.0 8.0 94.0 8.0 10.0
100.0 16.0 2.0 90.0 6.0 8.0
100.0 20.0 10.0 86.0 8.0 8.0
100.0 20.0 10.0 90.0 8.0 8.0
100.0 18.0 16.0 88.0 8.0 8.0
100.0 16.0 16.0 96.0 6.0 12.0
100.0 16.0 16.0 90.0 6.0 14.0
100.0 16.0 10.0 90.0 8.0 14.0
100.0 14.0 16.0 90.0 8.0 16.0
100.0 14.0 16.0 88.0 4.0 16.0
100.0 16.0 16.0 86.0 4.0 16.0
100.0 16.0 16.0 86.0 14.0 10.0
100.0 16.0 20.0 86.0 14.0 10.0
100.0 14.0 20.0 86.0 8.0 12.0
100.0 18.0 14.0 86.0 4.0 12.0
100.0 18.0 4.0 86.0 4.0 12.0
100.0 18.0 10.0 86.0 10.0 4.0
100.0 10.0 10.0 86.0 10.0 4.0
100.0 10.0 14.0 88.0 6.0 4.0
100.0 10.0 14.0 86.0 6.0 4.0
100.0 14.0 14.0 86.0 6.0 6.0
100.0 10.0 14.0 84.0 6.0 10.0
100.0 16.0 14.0 84.0 6.0 10.0
100.0 10.0 16.0 84.0 6.0 10.0
100.0 16.0 12.0 86.0 2.0 10.0
100.0 14.0 16.0 86.0 6.0 10.0
100.0 16.0 16.0 86.0 6.0 16.0
100.0 16.0 16.0 86.0 14.0 14.0
100.0 18.0 12.0 88.0 14.0 14.0
100.0 22.0 12.0 88.0 14.0 6.0
100.0 22.0 10.0 88.0 12.0 6.0
100.0 22.0 14.0 80.0 6.0 10.0
100.0 14.0 14.0 76.0 2.0 10.0
100.0 12.0 14.0 80.0 2.0 8.0
100.0 12.0 22.0 82.0 2.0 4.0
100.0 14.0 22.0 82.0 6.0 4.0
100.0 14.0 20.0 82.0 8.0 6.0
100.0 14.0 20.0 82.0 6.0 8.0
100.0 14.0 10.0 78.0 8.0 10.0
100.0 16.0 24.0 80.0 6.0 10.0
100.0 16.0 14.0 80.0 10.0 4.0
100.0 18.0 14.0 86.0 10.0 4.0
100.0 14.0 14.0 88.0 10.0 12.0
100.0 18.0 20.0 86.0 -4.0 12.0
100.0 16.0 20.0 90.0 -4.0 12.0
100.0 16.0 20.0 88.0 2.0 10.0
100.0 12.0 20.0 88.0 6.0 10.0
100.0 12.0 20.0 88.0 8.0 10.0
100.0 -4.0 20.0 88.0 8.0 10.0
100.0 14.0 14.0 86.0 8.0 10.0
100.0 16.0 14.0 86.0 0.0 10.0
100.0 16.0 14.0 86.0 6.0 8.0
100.0 -10.0 12.0 86.0 6.0 8.0
100.0 -10.0 12.0 86.0 6.0 10.0
100.0 12.0 12.0 84.0 8.0 16.0
100.0 16.0 12.0 86.0 6.0 12.0
100.0 18.0 12.0 86.0 6.0 12.0
100.0 18.0 12.0 86.0 6.0 6.0
100.0 18.0 16.0 86.0 6.0 2.0
100.0 18.0 16.0 86.0 10.0 6.0
100.0 8.0 16.0 86.0 12.0 6.0
100.0 16.0 10.0 86.0 12.0 6.0
100.0 14.0 8.0 86.0 10.0 6.0
100.0 14.0 10.0 86.0 6.0 6.0
100.0 14.0 14.0 86.0 8.0 6.0
100.0 14.0 14.0 86.0 8.0 6.0
100.0 20.0 14.0 90.0 10.0 8.0
100.0 20.0 -8.0 82.0 12.0 10.0
100.0 20.0 -8.0 76.0 14.0 10.0
100.0 16.0 14.0 76.0 14.0 10.0
100.0 16.0 14.0 78.0 10.0 8.0
100.0 16.0 14.0 86.0 8.0 0.0
100.0 10.0 20.0 86.0 6.0 8.0
100.0 22.0 22.0 86.0 6.0 4.0
100.0 10.0 22.0 84.0 6.0 4.0
100.0 12.0 22.0 84.0 8.0 4.0
100.0 10.0 10.0 84.0 8.0 4.0
100.0 10.0 8.0 84.0 8.0 12.0
100.0 8.0 8.0 84.0 6.0 12.0
100.0 8.0 16.0 84.0 2.0 10.0
100.0 12.0 16.0 84.0 2.0 8.0
100.0 12.0 14.0 84.0 2.0 6.0
100.0 12.0 14.0 88.0 6.0 6.0
100.0 18.0 4.0 88.0 2.0 6.0
100.0 18.0 10.0 84.0 6.0 6.0
100.0 18.0 10.0 82.0 2.0 8.0
100.0 6.0 18.0 82.0 4.0 4.0
100.0 8.0 18.0 80.0 4.0 4.0
100.0 8.0 16.0 86.0 6.0 2.0
100.0 10.0 14.0 82.0 8.0 2.0
100.0 10.0 14.0 82.0 6.0 6.0
100.0 10.0 14.0 82.0 4.0 8.0
100.0 10.0 6.0 76.0 4.0 6.0
100.0 10.0 6.0 78.0 8.0 8.0
