# Target: fist
# Dominant_Vision: Open Hand
-2.0 -4.0 0.0 6.0 -2.0 8.0
-2.0 -4.0 0.0 0.0 -2.0 6.0
-4.0 -6.0 0.0 2.0 -2.0 8.0
-10.0 -6.0 0.0 2.0 2.0 10.0
-4.0 -6.0 0.0 10.0 8.0 12.0
-10.0 -6.0 0.0 10.0 8.0 10.0
-4.0 -10.0 0.0 10.0 0.0 12.0
-10.0 -8.0 -4.0 6.0 0.0 12.0
-10.0 -8.0 -4.0 12.0 6.0 12.0
-10.0 -8.0 -4.0 12.0 6.0 12.0
-6.0 -8.0 -4.0 12.0 -4.0 14.0
-4.0 -6.0 -4.0 12.0 -4.0 16.0
-2.0 -6.0 -4.0 12.0 4.0 16.0
0.0 -10.0 -2.0 12.0 4.0 16.0
2.0 -10.0 -2.0 16.0 4.0 12.0
4.0 -12.0 -2.0 26.0 4.0 10.0
10.0 -2.0 -2.0 28.0 4.0 12.0
26.0 -14.0 -6.0 34.0 -2.0 10.0
34.0 0.0 0.0 36.0 14.0 14.0
44.0 0.0 0.0 36.0 6.0 10.0
74.0 0.0 0.0 38.0 12.0 10.0
82.0 0.0 0.0 46.0 12.0 10.0
92.0 0.0 6.0 58.0 14.0 12.0
94.0 -4.0 6.0 68.0 20.0 20.0
100.0 -6.0 6.0 86.0 24.0 20.0
100.0 -6.0 12.0 100.0 38.0 20.0
100.0 10.0 24.0 100.0 42.0 22.0
100.0 10.0 28.0 100.0 60.0 22.0
100.0 10.0 32.0 100.0 72.0 22.0
100.0 14.0 48.0 100.0 100.0 26.0
100.0 20.0 56.0 100.0 100.0 28.0
100.0 20.0 66.0 100.0 100.0 28.0
100.0 24.0 66.0 100.0 100.0 24.0
100.0 30.0 90.0 100.0 100.0 24.0
100.0 36.0 98.0 100.0 100.0 24.0
100.0 40.0 100.0 100.0 100.0 24.0
100.0 40.0 100.0 100.0 100.0 24.0
100.0 34.0 100.0 100.0 100.0 24.0
100.0 30.0 100.0 100.0 100.0 28.0
100.0 30.0 100.0 100.0 100.0 22.0
100.0 26.0 100.0 100.0 100.0 16.0
100.0 26.0 100.0 100.0 100.0 16.0
100.0 26.0 100.0 100.0 100.0 20.0
100.0 24.0 100.0 100.0 100.0 24.0
100.0 22.0 100.0 100.0 100.0 24.0
100.0 24.0 100.0 100.0 100.0 26.0
100.0 22.0 100.0 100.0 100.0 28.0
100.0 24.0 100.0 100.0 100.0 30.0
100.0 22.0 100.0 100.0 100.0 32.0
100.0 22.0 100.0 100.0 100.0 36.0
100.0 22.0 100.0 100.0 100.0 38.0
100.0 24.0 100.0 100.0 100.0 46.0
100.0 30.0 100.0 100.0 100.0 48.0
100.0 30.0 100.0 100.0 100.0 48.0
100.0 30.0 100.0 100.0 100.0 48.0
100.0 32.0 100.0 100.0 100.0 48.0
100.0 32.0 100.0 100.0 100.0 48.0
100.0 34.0 100.0 100.0 100.0 44.0
100.0 32.0 100.0 100.0 100.0 44.0
100.0 34.0 100.0 100.0 100.0 42.0
100.0 34.0 100.0 100.0 100.0 42.0
100.0 34.0 100.0 100.0 100.0 40.0
100.0 34.0 100.0 100.0 100.0 42.0
100.0 34.0 100.0 100.0 100.0 42.0
100.0 30.0 100.0 100.0 100.0 42.0
100.0 30.0 100.0 100.0 100.0 42.0
100.0 28.0 100.0 100.0 100.0 42.0
100.0 28.0 100.0 100.0 100.0 40.0
100.0 28.0 100.0 100.0 100.0 32.0
100.0 30.0 100.0 100.0 100.0 38.0
100.0 30.0 100.0 100.0 100.0 38.0
100.0 32.0 100.0 100.0 100.0 38.0
100.0 24.0 100.0 100.0 100.0 36.0
100.0 24.0 100.0 100.0 100.0 36.0
100.0 24.0 100.0 100.0 100.0 36.0
100.0 18.0 100.0 100.0 100.0 36.0
100.0 26.0 100.0 100.0 100.0 36.0
100.0 28.0 100.0 100.0 100.0 36.0
100.0 30.0 100.0 100.0 100.0 34.0
100.0 28.0 100.0 100.0 100.0 32.0
100.0 30.0 100.0 100.0 100.0 32.0
100.0 26.0 100.0 100.0 100.0 32.0
100.0 22.0 100.0 100.0 100.0 30.0
100.0 22.0 100.0 100.0 100.0 28.0
100.0 24.0 100.0 100.0 100.0 28.0
100.0 24.0 100.0 100.0 100.0 28.0
100.0 24.0 100.0 100.0 100.0 32.0
100.0 30.0 100.0 100.0 100.0 32.0
100.0 30.0 100.0 100.0 100.0 28.0
100.0 20.0 100.0 100.0 100.0 28.0
100.0 20.0 100.0 100.0 100.0 26.0
100.0 24.0 100.0 100.0 100.0 22.0
100.0 24.0 100.0 100.0 100.0 20.0
100.0 24.0 100.0 100.0 100.0 20.0
100.0 26.0 100.0 100.0 100.0 22.0
100.0 22.0 100.0 100.0 100.0 22.0
100.0 28.0 100.0 100.0 100.0 22.0
100.0 22.0 100.0 100.0 100.0 24.0
100.0 18.0 100.0 100.0 100.0 24.0
100.0 14.0 100.0 100.0 100.0 16.0
100.0 18.0 100.0 100.0 100.0 16.0
100.0 14.0 100.0 100.0 100.0 16.0
100.0 18.0 100.0 100.0 100.0 14.0
100.0 18.0 100.0 100.0 100.0 14.0
100.0 18.0 100.0 100.0 100.0 14.0
100.0 16.0 100.0 100.0 100.0 14.0
100.0 12.0 100.0 100.0 100.0 14.0
100.0 12.0 100.0 100.0 100.0 12.0
100.0 14.0 100.0 100.0 100.0 16.0
100.0 18.0 100.0 100.0 100.0 12.0
100.0 14.0 100.0 100.0 100.0 18.0
100.0 6.0 100.0 100.0 100.0 12.0
100.0 6.0 100.0 100.0 100.0 14.0
100.0 8.0 100.0 100.0 100.0 12.0
100.0 8.0 100.0 100.0 100.0 8.0
100.0 6.0 100.0 100.0 100.0 8.0
100.0 2.0 90.0 100.0 100.0 14.0
100.0 2.0 84.0 100.0 100.0 14.0
100.0 -10.0 60.0 100.0 100.0 10.0
100.0 2.0 56.0 100.0 94.0 10.0
100.0 -4.0 54.0 100.0 74.0 8.0
100.0 2.0 46.0 100.0 66.0 8.0
100.0 2.0 44.0 100.0 60.0 8.0
100.0 6.0 44.0 100.0 58.0 6.0
90.0 6.0 32.0 100.0 48.0 6.0
68.0 6.0 30.0 100.0 40.0 10.0
68.0 2.0 32.0 100.0 38.0 10.0
66.0 2.0 30.0 100.0 38.0 8.0
50.0 0.0 24.0 100.0 34.0 4.0
48.0 4.0 24.0 100.0 34.0 8.0
38.0 0.0 26.0 100.0 34.0 6.0
38.0 -4.0 26.0 100.0 34.0 6.0
40.0 -4.0 20.0 100.0 26.0 6.0
40.0 -4.0 20.0 100.0 26.0 14.0
40.0 -10.0 20.0 100.0 28.0 14.0
34.0 -10.0 22.0 100.0 28.0 10.0
26.0 -6.0 20.0 100.0 28.0 8.0
26.0 0.0 18.0 100.0 28.0 8.0
26.0 0.0 18.0 100.0 20.0 8.0
22.0 -2.0 18.0 100.0 16.0 8.0
26.0 -4.0 20.0 100.0 20.0 10.0
20.0 -4.0 20.0 100.0 20.0 10.0
16.0 4.0 18.0 100.0 20.0 10.0
16.0 4.0 14.0 100.0 20.0 12.0
16.0 0.0 10.0 100.0 20.0 4.0
20.0 0.0 6.0 100.0 20.0 10.0
20.0 0.0 10.0 100.0 24.0 8.0
20.0 0.0 18.0 100.0 22.0 10.0
18.0 -2.0 18.0 100.0 24.0 16.0
18.0 -4.0 16.0 100.0 22.0 16.0
18.0 -4.0 12.0 100.0 22.0 14.0
20.0 -4.0 8.0 100.0 18.0 12.0
18.0 2.0 12.0 100.0 18.0 8.0
20.0 4.0 16.0 98.0 18.0 4.0
16.0 4.0 16.0 98.0 12.0 8.0
18.0 -8.0 14.0 98.0 12.0 10.0
18.0 -8.0 10.0 100.0 14.0 10.0
18.0 -2.0 8.0 100.0 16.0 10.0
16.0 2.0 10.0 100.0 16.0 6.0
16.0 -2.0 12.0 100.0 16.0 10.0
16.0 -12.0 12.0 100.0 18.0 12.0
10.0 -12.0 8.0 98.0 14.0 12.0
10.0 -10.0 8.0 98.0 8.0 10.0
14.0 -6.0 6.0 100.0 8.0 10.0
16.0 -4.0 6.0 100.0 8.0 10.0
16.0 0.0 4.0 94.0 10.0 12.0
10.0 0.0 4.0 94.0 14.0 10.0
10.0 0.0 6.0 94.0 14.0 10.0
12.0 0.0 6.0 92.0 14.0 10.0
12.0 0.0 4.0 88.0 10.0 10.0
14.0 -12.0 4.0 92.0 10.0 8.0
14.0 -12.0 16.0 96.0 14.0 8.0
22.0 -12.0 16.0 100.0 14.0 10.0
22.0 -12.0 10.0 100.0 10.0 14.0
22.0 -12.0 6.0 96.0 10.0 14.0
16.0 -8.0 6.0 96.0 10.0 8.0
16.0 -8.0 4.0 98.0 14.0 8.0
16.0 -4.0 4.0 100.0 14.0 8.0
16.0 0.0 4.0 100.0 16.0 12.0
16.0 -4.0 8.0 100.0 14.0 14.0
16.0 -6.0 12.0 100.0 14.0 14.0
14.0 -6.0 12.0 94.0 12.0 12.0
14.0 -4.0 12.0 94.0 12.0 10.0
14.0 -4.0 12.0 94.0 14.0 10.0
14.0 -6.0 6.0 92.0 14.0 10.0
14.0 -6.0 4.0 88.0 12.0 10.0
18.0 -12.0 6.0 88.0 12.0 10.0
14.0 -4.0 4.0 84.0 12.0 6.0
12.0 -10.0 4.0 84.0 8.0 6.0
12.0 -4.0 4.0 84.0 12.0 8.0
12.0 -10.0 4.0 82.0 8.0 10.0
12.0 -6.0 4.0 82.0 14.0 12.0
10.0 -6.0 4.0 82.0 14.0 12.0
10.0 -4.0 4.0 82.0 18.0 12.0
10.0 -2.0 -2.0 82.0 18.0 12.0
14.0 -2.0 -2.0 82.0 10.0 10.0
14.0 -6.0 2.0 80.0 10.0 12.0
16.0 -8.0 4.0 80.0 10.0 12.0
18.0 -8.0 8.0 84.0 10.0 14.0
20.0 -8.0 10.0 84.0 10.0 12.0
20.0 -6.0 8.0 84.0 12.0 10.0
20.0 -4.0 12.0 90.0 16.0 10.0
20.0 -6.0 4.0 92.0 16.0 10.0
20.0 -4.0 4.0 92.0 10.0 10.0
22.0 0.0 4.0 90.0 10.0 6.0
28.0 0.0 4.0 88.0 6.0 10.0
28.0 2.0 4.0 88.0 12.0 6.0
28.0 0.0 10.0 90.0 14.0 6.0
20.0 0.0 14.0 90.0 14.0 6.0
20.0 0.0 10.0 80.0 12.0 10.0
20.0 -2.0 6.0 80.0 12.0 10.0
26.0 -6.0 -2.0 86.0 12.0 10.0
26.0 -2.0 6.0 86.0 12.0 10.0
26.0 -8.0 8.0 82.0 8.0 10.0
22.0 -8.0 8.0 82.0 8.0 10.0
24.0 -10.0 10.0 84.0 8.0 10.0
24.0 -10.0 10.0 84.0 8.0 6.0
24.0 -10.0 10.0 84.0 10.0 6.0
24.0 -10.0 8.0 86.0 8.0 8.0
18.0 -4.0 4.0 86.0 12.0 8.0
24.0 -4.0 8.0 84.0 12.0 8.0
18.0 -2.0 12.0 84.0 16.0 6.0
18.0 -10.0 12.0 82.0 16.0 6.0
18.0 -10.0 8.0 78.0 12.0 6.0
18.0 -10.0 8.0 74.0 8.0 6.0
18.0 -10.0 8.0 78.0 8.0 10.0
18.0 -10.0 8.0 86.0 12.0 4.0
18.0 -10.0 4.0 86.0 12.0 2.0
22.0 -8.0 8.0 86.0 12.0 2.0
22.0 -8.0 10.0 86.0 12.0 8.0
