# Target: fist
# Dominant_Vision: Open Hand
-6.0 -2.0 0.0 0.0 -2.0 -4.0
-2.0 0.0 0.0 0.0 0.0 0.0
-2.0 0.0 6.0 -10.0 8.0 0.0
-2.0 0.0 6.0 -10.0 8.0 2.0
-4.0 -4.0 8.0 -14.0 6.0 0.0
-4.0 -4.0 8.0 -8.0 6.0 4.0
-4.0 -6.0 10.0 -10.0 0.0 0.0
-2.0 -4.0 8.0 -10.0 0.0 2.0
-2.0 2.0 8.0 -10.0 10.0 0.0
-2.0 2.0 8.0 -10.0 10.0 -4.0
-2.0 -6.0 8.0 -14.0 8.0 -6.0
-4.0 -6.0 8.0 -8.0 4.0 -4.0
-2.0 -6.0 8.0 -12.0 8.0 -2.0
-6.0 -6.0 8.0 -8.0 10.0 -2.0
-6.0 -6.0 6.0 -12.0 10.0 -2.0
-6.0 -6.0 2.0 -12.0 8.0 -6.0
0.0 -6.0 2.0 -18.0 8.0 -8.0
0.0 -4.0 2.0 -18.0 2.0 -6.0
-2.0 -4.0 6.0 -10.0 2.0 -6.0
-6.0 -4.0 0.0 -10.0 6.0 2.0
-6.0 -4.0 6.0 -8.0 6.0 4.0
-6.0 -4.0 6.0 -6.0 0.0 2.0
-4.0 -4.0 6.0 -6.0 0.0 -2.0
-4.0 -6.0 6.0 -8.0 6.0 -2.0
-8.0 -6.0 6.0 -8.0 12.0 -2.0
-8.0 -2.0 0.0 -8.0 6.0 2.0
0.0 -2.0 -2.0 -10.0 4.0 2.0
0.0 -2.0 -2.0 -10.0 4.0 2.0
-4.0 -4.0 8.0 -12.0 10.0 0.0
-4.0 -14.0 8.0 -8.0 12.0 -4.0
4.0 -14.0 6.0 -10.0 10.0 -4.0
6.0 -14.0 6.0 -8.0 12.0 -2.0
6.0 -8.0 6.0 -6.0 14.0 6.0
8.0 0.0 8.0 -6.0 14.0 -2.0
10.0 0.0 8.0 -6.0 14.0 -2.0
14.0 0.0 8.0 0.0 18.0 -2.0
14.0 -6.0 4.0 4.0 18.0 2.0
16.0 0.0 4.0 8.0 18.0 2.0
16.0 0.0 8.0 8.0 20.0 -2.0
22.0 0.0 18.0 20.0 20.0 -2.0
30.0 0.0 18.0 22.0 28.0 -2.0
34.0 -6.0 16.0 26.0 30.0 -8.0
34.0 -2.0 16.0 42.0 30.0 -8.0
36.0 -2.0 26.0 42.0 34.0 2.0
40.0 2.0 26.0 52.0 40.0 2.0
44.0 4.0 26.0 72.0 48.0 6.0
72.0 10.0 32.0 96.0 48.0 8.0
94.0 10.0 36.0 100.0 62.0 8.0
100.0 10.0 38.0 100.0 64.0 8.0
100.0 12.0 44.0 100.0 78.0 8.0
100.0 12.0 52.0 100.0 100.0 12.0
100.0 12.0 68.0 100.0 100.0 12.0
100.0 10.0 76.0 100.0 100.0 12.0
100.0 12.0 84.0 100.0 100.0 16.0
100.0 14.0 100.0 100.0 100.0 16.0
100.0 16.0 100.0 100.0 100.0 18.0
100.0 16.0 100.0 100.0 100.0 18.0
100.0 28.0 100.0 100.0 100.0 20.0
100.0 30.0 100.0 100.0 100.0 20.0
100.0 30.0 100.0 100.0 100.0 20.0
100.0 32.0 100.0 100.0 100.0 22.0
100.0 34.0 100.0 100.0 100.0 18.0
100.0 34.0 100.0 100.0 100.0 18.0
100.0 36.0 100.0 100.0 100.0 18.0
100.0 36.0 100.0 100.0 100.0 18.0
100.0 36.0 100.0 100.0 100.0 18.0
100.0 36.0 100.0 100.0 100.0 18.0
100.0 34.0 100.0 100.0 100.0 18.0
100.0 34.0 100.0 100.0 100.0 18.0
100.0 34.0 100.0 100.0 100.0 24.0
100.0 34.0 100.0 100.0 100.0 24.0
100.0 34.0 100.0 100.0 100.0 24.0
100.0 34.0 100.0 100.0 100.0 24.0
100.0 36.0 100.0 100.0 100.0 22.0
100.0 42.0 100.0 100.0 100.0 24.0
100.0 42.0 100.0 100.0 100.0 10.0
100.0 38.0 100.0 100.0 100.0 20.0
100.0 36.0 100.0 100.0 100.0 20.0
100.0 38.0 100.0 100.0 100.0 24.0
100.0 36.0 100.0 100.0 100.0 26.0
100.0 34.0 100.0 100.0 100.0 26.0
100.0 34.0 100.0 100.0 100.0 24.0
100.0 40.0 100.0 100.0 100.0 24.0
100.0 40.0 100.0 100.0 100.0 28.0
100.0 36.0 100.0 100.0 100.0 28.0
100.0 34.0 100.0 100.0 100.0 28.0
100.0 34.0 100.0 100.0 100.0 28.0
100.0 40.0 100.0 100.0 100.0 28.0
100.0 42.0 100.0 100.0 100.0 30.0
100.0 42.0 100.0 100.0 100.0 30.0
100.0 40.0 100.0 100.0 100.0 30.0
100.0 34.0 100.0 100.0 100.0 26.0
100.0 34.0 100.0 100.0 100.0 26.0
100.0 34.0 100.0 100.0 100.0 28.0
100.0 30.0 100.0 100.0 100.0 28.0
100.0 28.0 100.0 100.0 100.0 26.0
100.0 26.0 100.0 100.0 100.0 26.0
100.0 26.0 100.0 100.0 100.0 24.0
100.0 22.0 100.0 100.0 100.0 20.0
100.0 22.0 100.0 100.0 100.0 16.0
100.0 22.0 100.0 100.0 100.0 14.0
100.0 24.0 100.0 100.0 100.0 12.0
100.0 28.0 100.0 100.0 100.0 12.0
100.0 28.0 100.0 100.0 100.0 10.0
100.0 32.0 100.0 100.0 100.0 6.0
100.0 24.0 100.0 100.0 100.0 6.0
100.0 24.0 100.0 100.0 100.0 6.0
100.0 18.0 100.0 100.0 100.0 -2.0
100.0 18.0 100.0 100.0 100.0 -2.0
100.0 18.0 100.0 100.0 100.0 -2.0
100.0 14.0 100.0 100.0 100.0 -2.0
100.0 10.0 100.0 100.0 100.0 -4.0
100.0 4.0 100.0 100.0 100.0 -4.0
100.0 4.0 100.0 100.0 100.0 -4.0
100.0 4.0 100.0 100.0 100.0 -6.0
100.0 2.0 98.0 100.0 100.0 -4.0
100.0 2.0 98.0 100.0 100.0 -6.0
100.0 2.0 98.0 100.0 100.0 -4.0
100.0 -2.0 84.0 100.0 100.0 -2.0
98.0 2.0 74.0 100.0 86.0 -2.0
72.0 -4.0 58.0 100.0 76.0 -2.0
50.0 -4.0 58.0 100.0 68.0 -6.0
46.0 -4.0 56.0 100.0 64.0 -6.0
34.0 -4.0 56.0 100.0 60.0 -4.0
34.0 0.0 50.0 100.0 56.0 -4.0
34.0 2.0 40.0 100.0 54.0 -4.0
34.0 2.0 34.0 100.0 50.0 -10.0
34.0 2.0 38.0 100.0 42.0 -2.0
30.0 2.0 38.0 100.0 40.0 -2.0
26.0 2.0 38.0 100.0 40.0 0.0
18.0 0.0 38.0 100.0 42.0 0.0
14.0 -2.0 38.0 100.0 42.0 0.0
18.0 -2.0 38.0 98.0 40.0 -4.0
4.0 2.0 34.0 94.0 32.0 -4.0
14.0 4.0 34.0 86.0 32.0 -4.0
14.0 2.0 32.0 94.0 28.0 -2.0
14.0 6.0 32.0 94.0 28.0 -2.0
14.0 4.0 30.0 94.0 34.0 -2.0
14.0 4.0 24.0 82.0 34.0 -4.0
8.0 4.0 24.0 82.0 34.0 -4.0
8.0 2.0 18.0 88.0 30.0 -4.0
4.0 0.0 28.0 88.0 34.0 -4.0
10.0 0.0 28.0 88.0 28.0 -8.0
10.0 0.0 28.0 84.0 28.0 -8.0
16.0 2.0 28.0 84.0 28.0 -6.0
16.0 2.0 26.0 84.0 26.0 -4.0
10.0 2.0 22.0 84.0 26.0 0.0
10.0 2.0 22.0 74.0 26.0 2.0
10.0 0.0 22.0 74.0 26.0 2.0
8.0 0.0 24.0 72.0 38.0 -2.0
6.0 0.0 24.0 72.0 26.0 -4.0
2.0 4.0 28.0 72.0 32.0 -4.0
6.0 2.0 30.0 76.0 26.0 0.0
10.0 2.0 30.0 72.0 28.0 0.0
10.0 -2.0 26.0 72.0 28.0 0.0
6.0 -2.0 26.0 70.0 28.0 0.0
6.0 4.0 16.0 66.0 20.0 -4.0
8.0 4.0 26.0 70.0 20.0 -2.0
8.0 -2.0 22.0 66.0 20.0 -4.0
12.0 -2.0 22.0 72.0 24.0 -4.0
8.0 -2.0 22.0 60.0 24.0 -4.0
8.0 -2.0 16.0 60.0 24.0 -2.0
0.0 4.0 14.0 58.0 24.0 -2.0
0.0 4.0 16.0 60.0 22.0 -6.0
0.0 4.0 20.0 60.0 26.0 -8.0
-4.0 4.0 20.0 70.0 16.0 -8.0
-6.0 -2.0 18.0 60.0 22.0 -8.0
-6.0 4.0 18.0 60.0 22.0 -6.0
2.0 -2.0 22.0 60.0 24.0 -4.0
6.0 -2.0 22.0 60.0 24.0 4.0
4.0 -6.0 18.0 60.0 16.0 4.0
6.0 -6.0 16.0 60.0 16.0 2.0
4.0 -2.0 16.0 60.0 16.0 -4.0
2.0 -2.0 20.0 58.0 22.0 -8.0
2.0 2.0 20.0 58.0 28.0 -8.0
2.0 0.0 16.0 54.0 28.0 0.0
4.0 0.0 2.0 58.0 18.0 2.0
4.0 -4.0 2.0 54.0 18.0 2.0
4.0 -4.0 8.0 60.0 18.0 2.0
2.0 -6.0 12.0 54.0 18.0 2.0
2.0 -2.0 14.0 54.0 16.0 -6.0
2.0 -6.0 16.0 54.0 16.0 -4.0
2.0 -4.0 18.0 60.0 16.0 -6.0
2.0 -4.0 18.0 60.0 22.0 -4.0
2.0 -2.0 20.0 56.0 22.0 -4.0
2.0 -2.0 16.0 56.0 22.0 2.0
10.0 2.0 16.0 56.0 20.0 2.0
2.0 -2.0 10.0 58.0 20.0 2.0
4.0 2.0 16.0 56.0 18.0 0.0
4.0 4.0 22.0 56.0 18.0 -2.0
4.0 4.0 22.0 52.0 18.0 -2.0
2.0 -4.0 16.0 50.0 18.0 -2.0
0.0 -8.0 14.0 50.0 16.0 -10.0
-4.0 -8.0 14.0 46.0 16.0 -10.0
-4.0 -14.0 10.0 46.0 16.0 -6.0
-4.0 0.0 10.0 46.0 20.0 -4.0
-2.0 -10.0 16.0 54.0 20.0 -4.0
-2.0 -10.0 16.0 48.0 16.0 -4.0
-2.0 -10.0 16.0 54.0 16.0 -2.0
-2.0 -8.0 16.0 50.0 20.0 -2.0
-2.0 -8.0 16.0 50.0 20.0 -2.0
2.0 -6.0 20.0 50.0 18.0 -2.0
2.0 -8.0 14.0 48.0 16.0 2.0
2.0 -6.0 14.0 50.0 16.0 4.0
0.0 -6.0 12.0 48.0 16.0 4.0
0.0 -6.0 12.0 52.0 16.0 -2.0
0.0 -6.0 12.0 48.0 14.0 -6.0
4.0 -6.0 18.0 50.0 14.0 -6.0
6.0 -10.0 12.0 50.0 18.0 -10.0
6.0 -8.0 12.0 60.0 18.0 -10.0
4.0 -8.0 12.0 60.0 18.0 -6.0
0.0 -2.0 10.0 52.0 18.0 -6.0
-2.0 -2.0 12.0 52.0 18.0 0.0
-6.0 -6.0 12.0 52.0 12.0 -6.0
-6.0 -6.0 12.0 52.0 12.0 -2.0
-2.0 -4.0 10.0 46.0 14.0 -10.0
0.0 0.0 10.0 46.0 14.0 -2.0
0.0 0.0 12.0 42.0 14.0 -2.0
0.0 -4.0 12.0 46.0 16.0 0.0
4.0 -4.0 10.0 48.0 16.0 0.0
-2.0 -2.0 10.0 48.0 14.0 -2.0
-2.0 -2.0 18.0 38.0 14.0 -6.0
-2.0 0.0 18.0 26.0 14.0 -4.0
-2.0 2.0 10.0 28.0 12.0 -4.0
-2.0 0.0 8.0 28.0 12.0 -4.0
-2.0 0.0 8.0 40.0 12.0 -4.0
-2.0 -8.0 10.0 40.0 12.0 -6.0
-2.0 -4.0 10.0 44.0 14.0 -4.0
-2.0 -6.0 10.0 42.0 14.0 -6.0
0.0 -4.0 10.0 46.0 14.0 -6.0
