# Target: fist
# Dominant_Vision: Open Hand
2.0 12.0 0.0 -8.0 8.0 -10.0
2.0 12.0 -4.0 -6.0 10.0 -10.0
2.0 12.0 -10.0 -8.0 10.0 -12.0
2.0 14.0 -10.0 -8.0 12.0 -12.0
2.0 14.0 -6.0 -8.0 10.0 -4.0
2.0 10.0 -2.0 -8.0 10.0 -2.0
2.0 10.0 -2.0 -4.0 6.0 0.0
14.0 4.0 -2.0 -4.0 6.0 0.0
14.0 4.0 0.0 -4.0 6.0 -2.0
-2.0 10.0 -2.0 -6.0 6.0 -4.0
-2.0 10.0 -2.0 -6.0 10.0 -4.0
0.0 10.0 -6.0 -6.0 10.0 -6.0
0.0 10.0 -6.0 -6.0 2.0 -6.0
0.0 12.0 -6.0 -6.0 2.0 -6.0
0.0 12.0 -4.0 -6.0 4.0 -12.0
2.0 8.0 2.0 -2.0 10.0 -2.0
10.0 8.0 2.0 2.0 10.0 -4.0
14.0 10.0 2.0 8.0 10.0 -4.0
38.0 16.0 2.0 8.0 10.0 -4.0
68.0 16.0 8.0 18.0 10.0 -4.0
86.0 18.0 8.0 20.0 22.0 -4.0
90.0 22.0 8.0 28.0 22.0 -4.0
100.0 22.0 8.0 68.0 22.0 4.0
100.0 22.0 8.0 100.0 52.0 8.0
100.0 22.0 12.0 100.0 54.0 8.0
100.0 38.0 26.0 100.0 74.0 6.0
100.0 46.0 30.0 100.0 92.0 6.0
100.0 54.0 60.0 100.0 100.0 8.0
100.0 56.0 90.0 100.0 100.0 8.0
100.0 58.0 100.0 100.0 100.0 14.0
100.0 60.0 100.0 100.0 100.0 14.0
100.0 60.0 100.0 100.0 100.0 14.0
100.0 46.0 100.0 100.0 100.0 12.0
100.0 46.0 100.0 100.0 100.0 12.0
100.0 46.0 100.0 100.0 100.0 12.0
100.0 44.0 100.0 100.0 100.0 20.0
100.0 44.0 100.0 100.0 100.0 20.0
100.0 52.0 100.0 100.0 100.0 24.0
100.0 58.0 100.0 100.0 100.0 24.0
100.0 60.0 100.0 100.0 100.0 24.0
100.0 64.0 100.0 100.0 100.0 24.0
100.0 66.0 100.0 100.0 100.0 24.0
100.0 66.0 100.0 100.0 100.0 22.0
100.0 54.0 100.0 100.0 100.0 26.0
100.0 54.0 100.0 100.0 100.0 28.0
100.0 54.0 100.0 100.0 100.0 28.0
100.0 64.0 100.0 100.0 100.0 30.0
100.0 60.0 100.0 100.0 100.0 30.0
100.0 60.0 100.0 100.0 100.0 30.0
100.0 58.0 100.0 100.0 100.0 28.0
100.0 56.0 100.0 100.0 100.0 26.0
100.0 58.0 100.0 100.0 100.0 22.0
100.0 50.0 100.0 100.0 100.0 18.0
100.0 50.0 100.0 100.0 100.0 10.0
100.0 32.0 100.0 100.0 100.0 4.0
100.0 32.0 100.0 100.0 100.0 2.0
100.0 38.0 100.0 100.0 100.0 2.0
100.0 38.0 100.0 100.0 100.0 -2.0
100.0 36.0 100.0 100.0 100.0 -6.0
100.0 36.0 100.0 100.0 100.0 -6.0
100.0 36.0 100.0 100.0 100.0 -6.0
100.0 30.0 100.0 100.0 100.0 -6.0
100.0 28.0 100.0 100.0 100.0 -6.0
100.0 14.0 100.0 100.0 100.0 -6.0
100.0 12.0 100.0 100.0 100.0 -4.0
100.0 10.0 98.0 100.0 100.0 -4.0
100.0 10.0 70.0 100.0 100.0 -6.0
100.0 14.0 62.0 100.0 100.0 -6.0
100.0 14.0 56.0 100.0 100.0 -2.0
100.0 14.0 50.0 100.0 100.0 -2.0
100.0 14.0 50.0 100.0 100.0 -4.0
100.0 16.0 50.0 100.0 100.0 -8.0
100.0 16.0 50.0 100.0 100.0 -8.0
100.0 16.0 50.0 100.0 100.0 0.0
100.0 16.0 46.0 100.0 94.0 0.0
100.0 16.0 46.0 100.0 94.0 -2.0
100.0 20.0 44.0 100.0 92.0 -2.0
100.0 16.0 42.0 100.0 90.0 0.0
100.0 20.0 44.0 100.0 88.0 0.0
100.0 16.0 42.0 100.0 86.0 -6.0
100.0 24.0 38.0 100.0 80.0 -6.0
100.0 20.0 38.0 100.0 80.0 -4.0
100.0 20.0 38.0 100.0 78.0 -4.0
100.0 14.0 38.0 100.0 80.0 -4.0
100.0 14.0 34.0 100.0 78.0 -6.0
100.0 22.0 32.0 100.0 78.0 -6.0
100.0 22.0 34.0 100.0 78.0 -6.0
100.0 22.0 36.0 100.0 72.0 -8.0
100.0 18.0 40.0 100.0 70.0 -8.0
100.0 18.0 36.0 100.0 66.0 -8.0
100.0 18.0 36.0 100.0 62.0 -2.0
100.0 16.0 34.0 100.0 62.0 -2.0
100.0 16.0 34.0 100.0 66.0 -4.0
100.0 20.0 34.0 100.0 66.0 -4.0
100.0 20.0 38.0 100.0 66.0 -4.0
100.0 14.0 38.0 100.0 60.0 -6.0
100.0 14.0 34.0 100.0 60.0 -12.0
100.0 16.0 34.0 100.0 58.0 -12.0
100.0 16.0 30.0 100.0 58.0 -10.0
100.0 26.0 32.0 100.0 58.0 -10.0
100.0 26.0 28.0 100.0 60.0 -10.0
100.0 22.0 30.0 100.0 60.0 -8.0
100.0 16.0 28.0 100.0 54.0 -4.0
100.0 20.0 28.0 100.0 50.0 -2.0
100.0 10.0 28.0 100.0 46.0 -4.0
100.0 20.0 36.0 100.0 50.0 -8.0
100.0 20.0 36.0 100.0 48.0 -8.0
100.0 20.0 34.0 100.0 48.0 -8.0
100.0 8.0 34.0 100.0 48.0 -4.0
100.0 8.0 28.0 100.0 54.0 0.0
100.0 14.0 28.0 100.0 54.0 0.0
100.0 14.0 28.0 100.0 48.0 0.0
100.0 16.0 26.0 100.0 48.0 0.0
100.0 20.0 26.0 100.0 42.0 -6.0
100.0 20.0 28.0 100.0 42.0 -6.0
100.0 12.0 28.0 100.0 42.0 -6.0
100.0 10.0 28.0 100.0 42.0 -6.0
100.0 10.0 28.0 100.0 40.0 -6.0
100.0 10.0 28.0 100.0 38.0 -6.0
100.0 14.0 22.0 100.0 38.0 -4.0
100.0 12.0 22.0 100.0 38.0 -4.0
100.0 14.0 22.0 100.0 46.0 -6.0
100.0 12.0 24.0 100.0 44.0 -6.0
100.0 18.0 28.0 100.0 44.0 -6.0
100.0 18.0 24.0 100.0 44.0 -4.0
100.0 20.0 30.0 100.0 44.0 -4.0
100.0 18.0 30.0 100.0 44.0 0.0
100.0 18.0 30.0 100.0 42.0 0.0
100.0 16.0 26.0 100.0 42.0 -4.0
100.0 16.0 22.0 100.0 44.0 -4.0
100.0 16.0 26.0 100.0 44.0 -4.0
100.0 16.0 22.0 100.0 44.0 -4.0
100.0 12.0 22.0 100.0 44.0 -2.0
100.0 12.0 22.0 100.0 44.0 -4.0
100.0 12.0 28.0 100.0 40.0 -2.0
100.0 12.0 28.0 100.0 36.0 -2.0
100.0 12.0 24.0 100.0 34.0 -2.0
100.0 10.0 24.0 100.0 34.0 -2.0
100.0 10.0 24.0 100.0 32.0 -4.0
100.0 12.0 24.0 100.0 32.0 -4.0
100.0 12.0 22.0 100.0 34.0 -10.0
100.0 12.0 22.0 100.0 38.0 -10.0
100.0 12.0 22.0 100.0 36.0 -8.0
100.0 12.0 20.0 100.0 36.0 -4.0
100.0 14.0 28.0 100.0 34.0 -8.0
100.0 12.0 20.0 100.0 32.0 -8.0
100.0 14.0 20.0 100.0 32.0 -12.0
100.0 16.0 20.0 100.0 32.0 -12.0
100.0 16.0 22.0 100.0 38.0 0.0
100.0 16.0 22.0 100.0 38.0 0.0
100.0 18.0 20.0 100.0 38.0 -4.0
100.0 18.0 20.0 100.0 40.0 -4.0
100.0 18.0 18.0 100.0 40.0 -4.0
100.0 20.0 22.0 100.0 40.0 -4.0
100.0 20.0 22.0 100.0 36.0 -2.0
100.0 20.0 24.0 100.0 40.0 -4.0
100.0 16.0 24.0 100.0 40.0 -2.0
100.0 20.0 22.0 100.0 40.0 -4.0
100.0 16.0 22.0 100.0 40.0 -6.0
100.0 16.0 22.0 100.0 38.0 -6.0
100.0 14.0 22.0 100.0 38.0 -6.0
100.0 14.0 22.0 100.0 36.0 -4.0
100.0 6.0 22.0 100.0 34.0 0.0
100.0 6.0 20.0 100.0 34.0 -4.0
100.0 12.0 20.0 100.0 32.0 0.0
100.0 12.0 22.0 100.0 32.0 -12.0
100.0 12.0 22.0 100.0 34.0 -2.0
100.0 20.0 18.0 100.0 34.0 -12.0
100.0 12.0 18.0 100.0 32.0 -6.0
100.0 16.0 18.0 100.0 32.0 -6.0
100.0 16.0 18.0 100.0 32.0 -6.0
100.0 16.0 16.0 100.0 30.0 -2.0
100.0 18.0 16.0 100.0 30.0 -2.0
100.0 14.0 18.0 100.0 32.0 -2.0
100.0 14.0 20.0 100.0 32.0 -2.0
100.0 14.0 20.0 100.0 32.0 -2.0
100.0 24.0 20.0 100.0 32.0 -2.0
100.0 24.0 18.0 100.0 32.0 0.0
100.0 22.0 18.0 100.0 34.0 2.0
100.0 22.0 14.0 100.0 34.0 0.0
100.0 22.0 14.0 100.0 34.0 -2.0
100.0 22.0 24.0 100.0 34.0 -2.0
100.0 16.0 24.0 100.0 34.0 -2.0
100.0 20.0 22.0 100.0 36.0 -8.0
100.0 14.0 22.0 100.0 36.0 -8.0
100.0 16.0 20.0 100.0 32.0 -8.0
100.0 16.0 22.0 100.0 30.0 -8.0
100.0 16.0 20.0 100.0 26.0 -8.0
100.0 22.0 20.0 100.0 26.0 -8.0
100.0 22.0 16.0 100.0 26.0 -8.0
100.0 20.0 16.0 100.0 28.0 -8.0
100.0 16.0 20.0 100.0 28.0 -4.0
100.0 8.0 20.0 100.0 28.0 -4.0
100.0 16.0 22.0 100.0 28.0 -4.0
100.0 10.0 20.0 100.0 30.0 -8.0
100.0 16.0 20.0 100.0 26.0 -8.0
100.0 16.0 20.0 100.0 26.0 -2.0
100.0 16.0 26.0 100.0 26.0 -2.0
100.0 16.0 26.0 100.0 26.0 -2.0
100.0 8.0 24.0 100.0 26.0 -4.0
100.0 8.0 24.0 100.0 30.0 -2.0
100.0 8.0 24.0 100.0 32.0 -2.0
100.0 16.0 24.0 100.0 30.0 -2.0
100.0 16.0 24.0 100.0 34.0 0.0
100.0 16.0 26.0 100.0 32.0 -2.0
100.0 16.0 26.0 100.0 32.0 0.0
100.0 16.0 26.0 100.0 30.0 0.0
100.0 16.0 24.0 100.0 28.0 0.0
100.0 16.0 24.0 100.0 28.0 -6.0
100.0 20.0 22.0 100.0 28.0 -6.0
100.0 20.0 14.0 100.0 28.0 -6.0
100.0 20.0 14.0 100.0 30.0 -8.0
100.0 20.0 18.0 100.0 32.0 -8.0
100.0 20.0 20.0 100.0 30.0 -4.0
100.0 16.0 20.0 100.0 30.0 -4.0
100.0 16.0 20.0 100.0 28.0 -4.0
100.0 16.0 20.0 100.0 30.0 0.0
100.0 14.0 20.0 100.0 24.0 0.0
100.0 14.0 20.0 100.0 26.0 0.0
100.0 22.0 18.0 100.0 26.0 4.0
100.0 22.0 6.0 100.0 26.0 4.0
100.0 24.0 6.0 100.0 24.0 -2.0
100.0 16.0 14.0 100.0 24.0 -2.0
100.0 16.0 16.0 100.0 26.0 0.0
100.0 16.0 16.0 100.0 26.0 0.0
100.0 12.0 22.0 100.0 20.0 0.0
100.0 14.0 22.0 100.0 20.0 0.0
100.0 14.0 24.0 100.0 22.0 -2.0
100.0 16.0 20.0 100.0 24.0 -4.0
