# Target: fist
# Dominant_Vision: Open Hand
4.0 -2.0 0.0 4.0 0.0 2.0
2.0 -2.0 0.0 10.0 0.0 2.0
2.0 -2.0 0.0 16.0 -4.0 2.0
2.0 -2.0 0.0 10.0 0.0 2.0
2.0 -6.0 6.0 6.0 2.0 4.0
2.0 -6.0 6.0 6.0 2.0 4.0
2.0 -8.0 6.0 6.0 0.0 4.0
2.0 -8.0 2.0 10.0 0.0 4.0
2.0 -6.0 0.0 12.0 0.0 4.0
2.0 -6.0 2.0 10.0 2.0 2.0
2.0 4.0 0.0 8.0 2.0 2.0
2.0 -2.0 -2.0 6.0 2.0 2.0
4.0 -2.0 -2.0 4.0 2.0 4.0
4.0 -4.0 -2.0 -2.0 2.0 6.0
0.0 -4.0 -2.0 4.0 2.0 8.0
0.0 -4.0 -2.0 6.0 2.0 8.0
8.0 -4.0 8.0 8.0 2.0 8.0
8.0 -8.0 8.0 8.0 2.0 4.0
12.0 -8.0 0.0 8.0 4.0 4.0
6.0 2.0 0.0 6.0 4.0 2.0
6.0 2.0 2.0 4.0 4.0 2.0
4.0 0.0 6.0 4.0 4.0 4.0
4.0 -4.0 6.0 12.0 6.0 4.0
4.0 -4.0 4.0 12.0 6.0 4.0
18.0 -4.0 2.0 12.0 4.0 4.0
20.0 2.0 4.0 18.0 4.0 0.0
24.0 2.0 2.0 14.0 4.0 0.0
24.0 2.0 2.0 20.0 4.0 0.0
32.0 4.0 2.0 28.0 16.0 -2.0
48.0 4.0 8.0 38.0 24.0 -2.0
50.0 8.0 8.0 48.0 32.0 6.0
70.0 12.0 8.0 58.0 36.0 10.0
100.0 12.0 8.0 68.0 36.0 14.0
100.0 14.0 20.0 78.0 50.0 14.0
100.0 10.0 20.0 100.0 56.0 10.0
100.0 12.0 22.0 100.0 62.0 10.0
100.0 10.0 26.0 100.0 70.0 10.0
100.0 12.0 28.0 100.0 80.0 16.0
100.0 18.0 28.0 100.0 92.0 12.0
100.0 18.0 32.0 100.0 100.0 14.0
100.0 18.0 56.0 100.0 100.0 14.0
100.0 20.0 66.0 100.0 100.0 16.0
100.0 20.0 84.0 100.0 100.0 20.0
100.0 20.0 90.0 100.0 100.0 20.0
100.0 24.0 94.0 100.0 100.0 20.0
100.0 28.0 100.0 100.0 100.0 20.0
100.0 28.0 100.0 100.0 100.0 10.0
100.0 28.0 100.0 100.0 100.0 16.0
100.0 22.0 100.0 100.0 100.0 16.0
100.0 30.0 100.0 100.0 100.0 20.0
100.0 26.0 100.0 100.0 100.0 20.0
100.0 26.0 100.0 100.0 100.0 20.0
100.0 10.0 100.0 100.0 100.0 22.0
100.0 10.0 100.0 100.0 100.0 16.0
100.0 16.0 100.0 100.0 100.0 26.0
100.0 16.0 100.0 100.0 100.0 20.0
100.0 24.0 100.0 100.0 100.0 20.0
100.0 24.0 100.0 100.0 100.0 20.0
100.0 24.0 100.0 100.0 100.0 26.0
100.0 30.0 100.0 100.0 100.0 26.0
100.0 24.0 100.0 100.0 100.0 26.0
100.0 20.0 100.0 100.0 100.0 18.0
100.0 20.0 100.0 100.0 100.0 28.0
100.0 26.0 100.0 100.0 100.0 20.0
100.0 42.0 100.0 100.0 100.0 26.0
100.0 32.0 100.0 100.0 100.0 26.0
100.0 38.0 100.0 100.0 100.0 30.0
100.0 34.0 100.0 100.0 100.0 30.0
100.0 34.0 100.0 100.0 100.0 34.0
100.0 34.0 100.0 100.0 100.0 28.0
100.0 34.0 100.0 100.0 100.0 30.0
100.0 36.0 100.0 100.0 100.0 30.0
100.0 36.0 100.0 100.0 100.0 30.0
100.0 36.0 100.0 100.0 100.0 28.0
100.0 36.0 100.0 100.0 100.0 28.0
100.0 30.0 100.0 100.0 100.0 28.0
100.0 24.0 100.0 100.0 100.0 26.0
100.0 24.0 100.0 100.0 100.0 24.0
100.0 30.0 100.0 100.0 100.0 24.0
100.0 30.0 100.0 100.0 100.0 28.0
100.0 22.0 100.0 100.0 100.0 34.0
100.0 16.0 100.0 100.0 100.0 28.0
100.0 16.0 100.0 100.0 100.0 32.0
100.0 18.0 100.0 100.0 100.0 24.0
100.0 22.0 100.0 100.0 100.0 24.0
100.0 24.0 100.0 100.0 100.0 22.0
100.0 24.0 100.0 100.0 100.0 22.0
100.0 24.0 100.0 100.0 100.0 18.0
100.0 12.0 100.0 100.0 100.0 18.0
100.0 24.0 100.0 100.0 100.0 12.0
100.0 16.0 100.0 100.0 100.0 12.0
100.0 16.0 100.0 100.0 100.0 16.0
100.0 10.0 100.0 100.0 100.0 16.0
100.0 10.0 100.0 100.0 100.0 14.0
100.0 22.0 100.0 100.0 100.0 8.0
100.0 22.0 100.0 100.0 100.0 8.0
100.0 6.0 100.0 100.0 100.0 6.0
100.0 6.0 100.0 100.0 100.0 4.0
100.0 14.0 100.0 100.0 100.0 0.0
100.0 14.0 100.0 100.0 100.0 -2.0
100.0 6.0 100.0 100.0 100.0 -2.0
100.0 6.0 100.0 100.0 100.0 -2.0
100.0 2.0 100.0 100.0 100.0 0.0
100.0 2.0 100.0 100.0 100.0 2.0
100.0 2.0 100.0 100.0 100.0 2.0
100.0 2.0 100.0 100.0 100.0 2.0
100.0 -4.0 76.0 100.0 100.0 -4.0
100.0 -4.0 76.0 100.0 100.0 -12.0
100.0 -4.0 62.0 100.0 100.0 -6.0
100.0 -4.0 56.0 100.0 94.0 -6.0
100.0 -4.0 40.0 100.0 74.0 -2.0
94.0 -4.0 40.0 100.0 70.0 -2.0
88.0 -8.0 40.0 100.0 56.0 -4.0
88.0 -8.0 28.0 100.0 52.0 -4.0
84.0 -4.0 24.0 100.0 54.0 -2.0
84.0 -4.0 24.0 100.0 52.0 -2.0
84.0 4.0 24.0 100.0 50.0 -2.0
84.0 2.0 26.0 100.0 48.0 2.0
84.0 2.0 24.0 100.0 46.0 2.0
82.0 -4.0 28.0 100.0 46.0 4.0
84.0 -4.0 20.0 100.0 46.0 2.0
76.0 -4.0 16.0 100.0 40.0 4.0
84.0 -2.0 12.0 100.0 40.0 2.0
84.0 -4.0 16.0 100.0 36.0 0.0
86.0 -2.0 20.0 100.0 36.0 0.0
88.0 -2.0 22.0 100.0 40.0 0.0
88.0 0.0 22.0 100.0 40.0 2.0
88.0 0.0 20.0 100.0 40.0 -4.0
84.0 -8.0 18.0 100.0 36.0 4.0
84.0 -8.0 18.0 100.0 36.0 2.0
88.0 -8.0 16.0 100.0 36.0 2.0
88.0 -4.0 16.0 100.0 36.0 2.0
84.0 -4.0 16.0 98.0 32.0 2.0
84.0 -4.0 20.0 94.0 32.0 2.0
80.0 -4.0 20.0 94.0 34.0 2.0
82.0 -8.0 20.0 94.0 34.0 2.0
82.0 2.0 12.0 96.0 36.0 2.0
84.0 -4.0 14.0 98.0 30.0 2.0
84.0 2.0 12.0 96.0 36.0 6.0
78.0 -4.0 14.0 94.0 30.0 6.0
78.0 -6.0 12.0 92.0 28.0 2.0
82.0 -6.0 16.0 88.0 28.0 0.0
82.0 -4.0 14.0 80.0 28.0 0.0
82.0 -4.0 14.0 78.0 28.0 -6.0
80.0 -8.0 14.0 78.0 28.0 -4.0
80.0 -12.0 16.0 74.0 28.0 -4.0
80.0 -12.0 16.0 80.0 28.0 -4.0
78.0 -10.0 16.0 80.0 26.0 2.0
78.0 -4.0 18.0 80.0 26.0 2.0
78.0 2.0 18.0 76.0 32.0 2.0
84.0 2.0 20.0 76.0 32.0 2.0
84.0 -6.0 20.0 76.0 32.0 2.0
84.0 -10.0 16.0 74.0 18.0 0.0
74.0 -14.0 12.0 78.0 18.0 0.0
76.0 -10.0 8.0 74.0 18.0 2.0
76.0 -8.0 8.0 74.0 18.0 2.0
76.0 -8.0 10.0 72.0 20.0 0.0
76.0 -8.0 10.0 72.0 20.0 0.0
76.0 -8.0 8.0 72.0 20.0 0.0
78.0 -10.0 8.0 70.0 22.0 0.0
78.0 -10.0 14.0 70.0 22.0 0.0
78.0 -10.0 14.0 66.0 24.0 2.0
78.0 -6.0 8.0 66.0 22.0 2.0
78.0 -4.0 8.0 66.0 20.0 0.0
78.0 -4.0 8.0 66.0 20.0 -2.0
72.0 -4.0 12.0 66.0 20.0 -2.0
76.0 -2.0 8.0 66.0 20.0 -2.0
76.0 2.0 12.0 68.0 24.0 2.0
76.0 2.0 4.0 68.0 14.0 2.0
80.0 -4.0 12.0 68.0 20.0 -4.0
80.0 -4.0 8.0 66.0 10.0 -4.0
80.0 -12.0 12.0 66.0 18.0 0.0
82.0 -4.0 12.0 74.0 18.0 2.0
82.0 -12.0 12.0 74.0 22.0 2.0
78.0 -6.0 16.0 70.0 22.0 4.0
78.0 -12.0 10.0 68.0 22.0 4.0
76.0 -6.0 16.0 62.0 20.0 2.0
76.0 -12.0 10.0 62.0 20.0 2.0
76.0 -6.0 18.0 66.0 18.0 0.0
76.0 -6.0 12.0 70.0 18.0 0.0
76.0 -4.0 12.0 66.0 18.0 -4.0
80.0 -4.0 12.0 70.0 14.0 -4.0
80.0 -4.0 12.0 70.0 14.0 -2.0
80.0 -4.0 14.0 70.0 14.0 -2.0
72.0 -8.0 14.0 70.0 18.0 -2.0
72.0 -12.0 14.0 66.0 18.0 -2.0
72.0 -14.0 12.0 66.0 14.0 0.0
72.0 -14.0 12.0 60.0 14.0 2.0
74.0 -6.0 12.0 60.0 14.0 2.0
74.0 -6.0 6.0 60.0 12.0 2.0
74.0 -10.0 6.0 60.0 12.0 2.0
74.0 -10.0 6.0 64.0 20.0 4.0
72.0 -6.0 8.0 64.0 20.0 4.0
74.0 -4.0 12.0 62.0 20.0 4.0
74.0 -6.0 14.0 60.0 12.0 4.0
76.0 -4.0 14.0 62.0 22.0 2.0
76.0 -6.0 8.0 58.0 12.0 2.0
76.0 -6.0 8.0 58.0 16.0 4.0
78.0 -6.0 8.0 58.0 16.0 4.0
76.0 -6.0 8.0 58.0 16.0 0.0
72.0 -6.0 8.0 62.0 14.0 0.0
72.0 -6.0 8.0 68.0 14.0 -4.0
72.0 -6.0 8.0 68.0 14.0 -2.0
72.0 -12.0 4.0 62.0 18.0 -2.0
72.0 -8.0 8.0 58.0 14.0 2.0
72.0 -8.0 8.0 58.0 18.0 6.0
74.0 -8.0 8.0 60.0 14.0 6.0
74.0 -12.0 8.0 60.0 14.0 -4.0
74.0 -12.0 6.0 60.0 10.0 -6.0
72.0 -12.0 6.0 56.0 10.0 -6.0
72.0 -12.0 6.0 50.0 14.0 -6.0
72.0 -10.0 6.0 50.0 18.0 -6.0
68.0 -10.0 8.0 56.0 14.0 4.0
66.0 -10.0 12.0 56.0 16.0 0.0
68.0 -10.0 12.0 56.0 14.0 0.0
70.0 -6.0 6.0 60.0 16.0 0.0
74.0 -8.0 6.0 60.0 10.0 0.0
70.0 -8.0 2.0 58.0 10.0 0.0
74.0 -8.0 4.0 56.0 6.0 2.0
70.0 -8.0 2.0 50.0 6.0 0.0
74.0 -8.0 2.0 50.0 8.0 2.0
70.0 -8.0 2.0 50.0 10.0 2.0
70.0 -8.0 8.0 50.0 12.0 8.0
70.0 -10.0 8.0 50.0 12.0 2.0
70.0 -10.0 2.0 50.0 14.0 2.0
64.0 -4.0 2.0 50.0 6.0 0.0
64.0 -4.0 2.0 50.0 6.0 0.0
70.0 -4.0 6.0 56.0 6.0 0.0
