# Target: fist
# Dominant_Vision: Open Hand
4.0 0.0 2.0 -2.0 -4.0 0.0
4.0 2.0 0.0 -2.0 -2.0 4.0
8.0 4.0 -2.0 -4.0 -2.0 4.0
8.0 6.0 -2.0 -6.0 -2.0 2.0
4.0 4.0 2.0 -6.0 -6.0 2.0
4.0 4.0 4.0 -2.0 -6.0 2.0
2.0 4.0 4.0 -2.0 -4.0 4.0
2.0 0.0 -4.0 -2.0 -4.0 4.0
0.0 0.0 -4.0 0.0 -4.0 4.0
0.0 0.0 2.0 0.0 -4.0 4.0
0.0 2.0 4.0 0.0 -4.0 4.0
4.0 8.0 2.0 0.0 -6.0 6.0
6.0 4.0 0.0 0.0 -10.0 6.0
6.0 4.0 0.0 0.0 -6.0 4.0
-2.0 0.0 0.0 -2.0 -10.0 4.0
-2.0 0.0 -4.0 -8.0 -4.0 4.0
-4.0 0.0 -4.0 -8.0 -6.0 4.0
0.0 0.0 -4.0 -8.0 -4.0 2.0
-4.0 0.0 -4.0 0.0 -2.0 2.0
0.0 0.0 0.0 0.0 -2.0 8.0
0.0 0.0 0.0 0.0 -4.0 8.0
0.0 0.0 0.0 0.0 -4.0 6.0
-2.0 2.0 -2.0 0.0 -4.0 4.0
-2.0 4.0 -10.0 -2.0 2.0 0.0
12.0 4.0 -10.0 -2.0 2.0 0.0
12.0 6.0 -12.0 -2.0 2.0 6.0
12.0 6.0 -8.0 0.0 2.0 6.0
10.0 8.0 4.0 8.0 4.0 6.0
10.0 12.0 4.0 8.0 4.0 6.0
20.0 12.0 4.0 12.0 6.0 2.0
20.0 12.0 -4.0 14.0 6.0 2.0
38.0 6.0 -4.0 26.0 18.0 2.0
64.0 12.0 4.0 30.0 26.0 2.0
66.0 16.0 10.0 42.0 36.0 6.0
100.0 16.0 12.0 68.0 52.0 16.0
100.0 14.0 18.0 76.0 58.0 16.0
100.0 14.0 36.0 100.0 72.0 18.0
100.0 18.0 48.0 100.0 84.0 18.0
100.0 18.0 48.0 100.0 94.0 18.0
100.0 18.0 48.0 100.0 100.0 18.0
100.0 18.0 54.0 100.0 100.0 20.0
100.0 22.0 68.0 100.0 100.0 20.0
100.0 24.0 72.0 100.0 100.0 26.0
100.0 46.0 100.0 100.0 100.0 26.0
100.0 46.0 100.0 100.0 100.0 26.0
100.0 48.0 100.0 100.0 100.0 26.0
100.0 44.0 100.0 100.0 100.0 24.0
100.0 46.0 100.0 100.0 100.0 24.0
100.0 46.0 100.0 100.0 100.0 28.0
100.0 54.0 100.0 100.0 100.0 30.0
100.0 58.0 100.0 100.0 100.0 32.0
100.0 58.0 100.0 100.0 100.0 34.0
100.0 40.0 100.0 100.0 100.0 34.0
100.0 40.0 100.0 100.0 100.0 36.0
100.0 44.0 100.0 100.0 100.0 36.0
100.0 44.0 100.0 100.0 100.0 38.0
100.0 44.0 100.0 100.0 100.0 40.0
100.0 50.0 100.0 100.0 100.0 42.0
100.0 50.0 100.0 100.0 100.0 42.0
100.0 50.0 100.0 100.0 100.0 44.0
100.0 54.0 100.0 100.0 100.0 44.0
100.0 54.0 100.0 100.0 100.0 44.0
100.0 48.0 100.0 100.0 100.0 44.0
100.0 48.0 100.0 100.0 100.0 48.0
100.0 52.0 100.0 100.0 100.0 48.0
100.0 56.0 100.0 100.0 100.0 44.0
100.0 58.0 100.0 100.0 100.0 44.0
100.0 58.0 100.0 100.0 100.0 46.0
100.0 60.0 100.0 100.0 100.0 46.0
100.0 58.0 100.0 100.0 100.0 42.0
100.0 60.0 100.0 100.0 100.0 42.0
100.0 56.0 100.0 100.0 100.0 44.0
100.0 62.0 100.0 100.0 100.0 44.0
100.0 58.0 100.0 100.0 100.0 42.0
100.0 62.0 100.0 100.0 100.0 42.0
100.0 70.0 100.0 100.0 100.0 42.0
100.0 70.0 100.0 100.0 100.0 46.0
100.0 68.0 100.0 100.0 100.0 42.0
100.0 68.0 100.0 100.0 100.0 42.0
100.0 68.0 100.0 100.0 100.0 40.0
100.0 68.0 100.0 100.0 100.0 38.0
100.0 68.0 100.0 100.0 100.0 40.0
100.0 68.0 100.0 100.0 100.0 40.0
100.0 66.0 100.0 100.0 100.0 40.0
100.0 66.0 100.0 100.0 100.0 42.0
100.0 74.0 100.0 100.0 100.0 40.0
100.0 74.0 100.0 100.0 100.0 42.0
100.0 74.0 100.0 100.0 100.0 42.0
100.0 76.0 100.0 100.0 100.0 42.0
100.0 80.0 100.0 100.0 100.0 40.0
100.0 80.0 100.0 100.0 100.0 36.0
100.0 80.0 100.0 100.0 100.0 34.0
100.0 78.0 100.0 100.0 100.0 34.0
100.0 78.0 100.0 100.0 100.0 36.0
100.0 76.0 100.0 100.0 100.0 40.0
100.0 82.0 100.0 100.0 100.0 42.0
100.0 76.0 100.0 100.0 100.0 42.0
100.0 68.0 100.0 100.0 100.0 36.0
100.0 68.0 100.0 100.0 100.0 34.0
100.0 66.0 100.0 100.0 100.0 34.0
100.0 64.0 100.0 100.0 100.0 34.0
100.0 56.0 100.0 100.0 100.0 32.0
100.0 56.0 100.0 100.0 100.0 28.0
100.0 60.0 100.0 100.0 100.0 20.0
100.0 60.0 100.0 100.0 100.0 20.0
100.0 60.0 100.0 100.0 100.0 20.0
100.0 58.0 100.0 100.0 100.0 20.0
100.0 54.0 100.0 100.0 100.0 16.0
100.0 54.0 100.0 100.0 100.0 12.0
100.0 50.0 100.0 100.0 100.0 12.0
100.0 44.0 100.0 100.0 100.0 12.0
100.0 42.0 100.0 100.0 100.0 10.0
100.0 36.0 100.0 100.0 100.0 6.0
100.0 32.0 100.0 100.0 100.0 6.0
100.0 32.0 100.0 100.0 100.0 4.0
100.0 32.0 100.0 100.0 100.0 4.0
100.0 36.0 100.0 100.0 100.0 4.0
100.0 36.0 100.0 100.0 100.0 0.0
100.0 26.0 100.0 100.0 100.0 0.0
100.0 20.0 100.0 100.0 100.0 -6.0
100.0 14.0 100.0 100.0 100.0 0.0
100.0 14.0 98.0 100.0 100.0 0.0
100.0 14.0 88.0 100.0 100.0 0.0
100.0 14.0 78.0 100.0 100.0 0.0
100.0 8.0 56.0 100.0 88.0 2.0
100.0 8.0 54.0 100.0 76.0 2.0
100.0 8.0 52.0 100.0 68.0 4.0
100.0 8.0 40.0 100.0 60.0 4.0
72.0 8.0 38.0 100.0 52.0 0.0
70.0 6.0 36.0 100.0 52.0 0.0
68.0 14.0 28.0 100.0 38.0 0.0
68.0 6.0 28.0 100.0 34.0 0.0
68.0 6.0 30.0 100.0 38.0 0.0
72.0 6.0 30.0 100.0 34.0 0.0
66.0 12.0 30.0 100.0 34.0 0.0
66.0 12.0 26.0 100.0 32.0 0.0
66.0 6.0 26.0 100.0 32.0 2.0
66.0 6.0 26.0 100.0 30.0 4.0
68.0 14.0 26.0 94.0 28.0 4.0
56.0 16.0 20.0 70.0 28.0 4.0
60.0 16.0 20.0 64.0 28.0 4.0
60.0 6.0 20.0 64.0 28.0 10.0
68.0 6.0 20.0 64.0 28.0 10.0
68.0 8.0 26.0 66.0 22.0 6.0
70.0 8.0 26.0 66.0 22.0 6.0
68.0 8.0 22.0 62.0 22.0 6.0
68.0 6.0 22.0 62.0 22.0 8.0
68.0 10.0 22.0 62.0 18.0 6.0
68.0 4.0 14.0 64.0 18.0 6.0
68.0 6.0 14.0 68.0 18.0 2.0
66.0 6.0 22.0 68.0 18.0 2.0
60.0 16.0 22.0 68.0 18.0 2.0
60.0 16.0 20.0 66.0 18.0 0.0
60.0 16.0 10.0 58.0 16.0 0.0
62.0 2.0 10.0 58.0 16.0 0.0
62.0 2.0 12.0 58.0 12.0 -2.0
56.0 8.0 12.0 54.0 12.0 2.0
56.0 14.0 12.0 54.0 12.0 2.0
56.0 8.0 12.0 50.0 10.0 2.0
54.0 6.0 12.0 50.0 16.0 6.0
54.0 6.0 12.0 50.0 16.0 2.0
54.0 12.0 12.0 52.0 16.0 0.0
62.0 12.0 14.0 46.0 16.0 -2.0
54.0 6.0 14.0 56.0 14.0 -2.0
62.0 4.0 10.0 56.0 14.0 0.0
60.0 4.0 10.0 56.0 14.0 8.0
60.0 4.0 10.0 54.0 10.0 12.0
60.0 14.0 10.0 54.0 10.0 12.0
58.0 14.0 10.0 54.0 8.0 6.0
64.0 12.0 10.0 58.0 4.0 4.0
56.0 12.0 8.0 60.0 4.0 4.0
64.0 10.0 8.0 58.0 14.0 2.0
56.0 12.0 14.0 54.0 14.0 2.0
56.0 10.0 16.0 54.0 14.0 2.0
54.0 8.0 18.0 52.0 12.0 0.0
52.0 8.0 18.0 52.0 14.0 0.0
52.0 8.0 14.0 52.0 12.0 8.0
52.0 0.0 14.0 44.0 4.0 8.0
56.0 0.0 12.0 44.0 4.0 8.0
56.0 8.0 6.0 46.0 4.0 0.0
52.0 8.0 6.0 54.0 6.0 0.0
52.0 10.0 6.0 50.0 8.0 -2.0
54.0 6.0 12.0 58.0 8.0 0.0
54.0 6.0 12.0 54.0 6.0 2.0
54.0 6.0 10.0 54.0 2.0 2.0
54.0 10.0 10.0 52.0 2.0 2.0
48.0 12.0 10.0 50.0 4.0 2.0
48.0 10.0 8.0 38.0 8.0 -4.0
54.0 4.0 8.0 38.0 8.0 -4.0
56.0 4.0 10.0 42.0 8.0 4.0
56.0 10.0 10.0 42.0 8.0 4.0
52.0 10.0 10.0 42.0 6.0 4.0
50.0 6.0 10.0 42.0 8.0 0.0
50.0 2.0 6.0 48.0 6.0 0.0
52.0 -2.0 6.0 50.0 2.0 4.0
54.0 -2.0 6.0 50.0 2.0 8.0
54.0 2.0 14.0 50.0 2.0 8.0
50.0 8.0 14.0 50.0 6.0 2.0
46.0 2.0 6.0 48.0 0.0 2.0
50.0 2.0 6.0 48.0 6.0 2.0
46.0 2.0 8.0 48.0 8.0 6.0
56.0 2.0 12.0 50.0 8.0 6.0
46.0 10.0 8.0 42.0 8.0 6.0
48.0 14.0 8.0 46.0 8.0 12.0
46.0 14.0 6.0 46.0 8.0 12.0
48.0 12.0 8.0 46.0 2.0 2.0
40.0 8.0 4.0 44.0 0.0 2.0
54.0 10.0 4.0 40.0 0.0 2.0
54.0 2.0 4.0 34.0 2.0 0.0
54.0 2.0 2.0 34.0 6.0 0.0
54.0 2.0 2.0 38.0 6.0 10.0
52.0 2.0 10.0 38.0 6.0 10.0
64.0 2.0 14.0 38.0 6.0 8.0
54.0 4.0 12.0 38.0 6.0 6.0
54.0 2.0 12.0 38.0 6.0 2.0
46.0 4.0 12.0 38.0 0.0 2.0
46.0 4.0 12.0 36.0 0.0 8.0
50.0 4.0 12.0 38.0 10.0 8.0
54.0 2.0 8.0 36.0 10.0 4.0
54.0 2.0 16.0 42.0 2.0 4.0
54.0 8.0 6.0 42.0 -2.0 6.0
54.0 8.0 6.0 42.0 0.0 6.0
50.0 0.0 6.0 48.0 -2.0 6.0
44.0 0.0 8.0 48.0 -2.0 6.0
50.0 0.0 10.0 46.0 -2.0 6.0
50.0 2.0 10.0 42.0 -2.0 4.0
50.0 2.0 10.0 36.0 2.0 4.0
50.0 8.0 16.0 36.0 2.0 4.0
50.0 8.0 8.0 36.0 8.0 4.0
