# Target: fist
# Dominant_Vision: Open Hand
0.0 0.0 0.0 2.0 0.0 8.0
0.0 0.0 8.0 4.0 -10.0 8.0
2.0 -4.0 10.0 4.0 -10.0 10.0
2.0 -4.0 8.0 4.0 -6.0 14.0
2.0 -4.0 8.0 4.0 -6.0 12.0
-8.0 2.0 6.0 4.0 -6.0 18.0
4.0 4.0 4.0 6.0 -6.0 14.0
-6.0 2.0 -2.0 0.0 -10.0 14.0
0.0 -4.0 -2.0 0.0 -6.0 14.0
0.0 -4.0 8.0 -2.0 -8.0 10.0
0.0 -2.0 8.0 -2.0 -8.0 10.0
2.0 -2.0 8.0 6.0 -8.0 10.0
4.0 -6.0 8.0 6.0 -8.0 8.0
4.0 -6.0 8.0 6.0 -8.0 18.0
-2.0 -6.0 6.0 4.0 -8.0 12.0
-4.0 -6.0 2.0 2.0 -8.0 18.0
-4.0 -6.0 2.0 2.0 -8.0 12.0
-4.0 -6.0 6.0 4.0 -12.0 12.0
-2.0 -6.0 6.0 4.0 -12.0 12.0
-2.0 -6.0 6.0 4.0 -8.0 8.0
-4.0 -6.0 6.0 4.0 -8.0 8.0
-4.0 -4.0 4.0 4.0 -8.0 8.0
0.0 -4.0 -2.0 6.0 -8.0 8.0
2.0 2.0 -2.0 -2.0 -4.0 10.0
2.0 0.0 -2.0 10.0 -4.0 12.0
0.0 0.0 -4.0 10.0 -8.0 12.0
0.0 -6.0 -4.0 10.0 -8.0 12.0
0.0 -6.0 2.0 6.0 -8.0 10.0
0.0 -6.0 6.0 6.0 -4.0 10.0
0.0 -4.0 8.0 0.0 -4.0 8.0
0.0 -6.0 12.0 0.0 -6.0 4.0
2.0 -6.0 12.0 0.0 -6.0 4.0
16.0 -6.0 12.0 14.0 -6.0 10.0
16.0 -6.0 6.0 18.0 -4.0 14.0
12.0 -2.0 6.0 22.0 -2.0 14.0
12.0 -2.0 4.0 22.0 4.0 14.0
46.0 2.0 8.0 18.0 16.0 12.0
50.0 4.0 6.0 18.0 20.0 12.0
60.0 4.0 12.0 38.0 26.0 12.0
82.0 4.0 10.0 40.0 28.0 12.0
86.0 4.0 10.0 46.0 46.0 16.0
94.0 4.0 10.0 50.0 54.0 16.0
100.0 4.0 10.0 60.0 60.0 16.0
100.0 4.0 10.0 60.0 70.0 8.0
100.0 10.0 10.0 74.0 76.0 8.0
100.0 14.0 10.0 86.0 78.0 14.0
100.0 14.0 16.0 100.0 100.0 18.0
100.0 18.0 18.0 100.0 100.0 22.0
100.0 18.0 16.0 100.0 100.0 22.0
100.0 18.0 18.0 100.0 100.0 22.0
100.0 20.0 14.0 100.0 100.0 20.0
100.0 22.0 14.0 100.0 100.0 20.0
100.0 22.0 14.0 100.0 100.0 20.0
100.0 18.0 26.0 100.0 100.0 26.0
100.0 18.0 28.0 100.0 100.0 22.0
100.0 30.0 28.0 100.0 100.0 22.0
100.0 30.0 28.0 100.0 100.0 22.0
100.0 30.0 30.0 100.0 100.0 20.0
100.0 22.0 30.0 100.0 100.0 22.0
100.0 22.0 34.0 100.0 100.0 20.0
100.0 26.0 38.0 100.0 100.0 20.0
100.0 26.0 38.0 100.0 100.0 20.0
100.0 20.0 32.0 100.0 100.0 20.0
100.0 14.0 32.0 100.0 100.0 18.0
100.0 14.0 40.0 100.0 100.0 18.0
100.0 24.0 46.0 100.0 100.0 20.0
100.0 28.0 48.0 100.0 100.0 20.0
100.0 28.0 86.0 100.0 100.0 16.0
100.0 28.0 100.0 100.0 100.0 16.0
100.0 28.0 100.0 100.0 100.0 18.0
100.0 28.0 100.0 100.0 100.0 20.0
100.0 24.0 98.0 100.0 100.0 20.0
100.0 24.0 100.0 100.0 100.0 22.0
100.0 36.0 98.0 100.0 100.0 22.0
100.0 38.0 100.0 100.0 100.0 20.0
100.0 38.0 100.0 100.0 100.0 20.0
100.0 38.0 100.0 100.0 100.0 24.0
100.0 38.0 100.0 100.0 100.0 24.0
100.0 38.0 100.0 100.0 100.0 24.0
100.0 40.0 100.0 100.0 100.0 18.0
100.0 40.0 100.0 100.0 100.0 18.0
100.0 38.0 100.0 100.0 100.0 20.0
100.0 32.0 100.0 100.0 100.0 26.0
100.0 32.0 100.0 100.0 100.0 24.0
100.0 32.0 100.0 100.0 100.0 24.0
100.0 32.0 100.0 100.0 100.0 24.0
100.0 38.0 100.0 100.0 100.0 24.0
100.0 40.0 100.0 100.0 100.0 24.0
100.0 40.0 100.0 100.0 100.0 24.0
100.0 34.0 100.0 100.0 100.0 22.0
100.0 28.0 100.0 100.0 100.0 22.0
100.0 34.0 100.0 100.0 100.0 20.0
100.0 28.0 100.0 100.0 100.0 20.0
100.0 32.0 100.0 100.0 100.0 20.0
100.0 28.0 100.0 100.0 100.0 20.0
100.0 32.0 100.0 100.0 100.0 14.0
100.0 32.0 100.0 100.0 100.0 14.0
100.0 34.0 100.0 100.0 100.0 20.0
100.0 36.0 100.0 100.0 100.0 24.0
100.0 40.0 100.0 100.0 100.0 24.0
100.0 36.0 100.0 100.0 100.0 20.0
100.0 38.0 100.0 100.0 100.0 20.0
100.0 36.0 100.0 100.0 100.0 22.0
100.0 38.0 100.0 100.0 100.0 22.0
100.0 22.0 100.0 100.0 100.0 30.0
100.0 26.0 100.0 100.0 100.0 26.0
100.0 26.0 100.0 100.0 100.0 26.0
100.0 26.0 98.0 100.0 100.0 20.0
100.0 22.0 100.0 100.0 100.0 20.0
100.0 22.0 100.0 100.0 100.0 22.0
100.0 30.0 100.0 100.0 100.0 22.0
100.0 30.0 100.0 100.0 100.0 18.0
100.0 30.0 98.0 100.0 100.0 18.0
100.0 38.0 98.0 100.0 100.0 20.0
100.0 38.0 94.0 100.0 100.0 20.0
100.0 38.0 94.0 100.0 100.0 20.0
100.0 30.0 92.0 100.0 100.0 18.0
100.0 32.0 92.0 100.0 100.0 12.0
100.0 30.0 80.0 100.0 100.0 12.0
100.0 30.0 80.0 100.0 100.0 10.0
100.0 28.0 80.0 100.0 100.0 12.0
100.0 22.0 70.0 100.0 100.0 16.0
100.0 14.0 58.0 100.0 100.0 16.0
82.0 14.0 54.0 100.0 100.0 10.0
52.0 10.0 38.0 96.0 100.0 10.0
44.0 8.0 34.0 80.0 100.0 10.0
34.0 6.0 34.0 52.0 100.0 6.0
12.0 6.0 34.0 40.0 100.0 10.0
0.0 2.0 20.0 36.0 100.0 10.0
-28.0 4.0 20.0 32.0 88.0 10.0
-32.0 4.0 20.0 18.0 84.0 10.0
-52.0 4.0 12.0 14.0 66.0 16.0
-52.0 4.0 12.0 2.0 60.0 16.0
-50.0 4.0 12.0 2.0 58.0 12.0
-50.0 4.0 12.0 8.0 58.0 4.0
-52.0 4.0 12.0 8.0 54.0 6.0
-54.0 4.0 12.0 8.0 48.0 6.0
-56.0 2.0 10.0 0.0 46.0 6.0
-56.0 2.0 12.0 2.0 42.0 12.0
-58.0 2.0 10.0 -2.0 40.0 4.0
-56.0 8.0 12.0 -2.0 40.0 4.0
-58.0 8.0 14.0 -8.0 40.0 4.0
-58.0 8.0 16.0 -8.0 24.0 8.0
-58.0 6.0 16.0 -8.0 24.0 10.0
-58.0 6.0 18.0 2.0 30.0 16.0
-58.0 6.0 14.0 2.0 34.0 16.0
-58.0 6.0 14.0 -10.0 36.0 16.0
-66.0 6.0 14.0 -10.0 38.0 12.0
-58.0 0.0 8.0 -2.0 36.0 8.0
-58.0 0.0 16.0 -2.0 30.0 8.0
-58.0 0.0 16.0 -6.0 30.0 8.0
-60.0 2.0 16.0 -6.0 28.0 10.0
-60.0 2.0 14.0 -6.0 26.0 12.0
-58.0 6.0 12.0 -2.0 24.0 12.0
-58.0 6.0 12.0 -6.0 26.0 12.0
-54.0 2.0 18.0 -6.0 24.0 4.0
-54.0 2.0 18.0 -6.0 28.0 4.0
-56.0 2.0 16.0 -10.0 26.0 2.0
-56.0 -6.0 16.0 -4.0 26.0 8.0
-58.0 -6.0 14.0 -10.0 26.0 8.0
-58.0 4.0 14.0 -6.0 26.0 8.0
-58.0 4.0 14.0 -6.0 26.0 12.0
-50.0 -4.0 14.0 -2.0 20.0 12.0
-50.0 -4.0 18.0 -2.0 26.0 12.0
-54.0 0.0 18.0 -4.0 22.0 12.0
-56.0 2.0 18.0 -4.0 22.0 12.0
-56.0 4.0 18.0 -2.0 22.0 10.0
-64.0 4.0 18.0 -2.0 14.0 10.0
-70.0 4.0 18.0 -2.0 14.0 10.0
-70.0 2.0 20.0 -4.0 18.0 12.0
-60.0 6.0 20.0 -4.0 20.0 12.0
-58.0 6.0 20.0 -4.0 20.0 8.0
-58.0 6.0 12.0 -2.0 28.0 8.0
-58.0 4.0 12.0 -4.0 28.0 14.0
-58.0 4.0 14.0 -4.0 24.0 14.0
-52.0 -2.0 16.0 -4.0 24.0 14.0
-52.0 2.0 18.0 -4.0 22.0 6.0
-54.0 2.0 18.0 -4.0 22.0 12.0
-54.0 4.0 14.0 -4.0 22.0 12.0
-52.0 8.0 14.0 -4.0 24.0 12.0
-52.0 8.0 16.0 -4.0 24.0 14.0
-56.0 12.0 16.0 -2.0 26.0 14.0
-56.0 8.0 12.0 -2.0 24.0 14.0
-52.0 8.0 12.0 -2.0 24.0 14.0
-52.0 6.0 12.0 -4.0 24.0 14.0
-52.0 6.0 12.0 -4.0 24.0 12.0
-54.0 6.0 12.0 -2.0 20.0 12.0
-54.0 8.0 16.0 -2.0 24.0 12.0
-52.0 8.0 22.0 -2.0 24.0 12.0
-52.0 8.0 22.0 -14.0 24.0 4.0
-56.0 4.0 20.0 -10.0 12.0 12.0
-56.0 -4.0 20.0 -10.0 12.0 4.0
-58.0 4.0 20.0 2.0 14.0 14.0
-56.0 -4.0 20.0 4.0 22.0 6.0
-56.0 -4.0 18.0 2.0 22.0 14.0
-54.0 -4.0 14.0 0.0 18.0 14.0
-54.0 -4.0 14.0 0.0 18.0 14.0
-54.0 2.0 14.0 -2.0 20.0 14.0
-54.0 2.0 22.0 -8.0 24.0 14.0
-52.0 2.0 2.0 -8.0 24.0 12.0
-52.0 4.0 22.0 -10.0 22.0 8.0
-50.0 4.0 8.0 -10.0 22.0 8.0
-54.0 2.0 22.0 -10.0 18.0 12.0
-50.0 2.0 8.0 4.0 18.0 12.0
-52.0 2.0 10.0 4.0 20.0 14.0
-50.0 2.0 10.0 4.0 20.0 14.0
-50.0 -4.0 16.0 4.0 20.0 10.0
-50.0 -4.0 16.0 4.0 20.0 10.0
-50.0 4.0 14.0 -10.0 20.0 14.0
-46.0 6.0 14.0 -10.0 20.0 14.0
-44.0 4.0 14.0 -4.0 20.0 12.0
-42.0 6.0 14.0 2.0 22.0 12.0
-34.0 6.0 10.0 2.0 26.0 12.0
-32.0 6.0 18.0 2.0 26.0 8.0
-32.0 4.0 16.0 2.0 14.0 6.0
-40.0 4.0 16.0 2.0 14.0 4.0
-40.0 4.0 14.0 -2.0 18.0 6.0
-40.0 8.0 14.0 -2.0 24.0 8.0
-38.0 6.0 14.0 4.0 18.0 12.0
-42.0 8.0 22.0 4.0 16.0 8.0
-40.0 6.0 22.0 0.0 16.0 12.0
-40.0 6.0 18.0 0.0 22.0 12.0
-36.0 4.0 16.0 -2.0 22.0 12.0
-36.0 6.0 18.0 0.0 26.0 12.0
-44.0 10.0 16.0 2.0 20.0 10.0
-44.0 10.0 18.0 8.0 20.0 12.0
-44.0 8.0 16.0 8.0 18.0 8.0
