# Target: fist
# Dominant_Vision: Open Hand
2.0 0.0 0.0 0.0 0.0 6.0
2.0 0.0 0.0 0.0 0.0 6.0
2.0 0.0 0.0 4.0 -2.0 6.0
0.0 4.0 -8.0 6.0 -2.0 4.0
0.0 0.0 -8.0 6.0 -2.0 4.0
0.0 4.0 -2.0 6.0 -2.0 6.0
2.0 2.0 2.0 4.0 -2.0 6.0
-2.0 4.0 -2.0 -2.0 -4.0 6.0
-2.0 2.0 -2.0 -2.0 -4.0 4.0
-2.0 2.0 -2.0 -2.0 -2.0 4.0
0.0 2.0 -2.0 0.0 0.0 2.0
4.0 6.0 -4.0 2.0 0.0 2.0
4.0 6.0 -4.0 2.0 0.0 2.0
4.0 6.0 6.0 0.0 -4.0 12.0
6.0 4.0 6.0 0.0 -4.0 12.0
0.0 -2.0 2.0 -2.0 -4.0 12.0
4.0 -2.0 2.0 4.0 2.0 10.0
0.0 -4.0 -6.0 2.0 2.0 4.0
0.0 0.0 -8.0 4.0 0.0 4.0
0.0 2.0 -8.0 6.0 -6.0 4.0
8.0 2.0 -4.0 6.0 -2.0 4.0
10.0 -4.0 -4.0 0.0 -6.0 4.0
10.0 -4.0 0.0 0.0 -2.0 4.0
4.0 6.0 0.0 6.0 -6.0 4.0
4.0 6.0 0.0 8.0 6.0 10.0
6.0 2.0 -2.0 6.0 4.0 10.0
16.0 0.0 -2.0 8.0 4.0 10.0
26.0 0.0 2.0 10.0 4.0 12.0
26.0 0.0 2.0 10.0 6.0 8.0
26.0 -2.0 0.0 12.0 14.0 8.0
38.0 -6.0 -8.0 14.0 12.0 8.0
56.0 -6.0 0.0 20.0 12.0 0.0
58.0 4.0 6.0 22.0 12.0 8.0
72.0 4.0 6.0 20.0 26.0 6.0
76.0 8.0 6.0 30.0 30.0 10.0
82.0 10.0 4.0 36.0 30.0 8.0
82.0 8.0 4.0 60.0 36.0 8.0
100.0 10.0 -2.0 72.0 44.0 8.0
100.0 16.0 6.0 74.0 56.0 6.0
100.0 24.0 16.0 100.0 64.0 6.0
100.0 24.0 16.0 100.0 80.0 6.0
100.0 24.0 24.0 100.0 100.0 16.0
100.0 26.0 26.0 100.0 100.0 16.0
100.0 34.0 34.0 100.0 100.0 22.0
100.0 36.0 36.0 100.0 100.0 14.0
100.0 36.0 42.0 100.0 100.0 24.0
100.0 36.0 46.0 100.0 100.0 16.0
100.0 42.0 48.0 100.0 100.0 18.0
100.0 46.0 54.0 100.0 100.0 18.0
100.0 50.0 56.0 100.0 100.0 22.0
100.0 54.0 58.0 100.0 100.0 24.0
100.0 62.0 62.0 100.0 100.0 24.0
100.0 64.0 62.0 100.0 100.0 24.0
100.0 62.0 72.0 100.0 100.0 22.0
100.0 66.0 98.0 100.0 100.0 24.0
100.0 66.0 100.0 100.0 100.0 24.0
100.0 74.0 100.0 100.0 100.0 24.0
100.0 74.0 100.0 100.0 100.0 24.0
100.0 74.0 100.0 100.0 100.0 20.0
100.0 66.0 100.0 100.0 100.0 20.0
100.0 72.0 100.0 100.0 100.0 20.0
100.0 72.0 100.0 100.0 100.0 22.0
100.0 76.0 100.0 100.0 100.0 22.0
100.0 82.0 100.0 100.0 100.0 22.0
100.0 82.0 100.0 100.0 100.0 14.0
100.0 82.0 100.0 100.0 100.0 14.0
100.0 78.0 100.0 100.0 100.0 14.0
100.0 78.0 100.0 100.0 100.0 18.0
100.0 76.0 100.0 100.0 100.0 18.0
100.0 76.0 100.0 100.0 100.0 16.0
100.0 76.0 100.0 100.0 100.0 16.0
100.0 76.0 100.0 100.0 100.0 16.0
100.0 76.0 100.0 100.0 100.0 20.0
100.0 78.0 100.0 100.0 100.0 16.0
100.0 78.0 100.0 100.0 100.0 22.0
100.0 80.0 100.0 100.0 100.0 18.0
100.0 78.0 100.0 100.0 100.0 20.0
100.0 78.0 100.0 100.0 100.0 20.0
100.0 78.0 100.0 100.0 100.0 20.0
100.0 78.0 100.0 100.0 100.0 20.0
100.0 78.0 100.0 100.0 100.0 12.0
100.0 82.0 100.0 100.0 100.0 18.0
100.0 82.0 100.0 100.0 100.0 18.0
100.0 82.0 100.0 100.0 100.0 18.0
100.0 78.0 100.0 100.0 100.0 18.0
100.0 78.0 100.0 100.0 100.0 18.0
100.0 78.0 100.0 100.0 100.0 18.0
100.0 80.0 100.0 100.0 100.0 16.0
100.0 80.0 100.0 100.0 100.0 10.0
100.0 78.0 100.0 100.0 100.0 10.0
100.0 74.0 100.0 100.0 100.0 18.0
100.0 68.0 100.0 100.0 100.0 18.0
100.0 64.0 100.0 100.0 100.0 14.0
100.0 64.0 100.0 100.0 100.0 14.0
100.0 68.0 100.0 100.0 100.0 10.0
100.0 68.0 100.0 100.0 100.0 10.0
100.0 68.0 100.0 100.0 100.0 6.0
100.0 66.0 100.0 100.0 100.0 0.0
100.0 62.0 100.0 100.0 100.0 6.0
100.0 62.0 100.0 100.0 100.0 0.0
100.0 48.0 100.0 100.0 100.0 0.0
100.0 40.0 100.0 100.0 100.0 0.0
100.0 40.0 100.0 100.0 100.0 -4.0
100.0 38.0 100.0 100.0 100.0 -2.0
100.0 36.0 100.0 100.0 100.0 -4.0
100.0 36.0 100.0 100.0 100.0 -6.0
100.0 24.0 100.0 100.0 100.0 -6.0
100.0 22.0 96.0 100.0 100.0 -4.0
100.0 22.0 76.0 100.0 100.0 -4.0
100.0 28.0 62.0 86.0 100.0 -4.0
100.0 32.0 62.0 78.0 100.0 -8.0
68.0 32.0 60.0 66.0 100.0 -10.0
22.0 32.0 44.0 36.0 100.0 -10.0
10.0 16.0 34.0 34.0 100.0 -4.0
-2.0 22.0 34.0 18.0 100.0 -4.0
-12.0 22.0 40.0 10.0 98.0 -4.0
-14.0 22.0 44.0 10.0 86.0 -4.0
-22.0 20.0 40.0 12.0 78.0 0.0
-30.0 20.0 44.0 12.0 78.0 0.0
-30.0 20.0 38.0 4.0 76.0 0.0
-30.0 18.0 40.0 0.0 68.0 0.0
-32.0 16.0 40.0 2.0 64.0 2.0
-30.0 16.0 40.0 0.0 64.0 0.0
-30.0 16.0 36.0 -6.0 54.0 -4.0
-30.0 14.0 36.0 -6.0 60.0 -4.0
-30.0 12.0 36.0 -6.0 58.0 -2.0
-30.0 12.0 36.0 -8.0 58.0 -2.0
-30.0 12.0 34.0 -12.0 56.0 -4.0
-42.0 12.0 34.0 -12.0 50.0 -4.0
-46.0 14.0 40.0 -8.0 46.0 0.0
-48.0 14.0 40.0 -8.0 50.0 0.0
-60.0 20.0 36.0 -8.0 42.0 -6.0
-60.0 20.0 32.0 -6.0 44.0 -6.0
-58.0 16.0 32.0 -6.0 42.0 -8.0
-58.0 16.0 34.0 -14.0 44.0 -2.0
-56.0 16.0 42.0 -16.0 42.0 -6.0
-60.0 16.0 42.0 -14.0 38.0 -6.0
-56.0 16.0 42.0 -16.0 38.0 -6.0
-60.0 12.0 40.0 -14.0 38.0 -6.0
-62.0 12.0 40.0 -10.0 36.0 -2.0
-62.0 22.0 40.0 -10.0 34.0 0.0
-62.0 22.0 40.0 -10.0 32.0 0.0
-60.0 22.0 36.0 -12.0 26.0 4.0
-62.0 16.0 42.0 -12.0 26.0 0.0
-60.0 16.0 36.0 -22.0 34.0 -2.0
-62.0 16.0 42.0 -22.0 34.0 -2.0
-62.0 20.0 42.0 -20.0 32.0 -2.0
-62.0 20.0 44.0 -20.0 32.0 0.0
-62.0 14.0 42.0 -20.0 32.0 6.0
-62.0 14.0 44.0 -20.0 32.0 8.0
-58.0 14.0 40.0 -20.0 32.0 8.0
-60.0 20.0 44.0 -18.0 26.0 8.0
-58.0 20.0 44.0 -10.0 26.0 6.0
-54.0 12.0 44.0 -18.0 32.0 4.0
-52.0 12.0 42.0 -12.0 34.0 0.0
-52.0 16.0 42.0 -20.0 32.0 0.0
-54.0 16.0 42.0 -20.0 30.0 -2.0
-60.0 16.0 42.0 -20.0 28.0 -2.0
-54.0 18.0 42.0 -22.0 28.0 -2.0
-50.0 20.0 42.0 -18.0 28.0 0.0
-50.0 20.0 40.0 -14.0 28.0 4.0
-56.0 20.0 38.0 -14.0 30.0 6.0
-56.0 24.0 34.0 -14.0 34.0 6.0
-56.0 24.0 34.0 -18.0 34.0 4.0
-58.0 24.0 40.0 -20.0 26.0 4.0
-58.0 20.0 40.0 -18.0 26.0 4.0
-58.0 20.0 40.0 -20.0 30.0 4.0
-56.0 22.0 38.0 -18.0 30.0 0.0
-56.0 22.0 42.0 -18.0 30.0 0.0
-56.0 18.0 48.0 -18.0 28.0 0.0
-54.0 18.0 48.0 -14.0 28.0 4.0
-56.0 16.0 48.0 -14.0 28.0 8.0
-52.0 12.0 44.0 -14.0 28.0 8.0
-56.0 12.0 44.0 -16.0 30.0 0.0
-50.0 20.0 42.0 -16.0 32.0 0.0
-54.0 20.0 38.0 -16.0 36.0 0.0
-50.0 20.0 38.0 -22.0 32.0 2.0
-54.0 20.0 36.0 -22.0 34.0 4.0
-56.0 20.0 44.0 -30.0 34.0 6.0
-56.0 20.0 40.0 -26.0 34.0 4.0
-56.0 18.0 44.0 -26.0 24.0 2.0
-56.0 14.0 40.0 -26.0 24.0 2.0
-52.0 16.0 38.0 -30.0 28.0 8.0
-52.0 16.0 38.0 -30.0 28.0 8.0
-56.0 20.0 36.0 -28.0 22.0 -2.0
-56.0 20.0 36.0 -26.0 20.0 -6.0
-56.0 20.0 36.0 -24.0 20.0 -2.0
-58.0 22.0 36.0 -24.0 30.0 -6.0
-56.0 16.0 36.0 -20.0 30.0 6.0
-56.0 26.0 38.0 -20.0 30.0 -2.0
-56.0 20.0 40.0 -20.0 26.0 6.0
-56.0 26.0 40.0 -20.0 26.0 -2.0
-56.0 28.0 40.0 -18.0 28.0 6.0
-50.0 28.0 40.0 -18.0 28.0 0.0
-50.0 24.0 38.0 -22.0 28.0 6.0
-52.0 18.0 40.0 -22.0 28.0 2.0
-52.0 16.0 40.0 -28.0 18.0 2.0
-54.0 12.0 40.0 -34.0 28.0 2.0
-54.0 10.0 40.0 -36.0 20.0 4.0
-54.0 12.0 40.0 -36.0 30.0 4.0
-56.0 6.0 42.0 -20.0 36.0 4.0
-54.0 16.0 42.0 -20.0 36.0 4.0
-54.0 16.0 42.0 -20.0 30.0 8.0
-54.0 16.0 42.0 -20.0 30.0 8.0
-60.0 18.0 42.0 -20.0 30.0 8.0
-60.0 18.0 40.0 -28.0 30.0 8.0
-58.0 20.0 40.0 -28.0 28.0 8.0
-58.0 20.0 40.0 -24.0 24.0 8.0
-56.0 18.0 44.0 -24.0 24.0 6.0
-56.0 12.0 46.0 -24.0 36.0 6.0
-52.0 18.0 44.0 -24.0 36.0 4.0
-52.0 18.0 44.0 -24.0 36.0 0.0
-50.0 18.0 42.0 -24.0 32.0 0.0
-50.0 14.0 42.0 -26.0 34.0 0.0
-50.0 14.0 42.0 -26.0 26.0 8.0
-56.0 16.0 42.0 -22.0 32.0 8.0
-50.0 16.0 38.0 -22.0 32.0 8.0
-50.0 14.0 38.0 -20.0 34.0 0.0
-44.0 14.0 40.0 -20.0 36.0 6.0
-40.0 14.0 44.0 -22.0 36.0 0.0
-30.0 18.0 44.0 -24.0 36.0 0.0
-30.0 18.0 44.0 -22.0 28.0 0.0
-28.0 18.0 42.0 -20.0 28.0 -2.0
-30.0 22.0 36.0 -20.0 32.0 -4.0
-28.0 26.0 36.0 -20.0 32.0 -4.0
-26.0 26.0 36.0 -22.0 30.0 -4.0
-26.0 20.0 38.0 -28.0 30.0 0.0
-26.0 20.0 40.0 -30.0 34.0 -2.0
-28.0 18.0 42.0 -32.0 34.0 8.0
-34.0 18.0 42.0 -32.0 30.0 8.0
