# Target: fist
# Dominant_Vision: Open Hand
-8.0 0.0 -2.0 0.0 0.0 4.0
-8.0 0.0 -2.0 0.0 -4.0 4.0
-8.0 -2.0 -2.0 4.0 -6.0 4.0
-4.0 -2.0 -2.0 4.0 -6.0 4.0
0.0 -2.0 -6.0 4.0 -6.0 8.0
0.0 -2.0 -6.0 -2.0 0.0 8.0
6.0 6.0 -6.0 -2.0 0.0 4.0
0.0 0.0 -4.0 0.0 0.0 4.0
8.0 0.0 -2.0 2.0 2.0 4.0
0.0 0.0 0.0 10.0 2.0 8.0
-2.0 6.0 0.0 12.0 0.0 6.0
-6.0 6.0 0.0 10.0 -4.0 6.0
-2.0 6.0 4.0 4.0 -4.0 0.0
4.0 0.0 2.0 0.0 0.0 -2.0
8.0 -2.0 2.0 0.0 0.0 0.0
8.0 -2.0 2.0 -2.0 -4.0 4.0
-2.0 0.0 0.0 -4.0 -8.0 8.0
-2.0 0.0 -2.0 -4.0 -8.0 8.0
8.0 -2.0 -8.0 -2.0 2.0 4.0
12.0 -6.0 -10.0 4.0 2.0 2.0
14.0 -6.0 -10.0 10.0 2.0 0.0
16.0 -4.0 -8.0 14.0 6.0 0.0
18.0 -2.0 -2.0 16.0 6.0 4.0
18.0 -4.0 -2.0 20.0 6.0 4.0
28.0 -2.0 0.0 28.0 22.0 12.0
34.0 -4.0 10.0 36.0 24.0 14.0
34.0 -2.0 10.0 32.0 28.0 14.0
54.0 12.0 10.0 36.0 28.0 14.0
88.0 12.0 18.0 76.0 46.0 14.0
100.0 14.0 20.0 100.0 64.0 16.0
100.0 20.0 30.0 100.0 94.0 20.0
100.0 28.0 54.0 100.0 100.0 22.0
100.0 30.0 68.0 100.0 100.0 24.0
100.0 40.0 90.0 100.0 100.0 24.0
100.0 40.0 100.0 100.0 100.0 24.0
100.0 40.0 100.0 100.0 100.0 24.0
100.0 56.0 100.0 100.0 100.0 28.0
100.0 56.0 100.0 100.0 100.0 28.0
100.0 46.0 100.0 100.0 100.0 28.0
100.0 46.0 100.0 100.0 100.0 32.0
100.0 54.0 100.0 100.0 100.0 34.0
100.0 54.0 100.0 100.0 100.0 38.0
100.0 50.0 100.0 100.0 100.0 42.0
100.0 48.0 100.0 100.0 100.0 42.0
100.0 44.0 100.0 100.0 100.0 40.0
100.0 40.0 100.0 100.0 100.0 40.0
100.0 40.0 100.0 100.0 100.0 42.0
100.0 54.0 100.0 100.0 100.0 42.0
100.0 54.0 100.0 100.0 100.0 42.0
100.0 56.0 100.0 100.0 100.0 42.0
100.0 56.0 100.0 100.0 100.0 42.0
100.0 56.0 100.0 100.0 100.0 44.0
100.0 48.0 100.0 100.0 100.0 42.0
100.0 48.0 100.0 100.0 100.0 40.0
100.0 52.0 100.0 100.0 100.0 38.0
100.0 52.0 100.0 100.0 100.0 38.0
100.0 52.0 100.0 100.0 100.0 36.0
100.0 46.0 100.0 100.0 100.0 36.0
100.0 42.0 100.0 100.0 100.0 36.0
100.0 40.0 100.0 100.0 100.0 32.0
100.0 42.0 100.0 100.0 100.0 26.0
100.0 40.0 100.0 100.0 100.0 24.0
100.0 32.0 100.0 100.0 100.0 20.0
100.0 32.0 100.0 100.0 100.0 20.0
100.0 28.0 100.0 100.0 100.0 20.0
100.0 26.0 100.0 100.0 100.0 8.0
100.0 12.0 100.0 100.0 100.0 8.0
100.0 12.0 100.0 100.0 100.0 8.0
100.0 12.0 100.0 100.0 100.0 0.0
100.0 12.0 100.0 100.0 100.0 6.0
100.0 12.0 100.0 100.0 100.0 0.0
100.0 4.0 100.0 100.0 100.0 6.0
100.0 -2.0 100.0 100.0 100.0 0.0
100.0 -4.0 100.0 100.0 100.0 8.0
100.0 -4.0 100.0 100.0 100.0 2.0
100.0 -10.0 100.0 100.0 100.0 2.0
100.0 -10.0 74.0 100.0 100.0 0.0
100.0 -6.0 74.0 100.0 100.0 0.0
100.0 -4.0 62.0 100.0 100.0 -2.0
100.0 -6.0 54.0 100.0 100.0 0.0
100.0 -4.0 50.0 100.0 82.0 -2.0
100.0 -4.0 36.0 100.0 78.0 2.0
100.0 -4.0 34.0 100.0 60.0 -2.0
100.0 -4.0 34.0 100.0 58.0 0.0
100.0 4.0 36.0 100.0 58.0 0.0
100.0 4.0 36.0 100.0 58.0 4.0
100.0 -2.0 34.0 100.0 56.0 4.0
100.0 -2.0 28.0 100.0 46.0 0.0
100.0 -2.0 34.0 100.0 46.0 0.0
100.0 4.0 28.0 100.0 52.0 6.0
100.0 4.0 24.0 100.0 52.0 6.0
100.0 4.0 22.0 100.0 46.0 6.0
100.0 -6.0 22.0 100.0 46.0 -2.0
100.0 4.0 20.0 100.0 44.0 6.0
100.0 -4.0 28.0 100.0 42.0 -2.0
100.0 8.0 20.0 100.0 42.0 -6.0
100.0 -2.0 20.0 100.0 42.0 -6.0
100.0 -2.0 20.0 100.0 46.0 -2.0
100.0 -2.0 30.0 100.0 42.0 0.0
100.0 -2.0 30.0 100.0 46.0 6.0
100.0 -6.0 30.0 100.0 46.0 6.0
100.0 -2.0 28.0 100.0 52.0 6.0
100.0 -10.0 28.0 100.0 52.0 6.0
100.0 -6.0 22.0 100.0 50.0 -2.0
100.0 -6.0 20.0 100.0 48.0 8.0
100.0 -6.0 20.0 100.0 50.0 6.0
100.0 -6.0 20.0 100.0 48.0 6.0
100.0 -10.0 26.0 100.0 46.0 6.0
100.0 -6.0 26.0 100.0 46.0 4.0
100.0 -6.0 26.0 100.0 46.0 4.0
100.0 -2.0 22.0 100.0 46.0 4.0
100.0 -2.0 26.0 100.0 44.0 -2.0
100.0 -4.0 26.0 100.0 44.0 -2.0
100.0 -4.0 30.0 100.0 46.0 -2.0
100.0 -6.0 30.0 100.0 46.0 0.0
100.0 -4.0 30.0 100.0 38.0 0.0
100.0 -4.0 16.0 100.0 38.0 -6.0
100.0 -4.0 16.0 100.0 38.0 -6.0
100.0 -4.0 26.0 100.0 38.0 -6.0
100.0 -6.0 26.0 100.0 36.0 -4.0
100.0 -10.0 20.0 100.0 38.0 -2.0
100.0 -10.0 18.0 100.0 40.0 -2.0
100.0 -2.0 14.0 100.0 40.0 -2.0
100.0 2.0 14.0 100.0 46.0 6.0
100.0 0.0 14.0 100.0 46.0 6.0
100.0 0.0 26.0 100.0 46.0 2.0
100.0 -2.0 26.0 100.0 38.0 0.0
100.0 -2.0 24.0 100.0 38.0 -4.0
100.0 -2.0 18.0 100.0 38.0 -4.0
100.0 -4.0 14.0 100.0 38.0 0.0
100.0 -6.0 14.0 100.0 38.0 0.0
100.0 -6.0 16.0 100.0 36.0 0.0
100.0 -6.0 16.0 100.0 36.0 2.0
100.0 -6.0 16.0 100.0 36.0 2.0
100.0 -6.0 18.0 100.0 36.0 4.0
100.0 -8.0 20.0 100.0 32.0 10.0
100.0 -8.0 18.0 100.0 28.0 10.0
100.0 0.0 18.0 100.0 28.0 10.0
100.0 0.0 12.0 100.0 30.0 2.0
98.0 -4.0 18.0 100.0 38.0 2.0
96.0 -4.0 18.0 100.0 34.0 2.0
98.0 4.0 18.0 100.0 36.0 -2.0
94.0 4.0 20.0 100.0 34.0 8.0
100.0 -6.0 16.0 100.0 28.0 -2.0
94.0 -6.0 20.0 100.0 26.0 4.0
98.0 -4.0 16.0 100.0 26.0 -2.0
92.0 0.0 20.0 100.0 26.0 -6.0
92.0 0.0 16.0 100.0 24.0 -6.0
92.0 -4.0 20.0 92.0 24.0 -2.0
90.0 -4.0 16.0 92.0 22.0 0.0
90.0 -8.0 14.0 88.0 24.0 0.0
88.0 -4.0 14.0 88.0 26.0 2.0
88.0 -4.0 16.0 88.0 26.0 2.0
96.0 -4.0 16.0 86.0 26.0 6.0
96.0 -8.0 10.0 86.0 18.0 6.0
90.0 -8.0 8.0 90.0 26.0 0.0
90.0 -8.0 10.0 92.0 26.0 -4.0
90.0 -14.0 10.0 90.0 26.0 -4.0
96.0 -14.0 12.0 90.0 24.0 0.0
88.0 -14.0 12.0 86.0 24.0 0.0
82.0 -8.0 12.0 86.0 20.0 0.0
82.0 -4.0 16.0 82.0 20.0 2.0
82.0 -4.0 10.0 72.0 20.0 2.0
88.0 -4.0 12.0 72.0 16.0 0.0
88.0 -4.0 12.0 74.0 20.0 0.0
88.0 -8.0 12.0 84.0 16.0 0.0
86.0 -4.0 14.0 84.0 18.0 6.0
80.0 -8.0 14.0 78.0 16.0 4.0
80.0 -4.0 12.0 78.0 18.0 4.0
78.0 -8.0 12.0 76.0 18.0 0.0
88.0 -8.0 12.0 70.0 18.0 0.0
78.0 -8.0 8.0 70.0 16.0 -4.0
88.0 -8.0 8.0 74.0 16.0 -4.0
78.0 -8.0 10.0 80.0 12.0 -2.0
82.0 -10.0 10.0 80.0 18.0 0.0
78.0 -8.0 10.0 80.0 12.0 0.0
82.0 6.0 10.0 80.0 18.0 10.0
80.0 6.0 12.0 80.0 18.0 10.0
80.0 -10.0 10.0 80.0 18.0 4.0
80.0 -10.0 12.0 78.0 18.0 4.0
80.0 -10.0 12.0 76.0 12.0 0.0
80.0 -4.0 12.0 74.0 22.0 -2.0
80.0 -4.0 10.0 74.0 12.0 -2.0
80.0 -4.0 8.0 74.0 12.0 4.0
80.0 0.0 8.0 78.0 12.0 6.0
78.0 -6.0 8.0 78.0 16.0 6.0
76.0 -6.0 6.0 78.0 18.0 6.0
76.0 -6.0 2.0 78.0 16.0 6.0
76.0 -6.0 2.0 78.0 16.0 4.0
76.0 -6.0 10.0 78.0 12.0 2.0
80.0 -2.0 10.0 78.0 12.0 2.0
74.0 -2.0 4.0 72.0 14.0 8.0
80.0 -6.0 0.0 72.0 16.0 8.0
80.0 -6.0 0.0 72.0 16.0 8.0
82.0 -4.0 0.0 72.0 16.0 6.0
82.0 -4.0 0.0 76.0 16.0 4.0
80.0 -6.0 2.0 72.0 14.0 4.0
76.0 -6.0 4.0 66.0 8.0 4.0
78.0 2.0 4.0 66.0 8.0 8.0
76.0 2.0 4.0 66.0 12.0 8.0
78.0 -4.0 4.0 74.0 12.0 2.0
76.0 -4.0 8.0 72.0 12.0 -2.0
78.0 -4.0 8.0 74.0 12.0 2.0
78.0 -6.0 8.0 72.0 12.0 -4.0
78.0 -6.0 8.0 66.0 14.0 4.0
78.0 0.0 8.0 66.0 14.0 -2.0
76.0 0.0 -2.0 66.0 10.0 -2.0
72.0 0.0 2.0 74.0 8.0 -2.0
72.0 -8.0 2.0 74.0 8.0 -2.0
74.0 -2.0 6.0 70.0 12.0 4.0
74.0 -10.0 6.0 70.0 12.0 4.0
78.0 -2.0 6.0 66.0 10.0 4.0
76.0 -10.0 10.0 66.0 8.0 0.0
76.0 -4.0 10.0 66.0 6.0 0.0
76.0 -4.0 6.0 72.0 6.0 0.0
76.0 -4.0 6.0 72.0 6.0 -4.0
76.0 -4.0 4.0 66.0 8.0 2.0
76.0 -4.0 4.0 66.0 6.0 2.0
74.0 -4.0 4.0 60.0 8.0 6.0
76.0 -6.0 6.0 70.0 8.0 6.0
76.0 -6.0 8.0 60.0 8.0 4.0
76.0 -10.0 8.0 68.0 6.0 2.0
76.0 -10.0 8.0 68.0 6.0 4.0
68.0 -12.0 0.0 68.0 6.0 0.0
68.0 -10.0 0.0 62.0 4.0 6.0
78.0 -14.0 4.0 62.0 4.0 0.0
78.0 -10.0 4.0 68.0 8.0 2.0
78.0 -2.0 6.0 68.0 8.0 2.0
78.0 -2.0 12.0 62.0 6.0 4.0
78.0 -2.0 6.0 60.0 4.0 4.0
80.0 -6.0 8.0 60.0 4.0 -2.0
80.0 -6.0 6.0 62.0 8.0 -2.0
80.0 -6.0 8.0 62.0 8.0 2.0
80.0 -6.0 6.0 62.0 8.0 2.0
80.0 -6.0 12.0 64.0 10.0 6.0
80.0 -6.0 10.0 66.0 12.0 10.0
76.0 -2.0 10.0 66.0 12.0 6.0
76.0 -2.0 10.0 72.0 8.0 6.0
78.0 -2.0 8.0 72.0 8.0 -4.0
