# Target: fist
# Dominant_Vision: Open Hand
0.0 -8.0 -2.0 0.0 0.0 0.0
0.0 -8.0 -2.0 0.0 -2.0 0.0
0.0 -8.0 -4.0 -4.0 -2.0 -4.0
-2.0 -4.0 -4.0 -4.0 -2.0 -4.0
-2.0 -4.0 -4.0 -4.0 -2.0 -4.0
-4.0 -4.0 -6.0 -2.0 -2.0 2.0
-10.0 -6.0 -8.0 -4.0 2.0 0.0
-10.0 -10.0 -10.0 -4.0 2.0 0.0
-10.0 -6.0 -10.0 -8.0 2.0 -2.0
-8.0 -14.0 -4.0 -8.0 0.0 -2.0
-6.0 -4.0 -4.0 0.0 0.0 -2.0
-6.0 -14.0 -4.0 6.0 -2.0 -2.0
-6.0 -4.0 -8.0 8.0 2.0 -6.0
0.0 -10.0 -8.0 8.0 -2.0 -6.0
0.0 -6.0 -10.0 6.0 2.0 -2.0
0.0 -6.0 -10.0 2.0 6.0 -2.0
-2.0 -6.0 -6.0 2.0 6.0 -2.0
-10.0 -10.0 -6.0 2.0 2.0 -10.0
-10.0 -10.0 -6.0 6.0 -2.0 0.0
-4.0 -6.0 -6.0 4.0 0.0 0.0
-4.0 -6.0 -8.0 6.0 0.0 2.0
-8.0 -6.0 -8.0 4.0 0.0 0.0
-8.0 -14.0 -4.0 4.0 4.0 0.0
0.0 -6.0 -4.0 4.0 4.0 0.0
0.0 -4.0 -8.0 4.0 2.0 0.0
0.0 -4.0 -10.0 -4.0 -6.0 0.0
0.0 -8.0 -10.0 -4.0 2.0 0.0
-2.0 -10.0 -10.0 -4.0 2.0 -4.0
0.0 -10.0 -10.0 -4.0 2.0 -4.0
2.0 -8.0 -6.0 -4.0 2.0 -4.0
2.0 -4.0 -6.0 -2.0 2.0 -2.0
-2.0 -6.0 -6.0 -2.0 2.0 -2.0
-8.0 -6.0 -6.0 -2.0 6.0 -2.0
-8.0 -14.0 -6.0 8.0 8.0 -6.0
-2.0 -14.0 -8.0 14.0 12.0 -6.0
-2.0 -14.0 -12.0 28.0 14.0 -4.0
-2.0 -8.0 -12.0 40.0 14.0 -2.0
-2.0 -6.0 -12.0 64.0 22.0 -2.0
0.0 -6.0 -12.0 68.0 22.0 -2.0
-4.0 -6.0 -6.0 68.0 26.0 -2.0
0.0 -8.0 -6.0 80.0 28.0 4.0
6.0 -12.0 -6.0 100.0 32.0 4.0
6.0 -8.0 -6.0 100.0 68.0 6.0
6.0 -2.0 0.0 100.0 76.0 8.0
22.0 -2.0 8.0 100.0 100.0 8.0
28.0 -2.0 16.0 100.0 100.0 8.0
52.0 -2.0 16.0 100.0 100.0 12.0
58.0 -2.0 16.0 100.0 100.0 12.0
100.0 -2.0 24.0 100.0 100.0 12.0
100.0 -2.0 28.0 100.0 100.0 12.0
100.0 4.0 42.0 100.0 100.0 12.0
100.0 4.0 58.0 100.0 100.0 12.0
100.0 0.0 74.0 100.0 100.0 16.0
100.0 -2.0 86.0 100.0 100.0 18.0
100.0 0.0 100.0 100.0 100.0 16.0
100.0 -2.0 100.0 100.0 100.0 14.0
100.0 0.0 100.0 100.0 100.0 14.0
100.0 0.0 100.0 100.0 100.0 14.0
100.0 4.0 100.0 100.0 100.0 14.0
100.0 10.0 100.0 100.0 100.0 14.0
100.0 12.0 100.0 100.0 100.0 12.0
100.0 14.0 100.0 100.0 100.0 12.0
100.0 14.0 100.0 100.0 100.0 12.0
100.0 14.0 100.0 100.0 100.0 12.0
100.0 12.0 100.0 100.0 100.0 12.0
100.0 12.0 100.0 100.0 100.0 18.0
100.0 12.0 100.0 100.0 100.0 12.0
100.0 12.0 100.0 100.0 100.0 18.0
100.0 24.0 100.0 100.0 100.0 14.0
100.0 24.0 100.0 100.0 100.0 20.0
100.0 20.0 100.0 100.0 100.0 18.0
100.0 16.0 100.0 100.0 100.0 18.0
100.0 20.0 100.0 100.0 100.0 18.0
100.0 20.0 100.0 100.0 100.0 20.0
100.0 20.0 100.0 100.0 100.0 22.0
100.0 16.0 100.0 100.0 100.0 26.0
100.0 14.0 100.0 100.0 100.0 26.0
100.0 16.0 100.0 100.0 100.0 26.0
100.0 16.0 100.0 100.0 100.0 24.0
100.0 16.0 100.0 100.0 100.0 20.0
100.0 8.0 100.0 100.0 100.0 14.0
100.0 8.0 100.0 100.0 100.0 14.0
100.0 8.0 100.0 100.0 100.0 16.0
100.0 8.0 100.0 100.0 100.0 16.0
100.0 0.0 100.0 100.0 100.0 12.0
100.0 0.0 100.0 100.0 100.0 12.0
100.0 12.0 100.0 100.0 100.0 10.0
100.0 12.0 100.0 100.0 100.0 12.0
100.0 6.0 100.0 100.0 100.0 10.0
100.0 6.0 100.0 100.0 100.0 0.0
100.0 6.0 100.0 100.0 100.0 0.0
100.0 4.0 100.0 100.0 100.0 0.0
100.0 4.0 100.0 100.0 100.0 4.0
100.0 8.0 100.0 100.0 100.0 -6.0
100.0 8.0 100.0 100.0 100.0 -6.0
100.0 2.0 100.0 100.0 100.0 -6.0
100.0 2.0 100.0 100.0 100.0 -6.0
100.0 2.0 100.0 100.0 100.0 -4.0
100.0 2.0 100.0 100.0 100.0 -8.0
100.0 -2.0 100.0 100.0 100.0 -6.0
100.0 -2.0 100.0 100.0 100.0 -6.0
100.0 -8.0 100.0 100.0 100.0 -6.0
100.0 -8.0 90.0 100.0 100.0 -4.0
100.0 -10.0 76.0 100.0 100.0 -8.0
100.0 -14.0 66.0 100.0 100.0 -4.0
100.0 -10.0 62.0 100.0 100.0 -4.0
56.0 -6.0 20.0 100.0 100.0 -4.0
54.0 -4.0 20.0 100.0 100.0 -10.0
52.0 -6.0 18.0 100.0 100.0 -10.0
46.0 -6.0 10.0 100.0 100.0 -4.0
44.0 -8.0 10.0 100.0 100.0 -4.0
-30.0 -8.0 2.0 100.0 100.0 -8.0
-78.0 -8.0 8.0 100.0 100.0 -8.0
-80.0 -8.0 -2.0 100.0 92.0 -6.0
-84.0 -10.0 8.0 100.0 82.0 -6.0
-88.0 -8.0 -2.0 100.0 82.0 -6.0
-88.0 -10.0 -8.0 100.0 72.0 -6.0
-98.0 -6.0 -8.0 96.0 68.0 -6.0
-98.0 -6.0 -8.0 92.0 62.0 -14.0
-96.0 -6.0 -8.0 88.0 60.0 -14.0
-96.0 -8.0 -12.0 88.0 60.0 -8.0
-96.0 -8.0 -14.0 86.0 46.0 -4.0
-94.0 -8.0 -12.0 78.0 44.0 -4.0
-94.0 -6.0 -6.0 72.0 44.0 -12.0
-98.0 -8.0 -6.0 72.0 46.0 -12.0
-98.0 -16.0 -6.0 72.0 46.0 -4.0
-100.0 -16.0 -6.0 60.0 46.0 -4.0
-100.0 -4.0 -12.0 60.0 34.0 -4.0
-100.0 -4.0 -16.0 58.0 34.0 -4.0
-100.0 -6.0 -16.0 56.0 32.0 -10.0
-100.0 -10.0 -10.0 58.0 26.0 -4.0
-100.0 -10.0 -8.0 56.0 26.0 -4.0
-100.0 -10.0 -8.0 56.0 28.0 -2.0
-100.0 -10.0 -8.0 56.0 32.0 -2.0
-100.0 -10.0 -14.0 60.0 30.0 0.0
-100.0 -10.0 -14.0 60.0 30.0 0.0
-100.0 -10.0 -16.0 60.0 30.0 -12.0
-100.0 -10.0 -12.0 46.0 30.0 -12.0
-100.0 -12.0 -12.0 46.0 30.0 -6.0
-100.0 -12.0 -10.0 50.0 30.0 -6.0
-100.0 -12.0 -12.0 50.0 30.0 -10.0
-100.0 -14.0 -12.0 50.0 32.0 -10.0
-100.0 -8.0 -16.0 48.0 26.0 -8.0
-100.0 -6.0 -12.0 42.0 30.0 -8.0
-100.0 -6.0 -8.0 42.0 30.0 -4.0
-100.0 -8.0 -8.0 40.0 30.0 -4.0
-100.0 -10.0 -10.0 46.0 30.0 -4.0
-100.0 -12.0 -10.0 40.0 28.0 -4.0
-100.0 -16.0 -8.0 40.0 28.0 -4.0
-100.0 -18.0 -8.0 36.0 32.0 -6.0
-100.0 -18.0 -10.0 36.0 32.0 -6.0
-100.0 -16.0 -10.0 40.0 26.0 -6.0
-100.0 -10.0 -4.0 46.0 26.0 -2.0
-100.0 -10.0 -4.0 48.0 26.0 -2.0
-100.0 -10.0 -6.0 52.0 32.0 4.0
-100.0 -10.0 -10.0 52.0 28.0 -2.0
-100.0 -8.0 -6.0 46.0 28.0 -2.0
-100.0 -8.0 -10.0 46.0 26.0 -2.0
-100.0 -8.0 -8.0 48.0 24.0 -6.0
-100.0 -6.0 -16.0 48.0 24.0 -6.0
-100.0 -6.0 -16.0 44.0 22.0 -4.0
-100.0 -6.0 -18.0 44.0 24.0 -4.0
-100.0 -12.0 -18.0 46.0 22.0 -4.0
-100.0 -12.0 -14.0 46.0 22.0 -4.0
-100.0 -12.0 -8.0 40.0 22.0 2.0
-100.0 -12.0 -8.0 40.0 22.0 2.0
-100.0 -12.0 -8.0 46.0 22.0 0.0
-100.0 -10.0 -8.0 48.0 22.0 0.0
-100.0 -10.0 -8.0 48.0 24.0 0.0
-100.0 -10.0 -2.0 50.0 22.0 0.0
-100.0 -14.0 -2.0 56.0 26.0 0.0
-100.0 -14.0 -12.0 56.0 20.0 -6.0
-100.0 -14.0 -14.0 52.0 24.0 -8.0
-100.0 -16.0 -14.0 44.0 20.0 -6.0
-100.0 -12.0 -14.0 44.0 24.0 -6.0
-100.0 -12.0 -14.0 44.0 18.0 -6.0
-100.0 -12.0 -8.0 46.0 28.0 -4.0
-100.0 -10.0 -22.0 44.0 22.0 -6.0
-100.0 -6.0 -16.0 32.0 22.0 0.0
-100.0 -6.0 -16.0 32.0 22.0 -6.0
-100.0 -8.0 -10.0 34.0 24.0 -2.0
-100.0 -10.0 -10.0 34.0 24.0 -2.0
-100.0 -12.0 -12.0 42.0 24.0 2.0
-100.0 -10.0 -14.0 42.0 26.0 2.0
-100.0 -12.0 -12.0 42.0 26.0 2.0
-100.0 -12.0 -16.0 42.0 16.0 -4.0
-100.0 -18.0 -10.0 30.0 16.0 -4.0
-100.0 -18.0 -10.0 30.0 18.0 -4.0
-100.0 -8.0 -10.0 34.0 22.0 -4.0
-100.0 -8.0 -14.0 38.0 22.0 -4.0
-100.0 -8.0 -16.0 34.0 20.0 -4.0
-100.0 -8.0 -18.0 32.0 18.0 -4.0
-100.0 -14.0 -18.0 32.0 18.0 -6.0
-100.0 -14.0 -20.0 34.0 16.0 -6.0
-100.0 -18.0 -18.0 34.0 16.0 -6.0
-100.0 -10.0 -6.0 32.0 16.0 -2.0
-100.0 -10.0 -6.0 24.0 18.0 -2.0
-100.0 -8.0 -10.0 24.0 22.0 -2.0
-100.0 -10.0 -10.0 24.0 22.0 -2.0
-100.0 -10.0 -8.0 32.0 22.0 -2.0
-100.0 -10.0 -8.0 32.0 20.0 -8.0
-100.0 -12.0 -8.0 26.0 20.0 -12.0
-100.0 -12.0 -8.0 20.0 20.0 -8.0
-100.0 -12.0 -12.0 20.0 16.0 -4.0
-100.0 -12.0 -10.0 22.0 24.0 -2.0
-100.0 -12.0 -12.0 22.0 12.0 -2.0
-100.0 -10.0 -10.0 22.0 16.0 -2.0
-100.0 -14.0 -10.0 20.0 16.0 -4.0
-100.0 -10.0 -10.0 20.0 22.0 -4.0
-100.0 -10.0 -8.0 16.0 22.0 -4.0
-100.0 -10.0 -6.0 16.0 16.0 0.0
-100.0 -14.0 -8.0 16.0 14.0 -10.0
-100.0 -14.0 -10.0 16.0 14.0 -4.0
-100.0 -12.0 -10.0 16.0 16.0 -4.0
-100.0 -10.0 -10.0 12.0 16.0 -4.0
-100.0 -10.0 -10.0 12.0 16.0 -2.0
-100.0 -10.0 -12.0 16.0 14.0 -4.0
-100.0 -10.0 -12.0 16.0 14.0 -4.0
-100.0 -16.0 -12.0 16.0 14.0 -4.0
-100.0 -10.0 -10.0 14.0 14.0 -4.0
-100.0 -8.0 -10.0 14.0 14.0 -4.0
-100.0 -8.0 -16.0 14.0 14.0 -2.0
-100.0 -8.0 -16.0 14.0 20.0 -4.0
-100.0 -10.0 -14.0 12.0 22.0 -4.0
-100.0 -14.0 -4.0 12.0 22.0 -10.0
-100.0 -14.0 -14.0 12.0 14.0 -10.0
-100.0 -14.0 -12.0 14.0 14.0 -4.0
-100.0 -14.0 -12.0 14.0 14.0 -4.0
-100.0 -16.0 -12.0 14.0 16.0 -4.0
