# Target: fist
# Dominant_Vision: Open Hand
4.0 0.0 12.0 0.0 0.0 0.0
0.0 2.0 2.0 2.0 0.0 -6.0
0.0 4.0 2.0 2.0 -4.0 -6.0
-4.0 6.0 2.0 -8.0 -10.0 -6.0
-4.0 6.0 -2.0 -8.0 -8.0 -2.0
-8.0 6.0 0.0 -6.0 -8.0 -4.0
-4.0 8.0 0.0 -4.0 -8.0 -2.0
-6.0 10.0 8.0 -6.0 -4.0 -2.0
0.0 8.0 8.0 -8.0 -8.0 -2.0
-2.0 10.0 10.0 -8.0 -2.0 -2.0
0.0 10.0 4.0 -14.0 -2.0 -4.0
0.0 10.0 0.0 -2.0 -2.0 -4.0
0.0 8.0 0.0 -4.0 -2.0 -4.0
0.0 6.0 4.0 4.0 -2.0 -2.0
0.0 6.0 4.0 -2.0 -2.0 2.0
4.0 8.0 4.0 -2.0 0.0 2.0
4.0 8.0 10.0 -4.0 -2.0 -6.0
-2.0 6.0 10.0 -8.0 0.0 -6.0
-2.0 6.0 10.0 -4.0 4.0 -6.0
-2.0 8.0 10.0 -8.0 4.0 -4.0
0.0 8.0 12.0 -4.0 4.0 -2.0
4.0 8.0 16.0 -6.0 0.0 -2.0
10.0 8.0 16.0 -2.0 0.0 -6.0
18.0 10.0 2.0 0.0 0.0 -6.0
22.0 12.0 2.0 10.0 8.0 -8.0
38.0 10.0 8.0 16.0 14.0 -6.0
52.0 10.0 8.0 20.0 14.0 -6.0
68.0 10.0 6.0 30.0 20.0 -6.0
74.0 14.0 2.0 34.0 28.0 -4.0
78.0 18.0 6.0 38.0 40.0 -4.0
84.0 14.0 8.0 50.0 44.0 -2.0
86.0 12.0 8.0 54.0 54.0 0.0
88.0 12.0 8.0 62.0 54.0 0.0
100.0 8.0 8.0 68.0 66.0 0.0
100.0 20.0 10.0 72.0 84.0 4.0
100.0 24.0 14.0 96.0 100.0 8.0
100.0 24.0 18.0 100.0 100.0 8.0
100.0 36.0 18.0 100.0 100.0 8.0
100.0 34.0 18.0 100.0 100.0 8.0
100.0 34.0 18.0 100.0 100.0 4.0
100.0 34.0 28.0 100.0 100.0 8.0
100.0 50.0 28.0 100.0 100.0 10.0
100.0 50.0 24.0 100.0 100.0 14.0
100.0 50.0 24.0 100.0 100.0 14.0
100.0 60.0 24.0 100.0 100.0 16.0
100.0 60.0 36.0 100.0 100.0 8.0
100.0 52.0 38.0 100.0 100.0 16.0
100.0 52.0 42.0 100.0 100.0 16.0
100.0 52.0 42.0 100.0 100.0 16.0
100.0 52.0 46.0 100.0 100.0 10.0
100.0 52.0 50.0 100.0 100.0 8.0
100.0 64.0 50.0 100.0 100.0 6.0
100.0 66.0 50.0 100.0 100.0 6.0
100.0 74.0 100.0 100.0 100.0 8.0
100.0 74.0 100.0 100.0 100.0 8.0
100.0 74.0 100.0 100.0 100.0 6.0
100.0 80.0 100.0 100.0 100.0 6.0
100.0 80.0 100.0 100.0 100.0 6.0
100.0 84.0 100.0 100.0 100.0 12.0
100.0 84.0 100.0 100.0 100.0 2.0
100.0 86.0 100.0 100.0 100.0 14.0
100.0 86.0 100.0 100.0 100.0 -2.0
100.0 84.0 100.0 100.0 100.0 8.0
100.0 84.0 100.0 100.0 100.0 8.0
100.0 88.0 100.0 100.0 100.0 10.0
100.0 88.0 100.0 100.0 100.0 10.0
100.0 84.0 100.0 100.0 100.0 8.0
100.0 82.0 100.0 100.0 100.0 8.0
100.0 82.0 100.0 100.0 100.0 8.0
100.0 82.0 100.0 100.0 100.0 10.0
100.0 90.0 100.0 100.0 100.0 10.0
100.0 90.0 100.0 100.0 100.0 8.0
100.0 88.0 100.0 100.0 100.0 8.0
100.0 84.0 100.0 100.0 100.0 10.0
100.0 80.0 100.0 100.0 100.0 10.0
100.0 80.0 100.0 100.0 100.0 10.0
100.0 80.0 100.0 100.0 100.0 10.0
100.0 82.0 100.0 100.0 100.0 6.0
100.0 82.0 100.0 100.0 100.0 6.0
100.0 82.0 100.0 100.0 100.0 4.0
100.0 76.0 100.0 100.0 100.0 4.0
100.0 76.0 100.0 100.0 100.0 4.0
100.0 76.0 100.0 100.0 100.0 6.0
100.0 76.0 100.0 100.0 100.0 6.0
100.0 74.0 100.0 100.0 100.0 2.0
100.0 72.0 100.0 100.0 100.0 -6.0
100.0 72.0 100.0 100.0 100.0 -6.0
100.0 72.0 100.0 100.0 100.0 -2.0
100.0 68.0 100.0 100.0 100.0 4.0
100.0 68.0 100.0 100.0 100.0 4.0
100.0 68.0 100.0 100.0 100.0 6.0
100.0 50.0 100.0 100.0 100.0 6.0
100.0 48.0 94.0 100.0 100.0 6.0
100.0 50.0 90.0 100.0 100.0 2.0
100.0 48.0 90.0 100.0 100.0 -4.0
100.0 48.0 88.0 100.0 100.0 -6.0
100.0 34.0 58.0 100.0 100.0 -6.0
100.0 34.0 56.0 98.0 100.0 -4.0
100.0 34.0 56.0 98.0 100.0 -4.0
100.0 30.0 54.0 74.0 100.0 -4.0
92.0 30.0 40.0 72.0 100.0 -6.0
78.0 30.0 34.0 56.0 100.0 -6.0
60.0 24.0 34.0 22.0 100.0 -6.0
46.0 24.0 44.0 10.0 90.0 -6.0
46.0 28.0 44.0 10.0 88.0 -6.0
68.0 28.0 44.0 6.0 80.0 -12.0
68.0 26.0 36.0 0.0 68.0 -12.0
54.0 26.0 42.0 0.0 66.0 -12.0
50.0 22.0 42.0 -6.0 64.0 -12.0
36.0 26.0 42.0 -10.0 64.0 -12.0
36.0 26.0 42.0 -10.0 60.0 -6.0
28.0 26.0 40.0 -10.0 52.0 -14.0
4.0 30.0 38.0 -16.0 50.0 -6.0
0.0 26.0 30.0 -14.0 42.0 -12.0
0.0 26.0 28.0 -14.0 36.0 -8.0
-2.0 24.0 28.0 -14.0 38.0 -8.0
-12.0 22.0 26.0 -20.0 38.0 -2.0
-12.0 22.0 26.0 -20.0 38.0 -2.0
-12.0 32.0 14.0 -16.0 38.0 -6.0
-6.0 32.0 14.0 -16.0 36.0 -6.0
-6.0 28.0 14.0 -20.0 34.0 -6.0
-6.0 24.0 16.0 -20.0 34.0 -4.0
-6.0 28.0 16.0 -20.0 30.0 -4.0
-6.0 30.0 20.0 -20.0 28.0 -4.0
-10.0 30.0 12.0 -12.0 28.0 0.0
-12.0 30.0 20.0 -20.0 34.0 0.0
-12.0 30.0 20.0 -16.0 34.0 -4.0
-12.0 30.0 20.0 -18.0 32.0 -4.0
-8.0 30.0 20.0 -18.0 24.0 -4.0
-8.0 34.0 20.0 -18.0 24.0 -2.0
-4.0 34.0 20.0 -18.0 30.0 -6.0
-8.0 30.0 20.0 -16.0 34.0 -4.0
-6.0 30.0 20.0 -16.0 30.0 -6.0
-8.0 30.0 18.0 -16.0 28.0 -4.0
-12.0 30.0 18.0 -16.0 28.0 -4.0
-12.0 30.0 18.0 -18.0 20.0 -2.0
-12.0 30.0 18.0 -18.0 28.0 -4.0
-10.0 30.0 18.0 -18.0 28.0 -2.0
-12.0 30.0 24.0 -18.0 28.0 0.0
-4.0 30.0 18.0 -18.0 28.0 0.0
-10.0 26.0 24.0 -22.0 34.0 -2.0
-8.0 26.0 20.0 -22.0 34.0 -2.0
-10.0 26.0 20.0 -24.0 34.0 -6.0
-14.0 26.0 20.0 -22.0 28.0 -6.0
-14.0 28.0 22.0 -22.0 28.0 2.0
-12.0 26.0 22.0 -20.0 28.0 2.0
-10.0 28.0 22.0 -20.0 24.0 2.0
-8.0 24.0 18.0 -20.0 26.0 -2.0
-8.0 24.0 14.0 -18.0 26.0 -4.0
-8.0 24.0 14.0 -18.0 26.0 -2.0
-8.0 24.0 16.0 -16.0 26.0 0.0
-10.0 28.0 20.0 -14.0 32.0 2.0
-6.0 30.0 22.0 -14.0 32.0 2.0
-6.0 28.0 22.0 -14.0 32.0 0.0
-6.0 30.0 22.0 -14.0 34.0 -4.0
-2.0 28.0 24.0 -12.0 34.0 -2.0
-2.0 28.0 20.0 -14.0 30.0 -4.0
2.0 20.0 18.0 -10.0 30.0 -6.0
2.0 20.0 18.0 -12.0 20.0 -6.0
-4.0 28.0 20.0 -12.0 26.0 -6.0
-4.0 28.0 20.0 -12.0 26.0 -6.0
-4.0 28.0 16.0 -22.0 32.0 4.0
-4.0 24.0 14.0 -18.0 34.0 4.0
-4.0 26.0 14.0 -18.0 34.0 0.0
-4.0 26.0 18.0 -14.0 32.0 -2.0
-4.0 26.0 18.0 -14.0 32.0 0.0
-4.0 28.0 18.0 -14.0 32.0 -4.0
-4.0 28.0 18.0 -16.0 28.0 2.0
-4.0 28.0 22.0 -16.0 28.0 -4.0
-4.0 32.0 22.0 -16.0 28.0 -4.0
-4.0 32.0 14.0 -22.0 32.0 -4.0
0.0 32.0 14.0 -22.0 32.0 -4.0
-6.0 32.0 18.0 -12.0 32.0 -2.0
-2.0 32.0 18.0 -10.0 32.0 -4.0
-6.0 32.0 18.0 -10.0 32.0 0.0
-2.0 32.0 18.0 -10.0 32.0 -2.0
-2.0 34.0 28.0 -12.0 26.0 -2.0
2.0 34.0 16.0 -12.0 26.0 -2.0
-2.0 22.0 20.0 -12.0 28.0 0.0
-6.0 22.0 20.0 -10.0 30.0 0.0
-6.0 22.0 20.0 -10.0 28.0 0.0
8.0 24.0 18.0 -10.0 26.0 -4.0
8.0 24.0 18.0 -12.0 26.0 -12.0
0.0 24.0 18.0 -12.0 26.0 -4.0
0.0 24.0 18.0 -14.0 26.0 -6.0
0.0 24.0 18.0 -14.0 26.0 0.0
2.0 24.0 18.0 -10.0 26.0 -2.0
2.0 26.0 24.0 -10.0 36.0 -2.0
2.0 26.0 16.0 -12.0 36.0 -2.0
2.0 28.0 20.0 -12.0 36.0 -2.0
0.0 28.0 16.0 -14.0 32.0 0.0
0.0 28.0 20.0 -12.0 32.0 2.0
2.0 32.0 20.0 -12.0 34.0 2.0
2.0 32.0 20.0 -12.0 34.0 0.0
4.0 28.0 20.0 -10.0 34.0 0.0
2.0 28.0 20.0 -8.0 34.0 -2.0
2.0 28.0 22.0 -8.0 32.0 -2.0
0.0 32.0 24.0 -12.0 34.0 -2.0
0.0 30.0 22.0 -12.0 34.0 4.0
-2.0 34.0 20.0 -12.0 34.0 4.0
-2.0 32.0 12.0 -8.0 30.0 2.0
-4.0 32.0 12.0 -8.0 30.0 -4.0
-8.0 32.0 18.0 -8.0 26.0 -4.0
-8.0 26.0 18.0 -20.0 30.0 -10.0
2.0 26.0 10.0 -20.0 20.0 -10.0
6.0 28.0 10.0 -16.0 28.0 -10.0
4.0 30.0 20.0 -16.0 24.0 -6.0
6.0 34.0 20.0 -2.0 28.0 -6.0
4.0 34.0 20.0 -2.0 28.0 -6.0
4.0 30.0 20.0 -6.0 28.0 -4.0
4.0 26.0 20.0 -6.0 30.0 -2.0
2.0 26.0 18.0 -12.0 26.0 -4.0
-2.0 26.0 22.0 -10.0 26.0 -4.0
-2.0 24.0 18.0 -12.0 26.0 -4.0
-2.0 24.0 22.0 -10.0 28.0 -4.0
-2.0 26.0 18.0 -8.0 30.0 -4.0
-2.0 26.0 22.0 -8.0 32.0 -2.0
2.0 26.0 22.0 -6.0 32.0 -8.0
-2.0 26.0 22.0 -6.0 32.0 -10.0
2.0 18.0 24.0 -2.0 22.0 -10.0
0.0 26.0 22.0 -2.0 20.0 -4.0
0.0 26.0 18.0 -2.0 20.0 -4.0
-2.0 26.0 18.0 -16.0 24.0 -4.0
-2.0 28.0 22.0 -16.0 24.0 -2.0
-2.0 28.0 22.0 -14.0 26.0 2.0
-2.0 28.0 22.0 -12.0 26.0 4.0
-2.0 28.0 22.0 -6.0 26.0 2.0
2.0 24.0 18.0 -4.0 26.0 0.0
2.0 24.0 18.0 -6.0 20.0 0.0
-2.0 28.0 18.0 -6.0 18.0 -6.0
-8.0 28.0 22.0 -6.0 20.0 0.0
