# Target: fist
# Dominant_Vision: Open Hand
0.0 8.0 -2.0 4.0 0.0 0.0
0.0 8.0 -2.0 4.0 0.0 0.0
2.0 8.0 -4.0 4.0 0.0 6.0
2.0 8.0 -2.0 8.0 0.0 6.0
2.0 14.0 0.0 8.0 0.0 2.0
0.0 6.0 0.0 8.0 -2.0 2.0
4.0 10.0 0.0 12.0 0.0 4.0
2.0 10.0 0.0 12.0 2.0 8.0
2.0 10.0 0.0 -4.0 4.0 8.0
2.0 10.0 0.0 -4.0 4.0 8.0
2.0 4.0 -2.0 -4.0 4.0 6.0
6.0 4.0 6.0 -4.0 0.0 2.0
6.0 2.0 -2.0 -4.0 0.0 6.0
6.0 2.0 6.0 -8.0 0.0 4.0
6.0 2.0 0.0 -6.0 0.0 4.0
2.0 6.0 0.0 -12.0 0.0 4.0
-4.0 8.0 -6.0 -8.0 0.0 8.0
-8.0 8.0 -6.0 -16.0 0.0 8.0
-8.0 8.0 -6.0 -8.0 -4.0 12.0
-4.0 8.0 -2.0 -16.0 -4.0 4.0
-4.0 6.0 -2.0 -16.0 -4.0 6.0
2.0 8.0 0.0 -16.0 4.0 6.0
0.0 8.0 0.0 -10.0 4.0 6.0
0.0 8.0 0.0 -8.0 4.0 4.0
0.0 10.0 0.0 -10.0 2.0 4.0
-2.0 8.0 0.0 -8.0 -6.0 12.0
-4.0 8.0 2.0 -12.0 -2.0 12.0
-6.0 8.0 -2.0 -12.0 -2.0 6.0
-4.0 12.0 -2.0 -16.0 -2.0 6.0
-4.0 12.0 -4.0 -16.0 2.0 8.0
-2.0 12.0 -4.0 -16.0 4.0 8.0
2.0 4.0 -4.0 -14.0 4.0 8.0
-2.0 16.0 4.0 -14.0 -2.0 8.0
2.0 10.0 4.0 -14.0 -2.0 8.0
-2.0 16.0 4.0 -8.0 -2.0 8.0
-4.0 10.0 -2.0 -4.0 8.0 6.0
-4.0 8.0 -2.0 8.0 10.0 6.0
-2.0 8.0 -2.0 16.0 14.0 6.0
8.0 10.0 -2.0 36.0 16.0 8.0
12.0 10.0 4.0 52.0 22.0 6.0
14.0 10.0 6.0 84.0 34.0 8.0
22.0 12.0 6.0 92.0 40.0 12.0
22.0 12.0 12.0 100.0 54.0 14.0
22.0 12.0 12.0 100.0 56.0 12.0
26.0 10.0 6.0 100.0 74.0 12.0
30.0 16.0 6.0 100.0 96.0 12.0
56.0 22.0 14.0 100.0 100.0 14.0
58.0 22.0 18.0 100.0 100.0 22.0
100.0 22.0 24.0 100.0 100.0 22.0
100.0 22.0 24.0 100.0 100.0 20.0
100.0 24.0 26.0 100.0 100.0 20.0
100.0 26.0 34.0 100.0 100.0 20.0
100.0 26.0 38.0 100.0 100.0 26.0
100.0 22.0 48.0 100.0 100.0 28.0
100.0 22.0 64.0 100.0 100.0 28.0
100.0 22.0 68.0 100.0 100.0 28.0
100.0 22.0 76.0 100.0 100.0 28.0
100.0 22.0 100.0 100.0 100.0 32.0
100.0 22.0 100.0 100.0 100.0 32.0
100.0 22.0 100.0 100.0 100.0 22.0
100.0 16.0 100.0 100.0 100.0 22.0
100.0 16.0 100.0 100.0 100.0 22.0
100.0 16.0 100.0 100.0 100.0 18.0
100.0 20.0 100.0 100.0 100.0 18.0
100.0 16.0 100.0 100.0 100.0 18.0
100.0 24.0 100.0 100.0 100.0 22.0
100.0 20.0 100.0 100.0 100.0 22.0
100.0 20.0 100.0 100.0 100.0 26.0
100.0 20.0 100.0 100.0 100.0 22.0
100.0 22.0 100.0 100.0 100.0 26.0
100.0 22.0 100.0 100.0 100.0 16.0
100.0 22.0 100.0 100.0 100.0 26.0
100.0 24.0 100.0 100.0 100.0 24.0
100.0 22.0 100.0 100.0 100.0 24.0
100.0 24.0 100.0 100.0 100.0 24.0
100.0 24.0 100.0 100.0 100.0 24.0
100.0 28.0 100.0 100.0 100.0 30.0
100.0 28.0 100.0 100.0 100.0 22.0
100.0 26.0 100.0 100.0 100.0 30.0
100.0 26.0 100.0 100.0 100.0 30.0
100.0 34.0 100.0 100.0 100.0 30.0
100.0 34.0 100.0 100.0 100.0 30.0
100.0 34.0 100.0 100.0 100.0 24.0
100.0 36.0 100.0 100.0 100.0 24.0
100.0 46.0 100.0 100.0 100.0 28.0
100.0 48.0 100.0 100.0 100.0 30.0
100.0 48.0 100.0 100.0 100.0 28.0
100.0 52.0 100.0 100.0 100.0 24.0
100.0 56.0 100.0 100.0 100.0 22.0
100.0 58.0 100.0 100.0 100.0 22.0
100.0 58.0 100.0 100.0 100.0 28.0
100.0 58.0 100.0 100.0 100.0 28.0
100.0 58.0 100.0 100.0 100.0 30.0
100.0 58.0 100.0 100.0 100.0 30.0
100.0 58.0 100.0 100.0 100.0 30.0
100.0 58.0 100.0 100.0 100.0 30.0
100.0 54.0 100.0 100.0 100.0 34.0
100.0 62.0 100.0 100.0 100.0 34.0
100.0 62.0 100.0 100.0 100.0 34.0
100.0 62.0 100.0 100.0 100.0 34.0
100.0 62.0 100.0 100.0 100.0 34.0
100.0 58.0 100.0 100.0 100.0 30.0
100.0 58.0 100.0 100.0 100.0 30.0
100.0 56.0 100.0 100.0 100.0 32.0
100.0 56.0 100.0 100.0 100.0 32.0
100.0 56.0 100.0 100.0 100.0 26.0
100.0 44.0 100.0 100.0 100.0 20.0
100.0 38.0 100.0 100.0 100.0 16.0
100.0 36.0 100.0 100.0 100.0 12.0
100.0 36.0 100.0 100.0 100.0 12.0
100.0 30.0 100.0 100.0 100.0 24.0
100.0 30.0 100.0 100.0 100.0 24.0
100.0 28.0 100.0 100.0 100.0 22.0
100.0 18.0 100.0 100.0 100.0 18.0
100.0 14.0 100.0 100.0 100.0 12.0
100.0 12.0 100.0 100.0 100.0 16.0
100.0 8.0 100.0 100.0 100.0 10.0
100.0 8.0 100.0 100.0 100.0 16.0
100.0 6.0 100.0 100.0 100.0 2.0
100.0 -2.0 100.0 100.0 100.0 12.0
100.0 -2.0 100.0 100.0 100.0 6.0
100.0 -2.0 100.0 100.0 100.0 6.0
100.0 -2.0 100.0 100.0 100.0 2.0
100.0 2.0 100.0 100.0 100.0 0.0
100.0 2.0 100.0 100.0 100.0 2.0
100.0 6.0 100.0 100.0 100.0 0.0
100.0 6.0 100.0 100.0 100.0 6.0
100.0 6.0 100.0 100.0 100.0 -2.0
100.0 2.0 82.0 100.0 100.0 6.0
100.0 2.0 74.0 100.0 100.0 6.0
100.0 2.0 60.0 100.0 100.0 6.0
100.0 -6.0 34.0 100.0 100.0 -2.0
100.0 -6.0 24.0 100.0 100.0 -2.0
88.0 4.0 18.0 100.0 100.0 0.0
80.0 6.0 10.0 100.0 100.0 4.0
32.0 6.0 10.0 100.0 94.0 0.0
32.0 6.0 12.0 100.0 90.0 0.0
26.0 6.0 12.0 100.0 76.0 0.0
22.0 2.0 6.0 100.0 70.0 8.0
22.0 8.0 -2.0 100.0 64.0 8.0
22.0 8.0 -2.0 100.0 64.0 8.0
16.0 8.0 -2.0 100.0 54.0 8.0
16.0 6.0 -2.0 100.0 54.0 -2.0
16.0 6.0 -2.0 100.0 48.0 8.0
22.0 6.0 -2.0 100.0 46.0 8.0
16.0 6.0 -2.0 100.0 40.0 8.0
20.0 8.0 -2.0 94.0 40.0 2.0
16.0 6.0 -2.0 90.0 36.0 2.0
14.0 6.0 -2.0 90.0 26.0 8.0
14.0 0.0 -2.0 88.0 26.0 8.0
10.0 6.0 -4.0 82.0 38.0 4.0
10.0 8.0 -8.0 82.0 38.0 4.0
10.0 8.0 -10.0 80.0 32.0 2.0
8.0 8.0 -8.0 80.0 26.0 -2.0
10.0 4.0 -2.0 64.0 20.0 -2.0
8.0 4.0 -2.0 64.0 20.0 2.0
14.0 4.0 -8.0 68.0 24.0 2.0
8.0 4.0 -12.0 70.0 24.0 4.0
14.0 2.0 -12.0 72.0 24.0 4.0
8.0 2.0 -10.0 72.0 20.0 6.0
12.0 2.0 -8.0 66.0 20.0 4.0
6.0 4.0 -6.0 62.0 16.0 8.0
12.0 4.0 -2.0 66.0 16.0 0.0
4.0 2.0 0.0 62.0 16.0 0.0
4.0 2.0 0.0 52.0 18.0 -2.0
4.0 4.0 -12.0 52.0 18.0 0.0
2.0 4.0 -12.0 52.0 18.0 2.0
6.0 0.0 -6.0 56.0 14.0 4.0
2.0 -4.0 -6.0 54.0 14.0 4.0
6.0 0.0 -6.0 54.0 14.0 8.0
6.0 -4.0 -8.0 54.0 18.0 4.0
6.0 6.0 -4.0 56.0 14.0 4.0
8.0 2.0 -8.0 56.0 14.0 4.0
4.0 2.0 -4.0 48.0 12.0 4.0
4.0 -4.0 -8.0 42.0 12.0 10.0
4.0 -4.0 -8.0 42.0 12.0 10.0
6.0 4.0 -10.0 42.0 12.0 10.0
6.0 4.0 -14.0 40.0 12.0 12.0
6.0 4.0 -14.0 40.0 14.0 12.0
4.0 4.0 -6.0 44.0 14.0 6.0
2.0 8.0 -6.0 48.0 14.0 2.0
-2.0 8.0 -6.0 48.0 14.0 0.0
2.0 6.0 -4.0 44.0 14.0 0.0
0.0 2.0 -4.0 44.0 12.0 10.0
0.0 6.0 -10.0 46.0 0.0 10.0
0.0 -2.0 -10.0 48.0 6.0 10.0
0.0 0.0 -8.0 48.0 0.0 10.0
0.0 0.0 -8.0 48.0 0.0 10.0
0.0 0.0 4.0 44.0 0.0 10.0
0.0 4.0 -4.0 44.0 4.0 6.0
0.0 4.0 -4.0 44.0 6.0 4.0
6.0 4.0 -4.0 44.0 6.0 6.0
8.0 2.0 -10.0 44.0 6.0 4.0
6.0 2.0 -10.0 44.0 10.0 6.0
-2.0 2.0 -10.0 44.0 2.0 2.0
-2.0 2.0 -8.0 46.0 12.0 8.0
-2.0 0.0 -8.0 40.0 6.0 8.0
-4.0 0.0 -8.0 46.0 6.0 10.0
-6.0 6.0 -12.0 42.0 6.0 10.0
-6.0 6.0 -16.0 46.0 0.0 8.0
-4.0 6.0 -20.0 42.0 0.0 8.0
-4.0 8.0 -20.0 48.0 10.0 8.0
-4.0 8.0 -8.0 42.0 10.0 8.0
-4.0 8.0 -8.0 42.0 8.0 10.0
-4.0 6.0 -12.0 40.0 0.0 10.0
-4.0 6.0 -12.0 40.0 8.0 6.0
-8.0 2.0 -10.0 40.0 8.0 6.0
-8.0 2.0 -10.0 46.0 8.0 6.0
-4.0 2.0 -10.0 46.0 4.0 6.0
-4.0 4.0 -10.0 46.0 2.0 6.0
0.0 4.0 -10.0 48.0 2.0 4.0
-4.0 0.0 -10.0 46.0 2.0 4.0
-4.0 -2.0 -20.0 36.0 2.0 4.0
-10.0 0.0 -20.0 36.0 2.0 6.0
-10.0 10.0 -8.0 38.0 2.0 6.0
-10.0 10.0 -8.0 38.0 2.0 6.0
-10.0 2.0 -10.0 34.0 6.0 6.0
-4.0 0.0 -16.0 34.0 4.0 6.0
-4.0 0.0 -10.0 32.0 6.0 6.0
-4.0 -4.0 -6.0 40.0 4.0 6.0
-4.0 -4.0 -6.0 40.0 -4.0 4.0
-2.0 6.0 -8.0 42.0 -6.0 12.0
-2.0 6.0 -8.0 40.0 -6.0 6.0
-8.0 6.0 -10.0 30.0 -8.0 8.0
-8.0 -4.0 -8.0 30.0 -4.0 8.0
-4.0 2.0 -12.0 34.0 -4.0 8.0
-2.0 -4.0 -8.0 38.0 -2.0 10.0
-2.0 2.0 -8.0 38.0 -2.0 8.0
-2.0 0.0 -4.0 38.0 -2.0 10.0
