# Target: fist
# Dominant_Vision: Open Hand
-46.0 2.0 0.0 0.0 0.0 0.0
-46.0 2.0 0.0 0.0 -2.0 0.0
-50.0 2.0 -8.0 -2.0 -2.0 2.0
-48.0 2.0 -8.0 -4.0 0.0 2.0
-48.0 -2.0 2.0 -4.0 0.0 2.0
-48.0 4.0 2.0 -6.0 0.0 0.0
-48.0 4.0 -6.0 4.0 -6.0 0.0
-46.0 4.0 -6.0 -6.0 2.0 -2.0
-52.0 2.0 -6.0 2.0 -4.0 2.0
-46.0 2.0 -6.0 -2.0 0.0 -2.0
-44.0 2.0 -6.0 -2.0 0.0 4.0
-44.0 2.0 -6.0 -2.0 4.0 -2.0
-42.0 2.0 -6.0 2.0 4.0 4.0
-40.0 -2.0 0.0 2.0 4.0 8.0
-40.0 2.0 0.0 2.0 4.0 8.0
-38.0 -4.0 2.0 8.0 6.0 6.0
-36.0 -2.0 2.0 8.0 12.0 2.0
-36.0 -2.0 6.0 6.0 12.0 -2.0
-36.0 0.0 6.0 6.0 12.0 -2.0
-32.0 4.0 6.0 10.0 10.0 -4.0
-28.0 6.0 2.0 18.0 10.0 6.0
-14.0 6.0 2.0 18.0 12.0 6.0
4.0 12.0 4.0 40.0 22.0 6.0
38.0 12.0 4.0 44.0 26.0 6.0
50.0 12.0 4.0 74.0 48.0 0.0
74.0 20.0 6.0 92.0 48.0 6.0
92.0 20.0 18.0 100.0 54.0 8.0
100.0 20.0 18.0 100.0 76.0 12.0
100.0 22.0 18.0 100.0 86.0 8.0
100.0 26.0 40.0 100.0 100.0 10.0
100.0 30.0 40.0 100.0 100.0 4.0
100.0 36.0 50.0 100.0 100.0 10.0
100.0 60.0 100.0 100.0 100.0 4.0
100.0 60.0 100.0 100.0 100.0 16.0
100.0 58.0 100.0 100.0 100.0 16.0
100.0 56.0 100.0 100.0 100.0 18.0
100.0 58.0 100.0 100.0 100.0 18.0
100.0 66.0 100.0 100.0 100.0 20.0
100.0 66.0 100.0 100.0 100.0 22.0
100.0 82.0 100.0 100.0 100.0 22.0
100.0 82.0 100.0 100.0 100.0 20.0
100.0 76.0 100.0 100.0 100.0 20.0
100.0 68.0 100.0 100.0 100.0 20.0
100.0 56.0 100.0 100.0 100.0 20.0
100.0 56.0 100.0 100.0 100.0 14.0
100.0 56.0 100.0 100.0 100.0 14.0
100.0 56.0 100.0 100.0 100.0 20.0
100.0 64.0 100.0 100.0 100.0 20.0
100.0 64.0 100.0 100.0 100.0 18.0
100.0 56.0 100.0 100.0 100.0 18.0
100.0 56.0 100.0 100.0 100.0 22.0
100.0 64.0 100.0 100.0 100.0 22.0
100.0 66.0 100.0 100.0 100.0 26.0
100.0 72.0 100.0 100.0 100.0 30.0
100.0 72.0 100.0 100.0 100.0 32.0
100.0 66.0 100.0 100.0 100.0 32.0
100.0 62.0 100.0 100.0 100.0 28.0
100.0 64.0 100.0 100.0 100.0 28.0
100.0 64.0 100.0 100.0 100.0 28.0
100.0 64.0 100.0 100.0 100.0 30.0
100.0 62.0 100.0 100.0 100.0 32.0
100.0 60.0 100.0 100.0 100.0 34.0
100.0 58.0 100.0 100.0 100.0 32.0
100.0 58.0 100.0 100.0 100.0 34.0
100.0 66.0 100.0 100.0 100.0 32.0
100.0 72.0 100.0 100.0 100.0 34.0
100.0 66.0 100.0 100.0 100.0 32.0
100.0 68.0 100.0 100.0 100.0 32.0
100.0 60.0 100.0 100.0 100.0 32.0
100.0 66.0 100.0 100.0 100.0 32.0
100.0 66.0 100.0 100.0 100.0 32.0
100.0 70.0 100.0 100.0 100.0 30.0
100.0 70.0 100.0 100.0 100.0 30.0
100.0 74.0 100.0 100.0 100.0 26.0
100.0 76.0 100.0 100.0 100.0 28.0
100.0 76.0 100.0 100.0 100.0 26.0
100.0 74.0 100.0 100.0 100.0 22.0
100.0 66.0 100.0 100.0 100.0 22.0
100.0 68.0 100.0 100.0 100.0 22.0
100.0 62.0 100.0 100.0 100.0 20.0
100.0 62.0 100.0 100.0 100.0 20.0
100.0 62.0 100.0 100.0 100.0 20.0
100.0 56.0 100.0 100.0 100.0 22.0
100.0 56.0 100.0 100.0 100.0 16.0
100.0 50.0 100.0 100.0 100.0 14.0
100.0 58.0 100.0 100.0 100.0 14.0
100.0 50.0 100.0 100.0 100.0 14.0
100.0 44.0 100.0 100.0 100.0 8.0
100.0 42.0 100.0 100.0 100.0 2.0
100.0 28.0 100.0 100.0 100.0 0.0
100.0 16.0 100.0 100.0 100.0 -2.0
100.0 16.0 100.0 100.0 100.0 -6.0
100.0 16.0 100.0 100.0 100.0 -8.0
100.0 6.0 100.0 100.0 100.0 -8.0
100.0 6.0 100.0 100.0 100.0 -8.0
100.0 4.0 100.0 100.0 100.0 -8.0
100.0 0.0 100.0 100.0 100.0 -8.0
100.0 0.0 100.0 100.0 100.0 -12.0
100.0 0.0 100.0 100.0 100.0 -16.0
100.0 0.0 100.0 100.0 100.0 -14.0
100.0 -2.0 100.0 100.0 100.0 -14.0
100.0 -10.0 98.0 100.0 100.0 -14.0
100.0 -6.0 72.0 100.0 100.0 -10.0
100.0 -10.0 66.0 100.0 100.0 -10.0
100.0 -6.0 62.0 100.0 94.0 -8.0
100.0 -6.0 60.0 100.0 74.0 -8.0
100.0 -6.0 56.0 100.0 74.0 -8.0
100.0 -2.0 56.0 100.0 72.0 -8.0
100.0 0.0 46.0 100.0 72.0 -4.0
100.0 0.0 46.0 100.0 72.0 -4.0
100.0 -6.0 46.0 100.0 72.0 -4.0
100.0 -6.0 46.0 100.0 64.0 -6.0
100.0 -2.0 44.0 100.0 64.0 -12.0
100.0 6.0 34.0 100.0 52.0 -6.0
100.0 -2.0 32.0 100.0 52.0 -8.0
100.0 2.0 32.0 100.0 56.0 -8.0
100.0 2.0 30.0 100.0 60.0 -8.0
100.0 2.0 32.0 100.0 60.0 -10.0
100.0 10.0 32.0 100.0 54.0 -8.0
100.0 10.0 32.0 100.0 46.0 -6.0
100.0 -6.0 34.0 100.0 44.0 -2.0
100.0 -6.0 32.0 100.0 44.0 -2.0
100.0 -4.0 38.0 100.0 42.0 -2.0
100.0 -4.0 30.0 100.0 46.0 -6.0
100.0 -4.0 30.0 100.0 46.0 -10.0
100.0 -6.0 30.0 100.0 46.0 -8.0
100.0 -8.0 32.0 100.0 48.0 -10.0
98.0 -8.0 32.0 100.0 48.0 -8.0
100.0 -4.0 32.0 100.0 48.0 -10.0
100.0 -4.0 34.0 100.0 40.0 -6.0
100.0 -4.0 34.0 100.0 38.0 -4.0
100.0 -4.0 34.0 100.0 38.0 -4.0
100.0 2.0 38.0 100.0 32.0 -4.0
96.0 -12.0 30.0 100.0 32.0 -4.0
96.0 -4.0 38.0 100.0 40.0 -8.0
100.0 -4.0 30.0 100.0 40.0 0.0
100.0 0.0 36.0 100.0 40.0 -2.0
98.0 4.0 36.0 100.0 42.0 0.0
98.0 2.0 36.0 100.0 42.0 -2.0
100.0 2.0 36.0 100.0 42.0 -8.0
100.0 0.0 36.0 100.0 42.0 -8.0
100.0 0.0 28.0 100.0 40.0 -6.0
100.0 0.0 24.0 100.0 40.0 -6.0
100.0 -2.0 28.0 100.0 40.0 -6.0
100.0 -8.0 28.0 100.0 36.0 -8.0
100.0 -8.0 32.0 100.0 34.0 -8.0
98.0 -4.0 32.0 100.0 34.0 -12.0
96.0 0.0 32.0 100.0 32.0 -12.0
98.0 0.0 18.0 100.0 36.0 -8.0
98.0 2.0 18.0 100.0 36.0 -8.0
98.0 2.0 22.0 100.0 36.0 -8.0
98.0 -6.0 24.0 100.0 36.0 -4.0
98.0 -6.0 24.0 100.0 30.0 -8.0
98.0 -6.0 30.0 100.0 30.0 -10.0
98.0 -2.0 22.0 100.0 30.0 -10.0
98.0 -6.0 22.0 100.0 30.0 -2.0
98.0 -8.0 18.0 100.0 30.0 -2.0
100.0 -8.0 22.0 100.0 30.0 -6.0
100.0 -6.0 32.0 100.0 24.0 -6.0
98.0 -2.0 32.0 100.0 22.0 0.0
96.0 -6.0 22.0 100.0 24.0 0.0
96.0 -2.0 22.0 100.0 32.0 -4.0
96.0 -4.0 26.0 100.0 32.0 -8.0
96.0 0.0 26.0 100.0 30.0 -8.0
96.0 -2.0 26.0 100.0 26.0 -8.0
94.0 -2.0 22.0 100.0 26.0 -8.0
88.0 -2.0 22.0 100.0 26.0 -8.0
88.0 -6.0 18.0 100.0 28.0 -6.0
98.0 -4.0 18.0 100.0 30.0 -6.0
98.0 -4.0 18.0 100.0 30.0 -6.0
92.0 -4.0 18.0 100.0 28.0 -6.0
92.0 -4.0 18.0 100.0 28.0 -6.0
94.0 -4.0 20.0 100.0 28.0 -10.0
96.0 -4.0 20.0 100.0 24.0 -4.0
96.0 4.0 26.0 100.0 24.0 -8.0
94.0 -4.0 26.0 100.0 24.0 -8.0
94.0 -10.0 20.0 100.0 18.0 -8.0
94.0 -10.0 20.0 100.0 18.0 4.0
92.0 -10.0 16.0 100.0 22.0 4.0
88.0 -8.0 20.0 100.0 22.0 -8.0
92.0 -10.0 20.0 100.0 24.0 -8.0
84.0 -8.0 26.0 100.0 24.0 -8.0
92.0 -4.0 26.0 100.0 24.0 -8.0
86.0 -4.0 22.0 100.0 16.0 -8.0
92.0 -6.0 22.0 100.0 16.0 -8.0
90.0 -8.0 26.0 100.0 24.0 -8.0
90.0 -8.0 26.0 100.0 24.0 -8.0
84.0 -16.0 26.0 100.0 22.0 -6.0
84.0 -18.0 30.0 100.0 20.0 -4.0
84.0 -16.0 30.0 100.0 20.0 -2.0
84.0 -18.0 22.0 100.0 16.0 -2.0
92.0 -18.0 22.0 100.0 16.0 -6.0
92.0 -18.0 22.0 100.0 14.0 -6.0
94.0 -18.0 26.0 100.0 14.0 -6.0
92.0 -18.0 24.0 100.0 12.0 -12.0
90.0 -26.0 26.0 100.0 16.0 -6.0
90.0 -32.0 24.0 100.0 16.0 -8.0
100.0 -38.0 26.0 100.0 18.0 -8.0
100.0 -32.0 30.0 100.0 18.0 -8.0
100.0 -38.0 30.0 100.0 16.0 0.0
100.0 -38.0 32.0 100.0 16.0 0.0
100.0 -42.0 30.0 100.0 16.0 0.0
100.0 -52.0 30.0 100.0 16.0 0.0
100.0 -62.0 30.0 100.0 16.0 0.0
100.0 -64.0 28.0 100.0 20.0 0.0
100.0 -64.0 26.0 100.0 20.0 -10.0
100.0 -66.0 20.0 100.0 18.0 -2.0
100.0 -66.0 22.0 100.0 16.0 -2.0
100.0 -70.0 18.0 100.0 12.0 -2.0
100.0 -70.0 22.0 100.0 10.0 4.0
100.0 -70.0 24.0 100.0 10.0 0.0
100.0 -68.0 30.0 100.0 10.0 6.0
100.0 -68.0 30.0 100.0 16.0 4.0
100.0 -68.0 30.0 100.0 20.0 12.0
100.0 -64.0 20.0 100.0 20.0 6.0
100.0 -64.0 20.0 100.0 22.0 12.0
100.0 -64.0 20.0 100.0 22.0 6.0
100.0 -66.0 26.0 100.0 22.0 12.0
100.0 -68.0 26.0 100.0 28.0 2.0
100.0 -68.0 30.0 100.0 28.0 14.0
44.0 -68.0 30.0 100.0 26.0 8.0
40.0 -68.0 30.0 100.0 26.0 8.0
34.0 -56.0 30.0 100.0 26.0 4.0
30.0 -56.0 30.0 100.0 38.0 4.0
12.0 -56.0 30.0 100.0 36.0 12.0
-4.0 -62.0 30.0 100.0 36.0 14.0
-34.0 -64.0 22.0 100.0 36.0 18.0
