# Target: fist
# Dominant_Vision: Open Hand
16.0 -4.0 2.0 2.0 0.0 8.0
16.0 -4.0 2.0 0.0 -4.0 6.0
16.0 -4.0 4.0 -12.0 -4.0 6.0
16.0 -10.0 4.0 -12.0 -4.0 6.0
18.0 -10.0 8.0 -12.0 0.0 6.0
16.0 -8.0 8.0 -6.0 0.0 -2.0
16.0 -4.0 2.0 -6.0 -2.0 6.0
12.0 -8.0 2.0 -6.0 -4.0 0.0
12.0 -10.0 2.0 -6.0 -6.0 6.0
12.0 -10.0 2.0 -12.0 -6.0 6.0
16.0 -10.0 2.0 -12.0 -10.0 6.0
16.0 -8.0 4.0 -12.0 -6.0 10.0
16.0 -4.0 4.0 -12.0 -2.0 2.0
12.0 -4.0 0.0 -12.0 -2.0 6.0
12.0 -4.0 -4.0 -12.0 -4.0 6.0
4.0 -14.0 -4.0 -12.0 -4.0 6.0
16.0 -6.0 4.0 -12.0 -6.0 0.0
16.0 -10.0 4.0 -12.0 -6.0 0.0
16.0 -6.0 0.0 -12.0 -6.0 4.0
16.0 -10.0 0.0 -12.0 -2.0 6.0
16.0 -10.0 0.0 -12.0 0.0 4.0
16.0 -10.0 0.0 -12.0 0.0 10.0
14.0 -10.0 0.0 -12.0 0.0 2.0
20.0 -16.0 0.0 -2.0 -2.0 12.0
16.0 -16.0 -4.0 -2.0 -2.0 10.0
16.0 -16.0 -4.0 -12.0 -6.0 12.0
14.0 -10.0 -4.0 -12.0 -6.0 12.0
14.0 -10.0 -6.0 -12.0 0.0 12.0
14.0 -10.0 -6.0 -12.0 12.0 10.0
18.0 -10.0 -6.0 0.0 12.0 0.0
20.0 -10.0 -2.0 0.0 12.0 8.0
28.0 -4.0 -2.0 2.0 12.0 -4.0
28.0 -4.0 -2.0 4.0 12.0 4.0
32.0 -2.0 -2.0 4.0 12.0 4.0
32.0 -2.0 0.0 8.0 20.0 4.0
34.0 -8.0 12.0 14.0 22.0 10.0
68.0 -8.0 2.0 18.0 24.0 10.0
100.0 -6.0 6.0 30.0 38.0 12.0
100.0 0.0 6.0 42.0 46.0 12.0
100.0 0.0 20.0 74.0 46.0 12.0
100.0 -2.0 22.0 84.0 46.0 6.0
100.0 -2.0 22.0 100.0 56.0 8.0
100.0 2.0 26.0 100.0 66.0 8.0
100.0 4.0 26.0 100.0 70.0 12.0
100.0 8.0 28.0 100.0 80.0 12.0
100.0 8.0 28.0 100.0 96.0 14.0
100.0 16.0 50.0 100.0 100.0 14.0
100.0 16.0 62.0 100.0 100.0 20.0
100.0 16.0 74.0 100.0 100.0 20.0
100.0 24.0 88.0 100.0 100.0 20.0
100.0 32.0 98.0 100.0 100.0 24.0
100.0 32.0 100.0 100.0 100.0 26.0
100.0 34.0 100.0 100.0 100.0 26.0
100.0 34.0 100.0 100.0 100.0 26.0
100.0 36.0 100.0 100.0 100.0 26.0
100.0 42.0 100.0 100.0 100.0 26.0
100.0 42.0 100.0 100.0 100.0 24.0
100.0 26.0 100.0 100.0 100.0 16.0
100.0 24.0 100.0 100.0 100.0 16.0
100.0 26.0 100.0 100.0 100.0 22.0
100.0 28.0 100.0 100.0 100.0 22.0
100.0 28.0 100.0 100.0 100.0 22.0
100.0 28.0 100.0 100.0 100.0 28.0
100.0 28.0 100.0 100.0 100.0 28.0
100.0 34.0 100.0 100.0 100.0 34.0
100.0 34.0 100.0 100.0 100.0 34.0
100.0 36.0 100.0 100.0 100.0 32.0
100.0 30.0 100.0 100.0 100.0 28.0
100.0 36.0 100.0 100.0 100.0 32.0
100.0 36.0 100.0 100.0 100.0 30.0
100.0 38.0 100.0 100.0 100.0 30.0
100.0 38.0 100.0 100.0 100.0 30.0
100.0 42.0 100.0 100.0 100.0 34.0
100.0 40.0 100.0 100.0 100.0 34.0
100.0 40.0 100.0 100.0 100.0 36.0
100.0 40.0 100.0 100.0 100.0 34.0
100.0 38.0 100.0 100.0 100.0 36.0
100.0 40.0 100.0 100.0 100.0 32.0
100.0 34.0 100.0 100.0 100.0 28.0
100.0 38.0 100.0 100.0 100.0 26.0
100.0 38.0 100.0 100.0 100.0 24.0
100.0 40.0 100.0 100.0 100.0 24.0
100.0 44.0 100.0 100.0 100.0 24.0
100.0 46.0 100.0 100.0 100.0 28.0
100.0 46.0 100.0 100.0 100.0 30.0
100.0 42.0 100.0 100.0 100.0 32.0
100.0 40.0 100.0 100.0 100.0 34.0
100.0 40.0 100.0 100.0 100.0 32.0
100.0 44.0 100.0 100.0 100.0 34.0
100.0 44.0 100.0 100.0 100.0 20.0
100.0 34.0 100.0 100.0 100.0 24.0
100.0 34.0 100.0 100.0 100.0 24.0
100.0 34.0 100.0 100.0 100.0 34.0
100.0 40.0 100.0 100.0 100.0 34.0
100.0 40.0 100.0 100.0 100.0 22.0
100.0 40.0 100.0 100.0 100.0 22.0
100.0 44.0 100.0 100.0 100.0 36.0
100.0 40.0 100.0 100.0 100.0 36.0
100.0 34.0 100.0 100.0 100.0 30.0
100.0 34.0 100.0 100.0 100.0 30.0
100.0 38.0 100.0 100.0 100.0 30.0
100.0 44.0 100.0 100.0 100.0 30.0
100.0 44.0 100.0 100.0 100.0 24.0
100.0 44.0 100.0 100.0 100.0 24.0
100.0 42.0 100.0 100.0 100.0 22.0
100.0 42.0 100.0 100.0 100.0 26.0
100.0 44.0 100.0 100.0 100.0 26.0
100.0 44.0 100.0 100.0 100.0 26.0
100.0 34.0 100.0 100.0 100.0 18.0
100.0 32.0 100.0 100.0 100.0 16.0
100.0 32.0 100.0 100.0 100.0 16.0
100.0 32.0 100.0 100.0 100.0 18.0
100.0 30.0 100.0 100.0 100.0 18.0
100.0 30.0 100.0 100.0 100.0 10.0
100.0 30.0 100.0 100.0 100.0 8.0
100.0 18.0 100.0 100.0 100.0 8.0
100.0 18.0 100.0 100.0 100.0 4.0
100.0 16.0 100.0 100.0 100.0 2.0
100.0 10.0 100.0 100.0 100.0 2.0
100.0 8.0 100.0 100.0 100.0 0.0
100.0 8.0 100.0 100.0 100.0 -2.0
100.0 8.0 100.0 100.0 100.0 -2.0
100.0 8.0 100.0 100.0 100.0 -2.0
100.0 2.0 100.0 100.0 100.0 2.0
100.0 2.0 100.0 100.0 100.0 2.0
100.0 -4.0 98.0 100.0 100.0 0.0
100.0 -4.0 72.0 100.0 100.0 -4.0
100.0 -4.0 66.0 100.0 100.0 -6.0
100.0 -4.0 52.0 100.0 100.0 -6.0
100.0 -18.0 40.0 100.0 88.0 0.0
100.0 -18.0 36.0 100.0 76.0 2.0
100.0 -12.0 22.0 100.0 72.0 0.0
94.0 -10.0 22.0 100.0 64.0 4.0
90.0 -6.0 22.0 100.0 64.0 4.0
84.0 -10.0 24.0 100.0 58.0 4.0
84.0 -6.0 24.0 100.0 58.0 4.0
84.0 -10.0 24.0 100.0 58.0 -2.0
82.0 -6.0 18.0 100.0 52.0 -2.0
82.0 -10.0 18.0 100.0 46.0 0.0
82.0 -10.0 18.0 100.0 46.0 0.0
88.0 -10.0 18.0 100.0 46.0 4.0
88.0 -8.0 14.0 100.0 46.0 4.0
88.0 -6.0 14.0 100.0 46.0 4.0
88.0 -2.0 14.0 100.0 46.0 8.0
88.0 -6.0 14.0 100.0 38.0 0.0
92.0 -2.0 20.0 100.0 40.0 0.0
92.0 2.0 20.0 100.0 38.0 -4.0
92.0 2.0 18.0 100.0 40.0 0.0
90.0 0.0 14.0 100.0 42.0 2.0
86.0 -6.0 14.0 100.0 44.0 6.0
80.0 -8.0 14.0 100.0 42.0 8.0
80.0 -8.0 14.0 100.0 38.0 6.0
82.0 -2.0 12.0 100.0 38.0 6.0
82.0 -2.0 12.0 100.0 38.0 4.0
84.0 -2.0 12.0 100.0 30.0 4.0
84.0 0.0 14.0 100.0 40.0 0.0
90.0 0.0 22.0 100.0 40.0 0.0
90.0 -8.0 22.0 98.0 40.0 -4.0
92.0 -14.0 16.0 98.0 28.0 -4.0
92.0 -8.0 14.0 100.0 26.0 -4.0
90.0 -4.0 16.0 100.0 28.0 4.0
90.0 2.0 14.0 100.0 26.0 4.0
90.0 2.0 14.0 96.0 26.0 4.0
88.0 -4.0 14.0 100.0 26.0 4.0
84.0 -10.0 10.0 98.0 30.0 6.0
84.0 -8.0 10.0 98.0 30.0 10.0
84.0 -8.0 14.0 96.0 34.0 6.0
82.0 -6.0 18.0 96.0 32.0 4.0
82.0 -2.0 18.0 94.0 32.0 0.0
82.0 -2.0 16.0 94.0 32.0 0.0
82.0 -2.0 6.0 94.0 34.0 0.0
86.0 -2.0 4.0 94.0 34.0 4.0
88.0 -16.0 4.0 86.0 28.0 4.0
88.0 -8.0 4.0 86.0 28.0 4.0
80.0 -12.0 4.0 88.0 28.0 -2.0
80.0 -8.0 0.0 88.0 30.0 -2.0
78.0 -12.0 -4.0 88.0 22.0 2.0
82.0 -6.0 0.0 88.0 24.0 6.0
76.0 -12.0 10.0 88.0 22.0 6.0
82.0 -6.0 10.0 78.0 18.0 2.0
76.0 -2.0 12.0 78.0 18.0 -2.0
82.0 -2.0 10.0 78.0 24.0 2.0
80.0 -2.0 10.0 82.0 24.0 2.0
80.0 -2.0 10.0 84.0 28.0 4.0
80.0 -2.0 8.0 82.0 24.0 4.0
80.0 -2.0 10.0 80.0 24.0 4.0
82.0 -4.0 8.0 76.0 22.0 4.0
82.0 -14.0 12.0 76.0 22.0 2.0
82.0 -14.0 10.0 76.0 22.0 2.0
82.0 -4.0 10.0 78.0 22.0 -2.0
82.0 -4.0 8.0 80.0 22.0 -2.0
82.0 -6.0 8.0 78.0 22.0 2.0
82.0 -6.0 8.0 80.0 18.0 4.0
82.0 -6.0 10.0 76.0 18.0 4.0
82.0 -6.0 10.0 82.0 18.0 0.0
82.0 -4.0 10.0 74.0 18.0 -4.0
82.0 -6.0 -4.0 74.0 22.0 -4.0
84.0 -4.0 -4.0 74.0 18.0 8.0
84.0 -4.0 14.0 68.0 22.0 8.0
84.0 -4.0 14.0 62.0 24.0 6.0
84.0 2.0 10.0 52.0 24.0 6.0
80.0 2.0 10.0 60.0 16.0 6.0
82.0 -2.0 10.0 60.0 16.0 2.0
78.0 -4.0 6.0 60.0 22.0 2.0
82.0 -12.0 4.0 58.0 22.0 2.0
78.0 -12.0 4.0 56.0 22.0 4.0
82.0 -12.0 -2.0 56.0 16.0 4.0
78.0 -14.0 -8.0 56.0 16.0 4.0
82.0 -14.0 -8.0 56.0 20.0 -4.0
72.0 -8.0 8.0 68.0 20.0 -4.0
82.0 -8.0 8.0 68.0 20.0 2.0
82.0 -8.0 14.0 58.0 24.0 4.0
82.0 -10.0 10.0 54.0 24.0 6.0
72.0 -8.0 10.0 58.0 16.0 6.0
72.0 -8.0 -2.0 54.0 16.0 4.0
72.0 -8.0 -2.0 54.0 24.0 4.0
68.0 -8.0 4.0 54.0 24.0 0.0
68.0 -8.0 4.0 52.0 20.0 0.0
76.0 -4.0 6.0 52.0 20.0 0.0
78.0 -4.0 4.0 52.0 14.0 0.0
78.0 -6.0 6.0 52.0 14.0 6.0
72.0 -6.0 10.0 54.0 14.0 6.0
70.0 -6.0 10.0 54.0 14.0 4.0
72.0 -4.0 10.0 56.0 12.0 2.0
74.0 -4.0 8.0 58.0 12.0 2.0
76.0 -8.0 8.0 58.0 12.0 2.0
74.0 -8.0 6.0 56.0 12.0 2.0
78.0 -14.0 6.0 50.0 12.0 -2.0
