# Target: fist
# Dominant_Vision: Open Hand
0.0 -6.0 0.0 0.0 0.0 -4.0
-6.0 0.0 0.0 0.0 0.0 0.0
-10.0 0.0 2.0 4.0 -4.0 -4.0
-12.0 6.0 4.0 6.0 6.0 0.0
-10.0 6.0 4.0 6.0 6.0 -4.0
-8.0 6.0 2.0 8.0 6.0 -4.0
-8.0 6.0 2.0 8.0 6.0 -4.0
-8.0 2.0 -2.0 8.0 6.0 -6.0
-8.0 4.0 -2.0 8.0 6.0 -6.0
-6.0 4.0 -4.0 2.0 6.0 -6.0
-6.0 8.0 -2.0 2.0 2.0 -6.0
-6.0 8.0 2.0 2.0 2.0 -2.0
-4.0 8.0 2.0 -2.0 2.0 -6.0
-4.0 4.0 2.0 -2.0 10.0 0.0
-4.0 6.0 0.0 2.0 10.0 0.0
-8.0 6.0 0.0 6.0 4.0 0.0
-8.0 6.0 0.0 6.0 4.0 -2.0
-4.0 4.0 2.0 6.0 0.0 -2.0
-4.0 4.0 8.0 6.0 12.0 -2.0
-4.0 4.0 8.0 12.0 4.0 -4.0
4.0 4.0 4.0 6.0 6.0 -4.0
6.0 2.0 -2.0 6.0 6.0 -4.0
14.0 2.0 -2.0 6.0 6.0 -4.0
22.0 10.0 -4.0 14.0 12.0 -4.0
32.0 10.0 -4.0 14.0 14.0 -4.0
44.0 4.0 4.0 18.0 14.0 -4.0
60.0 4.0 4.0 22.0 14.0 -6.0
66.0 10.0 4.0 30.0 14.0 -10.0
88.0 10.0 2.0 48.0 14.0 -6.0
96.0 10.0 2.0 48.0 20.0 2.0
100.0 12.0 14.0 66.0 30.0 2.0
100.0 18.0 18.0 88.0 32.0 2.0
100.0 20.0 18.0 100.0 50.0 0.0
100.0 24.0 20.0 100.0 52.0 4.0
100.0 24.0 24.0 100.0 70.0 0.0
100.0 24.0 32.0 100.0 82.0 0.0
100.0 24.0 44.0 100.0 98.0 0.0
100.0 24.0 66.0 100.0 100.0 4.0
100.0 36.0 66.0 100.0 100.0 12.0
100.0 40.0 70.0 100.0 100.0 4.0
100.0 46.0 82.0 100.0 100.0 10.0
100.0 46.0 90.0 100.0 100.0 6.0
100.0 50.0 92.0 100.0 100.0 10.0
100.0 46.0 100.0 100.0 100.0 14.0
100.0 48.0 100.0 100.0 100.0 18.0
100.0 46.0 100.0 100.0 100.0 14.0
100.0 46.0 100.0 100.0 100.0 18.0
100.0 46.0 100.0 100.0 100.0 14.0
100.0 46.0 100.0 100.0 100.0 14.0
100.0 46.0 100.0 100.0 100.0 12.0
100.0 46.0 100.0 100.0 100.0 14.0
100.0 46.0 100.0 100.0 100.0 14.0
100.0 44.0 100.0 100.0 100.0 20.0
100.0 44.0 100.0 100.0 100.0 20.0
100.0 44.0 100.0 100.0 100.0 20.0
100.0 54.0 100.0 100.0 100.0 20.0
100.0 54.0 100.0 100.0 100.0 20.0
100.0 54.0 100.0 100.0 100.0 20.0
100.0 50.0 100.0 100.0 100.0 16.0
100.0 46.0 100.0 100.0 100.0 10.0
100.0 46.0 100.0 100.0 100.0 4.0
100.0 46.0 100.0 100.0 100.0 10.0
100.0 46.0 100.0 100.0 100.0 10.0
100.0 46.0 100.0 100.0 100.0 10.0
100.0 46.0 100.0 100.0 100.0 6.0
100.0 46.0 100.0 100.0 100.0 2.0
100.0 46.0 100.0 100.0 100.0 6.0
100.0 42.0 100.0 100.0 100.0 6.0
100.0 40.0 100.0 100.0 100.0 6.0
100.0 40.0 100.0 100.0 100.0 0.0
100.0 34.0 100.0 100.0 100.0 0.0
100.0 34.0 100.0 100.0 100.0 6.0
100.0 34.0 98.0 100.0 100.0 6.0
100.0 32.0 78.0 100.0 100.0 -4.0
100.0 30.0 68.0 100.0 100.0 -4.0
100.0 24.0 58.0 100.0 100.0 -4.0
100.0 14.0 44.0 100.0 90.0 -4.0
100.0 14.0 30.0 100.0 72.0 -4.0
100.0 14.0 28.0 100.0 64.0 -6.0
88.0 14.0 24.0 100.0 46.0 -2.0
70.0 2.0 22.0 100.0 38.0 -10.0
60.0 2.0 20.0 100.0 28.0 2.0
56.0 14.0 20.0 100.0 20.0 -4.0
56.0 14.0 16.0 100.0 24.0 -4.0
52.0 12.0 10.0 90.0 20.0 -4.0
52.0 12.0 6.0 90.0 20.0 -6.0
54.0 6.0 6.0 86.0 20.0 -4.0
54.0 12.0 6.0 86.0 20.0 -6.0
54.0 6.0 10.0 86.0 20.0 -8.0
44.0 12.0 10.0 80.0 20.0 -8.0
44.0 8.0 10.0 88.0 20.0 -4.0
42.0 14.0 0.0 78.0 20.0 0.0
40.0 14.0 0.0 66.0 20.0 -4.0
42.0 14.0 2.0 66.0 14.0 -10.0
46.0 14.0 4.0 66.0 14.0 -10.0
48.0 18.0 4.0 66.0 22.0 -4.0
46.0 18.0 8.0 66.0 22.0 -2.0
44.0 12.0 8.0 64.0 18.0 -2.0
40.0 10.0 10.0 60.0 12.0 -2.0
44.0 10.0 6.0 60.0 12.0 -10.0
38.0 10.0 6.0 60.0 12.0 -10.0
44.0 12.0 6.0 60.0 12.0 -6.0
44.0 12.0 6.0 64.0 14.0 -6.0
48.0 12.0 8.0 66.0 14.0 -6.0
44.0 10.0 8.0 66.0 14.0 2.0
42.0 10.0 10.0 62.0 14.0 2.0
40.0 10.0 14.0 56.0 14.0 -2.0
42.0 12.0 14.0 56.0 18.0 -2.0
46.0 12.0 -2.0 54.0 18.0 2.0
46.0 12.0 -2.0 56.0 14.0 2.0
46.0 12.0 -2.0 52.0 14.0 2.0
44.0 12.0 4.0 54.0 14.0 -2.0
42.0 18.0 -6.0 52.0 12.0 -2.0
42.0 12.0 8.0 54.0 8.0 -2.0
40.0 6.0 -6.0 62.0 8.0 -6.0
36.0 6.0 8.0 62.0 8.0 -6.0
36.0 10.0 6.0 60.0 12.0 -6.0
38.0 10.0 10.0 60.0 12.0 -2.0
40.0 14.0 10.0 60.0 12.0 0.0
42.0 16.0 10.0 52.0 12.0 -2.0
42.0 16.0 10.0 50.0 8.0 -2.0
42.0 14.0 10.0 52.0 8.0 -2.0
44.0 10.0 6.0 60.0 8.0 -2.0
40.0 14.0 2.0 60.0 12.0 0.0
42.0 10.0 0.0 56.0 12.0 0.0
38.0 10.0 2.0 56.0 12.0 2.0
36.0 6.0 4.0 56.0 10.0 2.0
36.0 10.0 10.0 64.0 14.0 2.0
36.0 6.0 12.0 64.0 12.0 0.0
36.0 4.0 12.0 58.0 14.0 -4.0
38.0 4.0 4.0 58.0 12.0 -2.0
38.0 6.0 2.0 58.0 10.0 -4.0
40.0 6.0 2.0 58.0 8.0 -2.0
40.0 4.0 6.0 56.0 10.0 -4.0
40.0 4.0 8.0 56.0 8.0 -2.0
36.0 16.0 14.0 54.0 8.0 -2.0
36.0 16.0 14.0 58.0 4.0 -2.0
40.0 12.0 8.0 54.0 4.0 -4.0
40.0 12.0 8.0 62.0 4.0 -4.0
44.0 12.0 10.0 62.0 10.0 0.0
44.0 12.0 10.0 62.0 12.0 0.0
44.0 10.0 8.0 60.0 12.0 -2.0
44.0 12.0 8.0 54.0 12.0 -2.0
38.0 10.0 8.0 54.0 6.0 -2.0
38.0 16.0 8.0 50.0 14.0 -2.0
38.0 10.0 10.0 54.0 6.0 0.0
36.0 14.0 4.0 26.0 10.0 0.0
42.0 6.0 4.0 54.0 10.0 0.0
36.0 14.0 0.0 34.0 10.0 0.0
42.0 8.0 0.0 46.0 10.0 -8.0
36.0 8.0 8.0 46.0 12.0 -4.0
42.0 6.0 8.0 46.0 12.0 -4.0
36.0 4.0 8.0 52.0 14.0 -4.0
38.0 4.0 8.0 54.0 16.0 -2.0
38.0 4.0 8.0 52.0 16.0 -6.0
40.0 4.0 8.0 44.0 16.0 -4.0
40.0 4.0 6.0 44.0 8.0 -6.0
40.0 4.0 8.0 44.0 8.0 -6.0
38.0 12.0 8.0 46.0 10.0 -6.0
36.0 12.0 8.0 46.0 10.0 -6.0
36.0 8.0 6.0 46.0 6.0 -6.0
38.0 8.0 2.0 44.0 4.0 -6.0
38.0 10.0 4.0 34.0 6.0 -4.0
42.0 10.0 2.0 34.0 4.0 -4.0
38.0 10.0 2.0 34.0 6.0 -4.0
40.0 8.0 2.0 48.0 10.0 -4.0
40.0 10.0 4.0 48.0 10.0 -8.0
40.0 8.0 4.0 48.0 10.0 -4.0
36.0 10.0 4.0 48.0 10.0 -4.0
32.0 10.0 0.0 48.0 10.0 -4.0
32.0 10.0 4.0 48.0 10.0 -2.0
42.0 14.0 0.0 48.0 10.0 -4.0
42.0 10.0 4.0 56.0 10.0 -4.0
40.0 8.0 6.0 56.0 4.0 -4.0
38.0 8.0 6.0 50.0 4.0 -4.0
40.0 8.0 6.0 50.0 4.0 -2.0
38.0 12.0 0.0 50.0 8.0 -4.0
42.0 14.0 10.0 50.0 8.0 -2.0
36.0 14.0 4.0 50.0 10.0 0.0
36.0 10.0 10.0 32.0 8.0 2.0
36.0 8.0 12.0 32.0 10.0 2.0
44.0 -2.0 12.0 48.0 10.0 -2.0
44.0 -2.0 8.0 48.0 12.0 -2.0
42.0 -2.0 2.0 50.0 12.0 2.0
42.0 10.0 4.0 50.0 10.0 2.0
42.0 -4.0 4.0 48.0 10.0 -2.0
42.0 10.0 4.0 48.0 10.0 -6.0
42.0 4.0 4.0 50.0 6.0 -2.0
38.0 6.0 0.0 54.0 6.0 -2.0
38.0 6.0 8.0 50.0 6.0 -2.0
38.0 10.0 8.0 42.0 6.0 -6.0
38.0 10.0 10.0 42.0 8.0 -6.0
40.0 8.0 10.0 46.0 6.0 0.0
36.0 8.0 4.0 46.0 12.0 0.0
40.0 8.0 4.0 44.0 4.0 0.0
40.0 10.0 8.0 30.0 12.0 0.0
40.0 6.0 8.0 28.0 14.0 -12.0
40.0 8.0 8.0 28.0 14.0 0.0
36.0 6.0 8.0 32.0 10.0 -8.0
30.0 8.0 6.0 34.0 10.0 -8.0
30.0 6.0 6.0 32.0 10.0 -8.0
40.0 8.0 10.0 32.0 8.0 -8.0
40.0 8.0 12.0 32.0 8.0 -6.0
38.0 8.0 12.0 32.0 6.0 -6.0
38.0 8.0 0.0 32.0 8.0 2.0
36.0 14.0 0.0 30.0 8.0 -2.0
38.0 12.0 8.0 30.0 8.0 -2.0
36.0 12.0 8.0 34.0 8.0 -2.0
36.0 4.0 8.0 34.0 8.0 0.0
36.0 4.0 8.0 30.0 8.0 0.0
36.0 8.0 4.0 28.0 8.0 2.0
36.0 8.0 8.0 30.0 6.0 0.0
38.0 8.0 12.0 40.0 6.0 -4.0
38.0 6.0 12.0 42.0 8.0 -4.0
38.0 6.0 8.0 40.0 8.0 -4.0
38.0 6.0 8.0 30.0 4.0 -10.0
38.0 6.0 6.0 30.0 4.0 -10.0
38.0 12.0 10.0 28.0 8.0 -10.0
36.0 2.0 4.0 28.0 8.0 -4.0
44.0 12.0 12.0 32.0 8.0 0.0
32.0 12.0 8.0 34.0 12.0 0.0
36.0 12.0 12.0 46.0 8.0 2.0
36.0 8.0 8.0 46.0 8.0 -4.0
38.0 8.0 6.0 46.0 8.0 -6.0
38.0 10.0 6.0 44.0 12.0 -6.0
38.0 12.0 12.0 44.0 16.0 -4.0
38.0 12.0 12.0 34.0 12.0 -4.0
42.0 14.0 4.0 34.0 8.0 0.0
42.0 8.0 4.0 34.0 8.0 -4.0
42.0 0.0 6.0 34.0 10.0 0.0
40.0 0.0 6.0 34.0 10.0 0.0
40.0 10.0 6.0 34.0 12.0 0.0
40.0 10.0 14.0 34.0 16.0 0.0
30.0 8.0 4.0 34.0 16.0 -4.0
30.0 6.0 2.0 32.0 10.0 -4.0
30.0 6.0 2.0 32.0 8.0 -8.0
32.0 12.0 4.0 30.0 8.0 -4.0
32.0 12.0 6.0 26.0 6.0 -10.0
